1 1.272 0.7286 0.8958
2 1.217 0.7248 0.8958
3 1.152 0.7294 0.9028
4 1.124 0.7369 0.8958
5 1.072 0.7504 0.9097
6 1.045 0.7567 0.9097
7 1.027 0.7599 0.9097
8 1.002 0.7632 0.9167
9 0.982 0.7685 0.9167
10 0.949 0.7815 0.9306
11 0.921 0.7954 0.9375
12 0.913 0.8021 0.9375
13 0.888 0.8159 0.9375
14 0.852 0.8295 0.9583
15 0.828 0.8410 0.9722
16 0.788 0.8565 0.9722
17 0.749 0.8677 0.9722
18 0.719 0.8764 0.9653
19 0.692 0.8820 0.9792
20 0.647 0.8928 0.9792
21 0.622 0.8962 0.9861
22 0.570 0.9088 0.9861
23 0.520 0.9224 0.9861
24 0.523 0.9235 0.9931
25 0.517 0.9217 0.9931
26 0.499 0.9233 0.9931
27 0.463 0.9322 0.9931
28 0.460 0.9347 0.9931
29 0.434 0.9392 1.0000
30 0.426 0.9412 1.0000
31 0.389 0.9490 1.0000
32 0.357 0.9562 1.0000
33 0.341 0.9600 1.0000
34 0.276 0.9726 1.0000
35 0.253 0.9765 1.0000
36 0.232 0.9802 1.0000
37 0.220 0.9822 1.0000
38 0.203 0.9848 1.0000
39 0.152 0.9914 1.0000
40 0.117 0.9949 1.0000
41 0.103 0.9960 1.0000
42 0.084 0.9973 1.0000
43 0.056 0.9988 1.0000
44 0.033 0.9996 1.0000
