1 3.777 0.2349 0.6957
2 3.739 0.2258 0.6957
3 3.717 0.2133 0.6848
4 3.668 0.2127 0.6848
5 3.634 0.2135 0.6848
6 3.596 0.2057 0.6848
7 3.553 0.2066 0.6957
8 3.497 0.2180 0.6957
9 3.434 0.2311 0.7065
10 3.389 0.2350 0.7174
11 3.327 0.2403 0.7174
12 3.281 0.2567 0.7174
13 3.242 0.2648 0.7283
14 3.192 0.2561 0.7391
15 3.151 0.2687 0.7391
16 3.092 0.2758 0.7500
17 3.052 0.2839 0.7500
18 3.003 0.2856 0.7500
19 2.942 0.2983 0.7609
20 2.880 0.2943 0.7609
21 2.829 0.2868 0.7609
22 2.784 0.2999 0.7500
23 2.725 0.2982 0.7609
24 2.662 0.2953 0.7609
25 2.616 0.2831 0.7609
26 2.563 0.2770 0.7717
27 2.506 0.2709 0.7609
28 2.453 0.2939 0.7609
29 2.387 0.3061 0.7826
30 2.327 0.2932 0.7826
31 2.273 0.2828 0.7717
32 2.213 0.2811 0.7717
33 2.153 0.2880 0.7717
34 2.123 0.2870 0.7717
35 2.075 0.2855 0.7717
36 2.031 0.2895 0.7717
37 1.981 0.2904 0.7826
38 1.917 0.2978 0.7826
39 1.866 0.3049 0.7935
40 1.809 0.3092 0.7826
41 1.753 0.3111 0.7935
42 1.681 0.3115 0.8152
43 1.624 0.3211 0.8152
44 1.557 0.3338 0.8370
45 1.517 0.3332 0.8587
46 1.476 0.3367 0.8587
47 1.426 0.3387 0.8587
48 1.385 0.3505 0.8696
49 1.331 0.3612 0.8804
50 1.297 0.3497 0.8804
51 1.247 0.3556 0.8804
52 1.220 0.3678 0.8696
53 1.194 0.3824 0.8804
54 1.172 0.3997 0.8804
55 1.150 0.3997 0.8913
56 1.145 0.3984 0.9130
57 1.119 0.4043 0.9130
58 1.093 0.4185 0.9239
59 1.061 0.4396 0.9130
60 1.034 0.4687 0.9130
61 1.020 0.4819 0.9130
62 0.989 0.4961 0.9239
63 0.956 0.5056 0.9130
64 0.909 0.5129 0.9239
65 0.851 0.5196 0.9348
66 0.788 0.5383 0.9565
67 0.736 0.5637 0.9674
68 0.710 0.5657 0.9674
69 0.702 0.5624 0.9674
70 0.691 0.5816 0.9783
71 0.691 0.5936 0.9783
72 0.693 0.5959 0.9783
73 0.680 0.6215 0.9783
74 0.655 0.6384 0.9891
75 0.612 0.6568 0.9891
76 0.564 0.6830 0.9891
77 0.521 0.7226 1.0000
78 0.491 0.7348 1.0000
79 0.461 0.7375 1.0000
80 0.447 0.7459 1.0000
81 0.431 0.7699 1.0000
82 0.431 0.7833 1.0000
83 0.417 0.7970 1.0000
84 0.422 0.7999 1.0000
85 0.414 0.8085 1.0000
86 0.381 0.8235 1.0000
87 0.304 0.8645 1.0000
88 0.256 0.8884 1.0000
89 0.222 0.9095 1.0000
90 0.239 0.8978 1.0000
91 0.194 0.9282 1.0000
92 0.187 0.9326 1.0000
93 0.179 0.9376 1.0000
94 0.146 0.9572 1.0000
95 0.110 0.9746 1.0000
96 0.072 0.9889 1.0000
97 0.048 0.9951 1.0000
