1 4.674 0.2412 0.5978
2 4.640 0.2414 0.5978
3 4.587 0.2485 0.6196
4 4.543 0.2528 0.6087
5 4.490 0.2466 0.6087
6 4.447 0.2402 0.6196
7 4.384 0.2333 0.6304
8 4.338 0.2276 0.6196
9 4.279 0.2180 0.6304
10 4.211 0.2130 0.6304
11 4.150 0.2094 0.6413
12 4.099 0.2071 0.6413
13 4.050 0.2123 0.6413
14 3.988 0.2285 0.6413
15 3.945 0.2256 0.6304
16 3.893 0.2249 0.6304
17 3.843 0.2139 0.6413
18 3.792 0.2041 0.6304
19 3.750 0.2030 0.6304
20 3.699 0.2063 0.6413
21 3.656 0.2042 0.6413
22 3.610 0.2050 0.6413
23 3.567 0.2142 0.6413
24 3.507 0.2172 0.6413
25 3.460 0.2321 0.6522
26 3.411 0.2427 0.6522
27 3.361 0.2501 0.6630
28 3.305 0.2702 0.6630
29 3.243 0.2766 0.6848
30 3.191 0.2771 0.6739
31 3.127 0.2712 0.6739
32 3.090 0.2665 0.6739
33 3.050 0.2585 0.6848
34 3.024 0.2572 0.6957
35 2.981 0.2627 0.7065
36 2.945 0.2644 0.7174
37 2.893 0.2694 0.7174
38 2.862 0.2754 0.7174
39 2.824 0.2768 0.7174
40 2.772 0.2814 0.7391
41 2.708 0.2774 0.7500
42 2.644 0.2821 0.7500
43 2.600 0.2790 0.7500
44 2.560 0.2755 0.7609
45 2.524 0.2771 0.7717
46 2.493 0.2859 0.7609
47 2.466 0.2962 0.7935
48 2.402 0.3023 0.7935
49 2.354 0.3060 0.7935
50 2.304 0.3029 0.7826
51 2.255 0.3018 0.8043
52 2.213 0.3001 0.7935
53 2.187 0.3127 0.7826
54 2.148 0.3275 0.7935
55 2.114 0.3084 0.7826
56 2.065 0.3035 0.7826
57 2.010 0.3064 0.7826
58 1.963 0.3048 0.8043
59 1.921 0.3315 0.8043
60 1.854 0.3186 0.8043
61 1.813 0.3192 0.8152
62 1.767 0.3269 0.8152
63 1.715 0.3343 0.8261
64 1.685 0.3390 0.8152
65 1.621 0.3478 0.8370
66 1.549 0.3601 0.8587
67 1.481 0.3606 0.8587
68 1.428 0.3767 0.8587
69 1.371 0.3754 0.8696
70 1.323 0.3891 0.8696
71 1.269 0.3959 0.8804
72 1.208 0.4155 0.8913
73 1.161 0.4384 0.9022
74 1.101 0.4580 0.9022
75 1.027 0.4733 0.9239
76 0.967 0.4895 0.9239
77 0.929 0.5019 0.9348
78 0.875 0.5231 0.9457
79 0.823 0.5397 0.9674
80 0.797 0.5488 0.9565
81 0.763 0.5764 0.9565
82 0.740 0.5817 0.9565
83 0.709 0.5949 0.9674
84 0.677 0.5970 0.9674
85 0.645 0.5996 0.9891
86 0.615 0.6107 0.9891
87 0.598 0.6146 0.9891
88 0.594 0.6107 1.0000
89 0.585 0.6218 1.0000
90 0.595 0.6150 1.0000
91 0.598 0.6102 1.0000
92 0.584 0.6369 1.0000
93 0.552 0.6723 1.0000
94 0.496 0.7060 1.0000
95 0.429 0.7620 1.0000
96 0.377 0.7919 1.0000
97 0.337 0.8172 1.0000
98 0.307 0.8456 1.0000
99 0.304 0.8566 1.0000
100 0.318 0.8401 1.0000
101 0.326 0.8225 1.0000
102 0.333 0.8215 1.0000
103 0.306 0.8447 1.0000
104 0.249 0.8892 1.0000
105 0.183 0.9353 1.0000
106 0.168 0.9450 1.0000
107 0.156 0.9517 1.0000
108 0.127 0.9674 1.0000
109 0.085 0.9848 1.0000
110 0.065 0.9910 1.0000
111 0.031 0.9979 1.0000
