1 1.249 0.6016 0.8629
2 1.217 0.6076 0.8548
3 1.147 0.6389 0.8710
4 1.094 0.6663 0.9032
5 1.017 0.6970 0.9194
6 0.963 0.7268 0.9274
7 0.914 0.7535 0.9516
8 0.873 0.7680 0.9597
9 0.820 0.7917 0.9597
10 0.749 0.8175 0.9677
11 0.689 0.8319 0.9758
12 0.624 0.8478 0.9839
13 0.578 0.8596 0.9919
14 0.536 0.8725 1.0000
15 0.517 0.8802 1.0000
16 0.491 0.8920 1.0000
17 0.452 0.9052 1.0000
18 0.399 0.9215 1.0000
19 0.346 0.9381 1.0000
20 0.323 0.9465 1.0000
21 0.325 0.9472 1.0000
22 0.328 0.9466 1.0000
23 0.291 0.9572 1.0000
24 0.270 0.9632 1.0000
25 0.269 0.9644 1.0000
26 0.241 0.9701 1.0000
27 0.187 0.9808 1.0000
28 0.142 0.9887 1.0000
29 0.144 0.9884 1.0000
30 0.099 0.9944 1.0000
31 0.079 0.9964 1.0000
32 0.050 0.9986 1.0000
33 0.025 0.9996 1.0000
