1 4.709 0.3376 0.6029
2 4.687 0.3339 0.5956
3 4.655 0.3306 0.5956
4 4.632 0.3274 0.5882
5 4.605 0.3290 0.5882
6 4.554 0.3299 0.5956
7 4.513 0.3310 0.5956
8 4.466 0.3307 0.5956
9 4.430 0.3296 0.6029
10 4.391 0.3252 0.6029
11 4.350 0.3226 0.5956
12 4.311 0.3249 0.6029
13 4.264 0.3259 0.6103
14 4.217 0.3318 0.5956
15 4.172 0.3381 0.6029
16 4.128 0.3409 0.6250
17 4.082 0.3464 0.6250
18 4.035 0.3521 0.6250
19 3.988 0.3553 0.6397
20 3.927 0.3588 0.6397
21 3.871 0.3577 0.6324
22 3.821 0.3586 0.6324
23 3.774 0.3549 0.6471
24 3.730 0.3521 0.6397
25 3.686 0.3505 0.6250
26 3.635 0.3540 0.6324
27 3.591 0.3604 0.6250
28 3.553 0.3661 0.6250
29 3.506 0.3723 0.6324
30 3.452 0.3778 0.6324
31 3.406 0.3784 0.6250
32 3.360 0.3791 0.6397
33 3.316 0.3816 0.6471
34 3.263 0.3818 0.6544
35 3.219 0.3812 0.6544
36 3.177 0.3804 0.6618
37 3.130 0.3781 0.6838
38 3.091 0.3747 0.6838
39 3.048 0.3729 0.6838
40 2.992 0.3724 0.6838
41 2.949 0.3741 0.6765
42 2.903 0.3706 0.6765
43 2.860 0.3708 0.6838
44 2.827 0.3724 0.6765
45 2.793 0.3773 0.6912
46 2.756 0.3846 0.6985
47 2.724 0.3895 0.6765
48 2.677 0.4014 0.6838
49 2.623 0.4145 0.6985
50 2.585 0.4170 0.7059
51 2.544 0.4213 0.7132
52 2.486 0.4286 0.7206
53 2.438 0.4355 0.7132
54 2.372 0.4442 0.7206
55 2.326 0.4494 0.7353
56 2.271 0.4548 0.7426
57 2.217 0.4567 0.7500
58 2.174 0.4636 0.7500
59 2.141 0.4682 0.7500
60 2.104 0.4724 0.7647
61 2.071 0.4790 0.7721
62 2.031 0.4846 0.7794
63 1.996 0.4952 0.7794
64 1.967 0.5065 0.7794
65 1.913 0.5184 0.7794
66 1.867 0.5243 0.7721
67 1.825 0.5351 0.7721
68 1.770 0.5398 0.7941
69 1.729 0.5456 0.8088
70 1.680 0.5506 0.8088
71 1.628 0.5559 0.8088
72 1.575 0.5623 0.8162
73 1.518 0.5753 0.8235
74 1.474 0.5827 0.8309
75 1.420 0.5972 0.8309
76 1.360 0.6134 0.8309
77 1.299 0.6329 0.8456
78 1.239 0.6545 0.8456
79 1.175 0.6785 0.8676
80 1.112 0.7011 0.8971
81 1.043 0.7234 0.9118
82 0.995 0.7361 0.9338
83 0.938 0.7514 0.9338
84 0.903 0.7628 0.9412
85 0.875 0.7742 0.9412
86 0.848 0.7848 0.9412
87 0.821 0.7952 0.9559
88 0.810 0.7974 0.9632
89 0.796 0.8019 0.9706
90 0.781 0.8074 0.9706
91 0.754 0.8193 0.9779
92 0.733 0.8300 0.9779
93 0.700 0.8447 0.9706
94 0.663 0.8577 0.9706
95 0.608 0.8759 0.9853
96 0.567 0.8897 0.9926
97 0.530 0.9007 0.9926
98 0.502 0.9083 0.9926
99 0.487 0.9113 1.0000
100 0.476 0.9136 1.0000
101 0.445 0.9238 1.0000
102 0.404 0.9368 1.0000
103 0.357 0.9491 1.0000
104 0.327 0.9561 1.0000
105 0.333 0.9550 1.0000
106 0.346 0.9515 1.0000
107 0.334 0.9547 1.0000
108 0.279 0.9678 1.0000
109 0.237 0.9766 1.0000
110 0.220 0.9793 1.0000
111 0.222 0.9792 1.0000
112 0.205 0.9822 1.0000
113 0.182 0.9858 1.0000
114 0.177 0.9866 1.0000
115 0.111 0.9947 1.0000
116 0.092 0.9963 1.0000
117 0.057 0.9986 1.0000
