1 4.964 0.4235 0.6250
2 4.922 0.4295 0.6328
3 4.860 0.4295 0.6484
4 4.809 0.4195 0.6406
5 4.755 0.4071 0.6328
6 4.704 0.3964 0.6172
7 4.653 0.3860 0.6250
8 4.600 0.3790 0.6172
9 4.551 0.3739 0.6172
10 4.515 0.3699 0.6016
11 4.471 0.3676 0.6016
12 4.431 0.3659 0.6094
13 4.399 0.3642 0.6016
14 4.354 0.3623 0.6016
15 4.320 0.3580 0.6094
16 4.276 0.3543 0.6094
17 4.248 0.3519 0.6016
18 4.192 0.3485 0.6094
19 4.132 0.3498 0.6094
20 4.090 0.3476 0.6094
21 4.056 0.3432 0.6172
22 4.017 0.3380 0.6172
23 3.977 0.3389 0.6250
24 3.921 0.3331 0.6172
25 3.872 0.3301 0.6172
26 3.824 0.3264 0.6172
27 3.768 0.3249 0.6250
28 3.710 0.3291 0.6250
29 3.655 0.3289 0.6250
30 3.609 0.3325 0.6250
31 3.573 0.3312 0.6328
32 3.547 0.3301 0.6484
33 3.494 0.3372 0.6563
34 3.433 0.3447 0.6563
35 3.377 0.3545 0.6719
36 3.323 0.3597 0.6719
37 3.279 0.3598 0.6719
38 3.240 0.3597 0.6719
39 3.203 0.3622 0.6719
40 3.151 0.3656 0.6719
41 3.094 0.3743 0.6797
42 3.050 0.3830 0.6875
43 2.993 0.3901 0.7031
44 2.936 0.3942 0.7031
45 2.887 0.4063 0.7109
46 2.847 0.4174 0.7109
47 2.805 0.4283 0.7266
48 2.772 0.4359 0.7344
49 2.717 0.4433 0.7422
50 2.667 0.4477 0.7500
51 2.610 0.4542 0.7578
52 2.552 0.4655 0.7734
53 2.495 0.4765 0.7891
54 2.447 0.4832 0.7734
55 2.403 0.4924 0.7813
56 2.370 0.4982 0.7891
57 2.339 0.4974 0.7891
58 2.297 0.4994 0.7891
59 2.255 0.5020 0.7969
60 2.208 0.5084 0.7891
61 2.155 0.5144 0.7969
62 2.110 0.5199 0.7969
63 2.062 0.5288 0.8047
64 2.000 0.5388 0.8047
65 1.947 0.5492 0.8047
66 1.900 0.5534 0.7891
67 1.845 0.5628 0.8047
68 1.798 0.5719 0.8047
69 1.735 0.5791 0.8125
70 1.679 0.5831 0.8281
71 1.650 0.5851 0.8438
72 1.599 0.5920 0.8438
73 1.562 0.5996 0.8516
74 1.527 0.6088 0.8516
75 1.471 0.6159 0.8516
76 1.431 0.6274 0.8594
77 1.364 0.6432 0.8750
78 1.306 0.6609 0.8906
79 1.268 0.6775 0.8984
80 1.210 0.7012 0.9141
81 1.155 0.7244 0.9297
82 1.094 0.7487 0.9375
83 1.047 0.7685 0.9453
84 1.004 0.7919 0.9531
85 0.966 0.8061 0.9531
86 0.923 0.8162 0.9531
87 0.894 0.8171 0.9688
88 0.863 0.8137 0.9688
89 0.844 0.8135 0.9688
90 0.822 0.8166 0.9688
91 0.795 0.8256 0.9844
92 0.736 0.8346 0.9766
93 0.695 0.8413 0.9844
94 0.670 0.8447 0.9844
95 0.643 0.8465 0.9922
96 0.631 0.8505 0.9844
97 0.624 0.8559 0.9844
98 0.608 0.8675 0.9844
99 0.589 0.8720 0.9844
100 0.585 0.8734 0.9844
101 0.595 0.8719 0.9844
102 0.576 0.8781 0.9844
103 0.550 0.8868 0.9844
104 0.549 0.8850 0.9922
105 0.546 0.8835 0.9922
106 0.531 0.8874 0.9922
107 0.498 0.8980 0.9922
108 0.473 0.9124 0.9922
109 0.450 0.9227 0.9922
110 0.455 0.9246 0.9922
111 0.444 0.9254 0.9844
112 0.438 0.9246 0.9922
113 0.439 0.9223 0.9922
114 0.431 0.9232 1.0000
115 0.399 0.9298 1.0000
116 0.359 0.9404 1.0000
117 0.334 0.9481 1.0000
118 0.301 0.9577 1.0000
119 0.263 0.9670 1.0000
120 0.234 0.9737 1.0000
121 0.210 0.9783 1.0000
122 0.209 0.9783 1.0000
123 0.222 0.9757 1.0000
124 0.196 0.9807 1.0000
125 0.162 0.9868 1.0000
126 0.145 0.9896 1.0000
127 0.108 0.9941 1.0000
128 0.084 0.9964 1.0000
129 0.051 0.9987 1.0000
