1 5.151 0.1979 0.6310
2 5.130 0.1988 0.6429
3 5.087 0.1990 0.6310
4 5.065 0.1917 0.6310
5 5.020 0.1972 0.6190
6 4.978 0.2357 0.6429
7 4.931 0.2719 0.6548
8 4.892 0.2501 0.6429
9 4.832 0.2380 0.6429
10 4.794 0.2289 0.6429
11 4.753 0.2176 0.6548
12 4.709 0.2030 0.6548
13 4.650 0.1895 0.6548
14 4.593 0.1946 0.6429
15 4.563 0.1932 0.6310
16 4.521 0.1879 0.6190
17 4.476 0.1876 0.6190
18 4.434 0.1861 0.6310
19 4.393 0.1866 0.6190
20 4.340 0.1799 0.6310
21 4.281 0.1715 0.6429
22 4.240 0.1721 0.6429
23 4.197 0.1655 0.6429
24 4.146 0.1718 0.6429
25 4.099 0.1775 0.6429
26 4.050 0.1776 0.6548
27 3.995 0.1781 0.6429
28 3.949 0.1809 0.6548
29 3.873 0.1832 0.6786
30 3.815 0.1853 0.6905
31 3.764 0.2057 0.6905
32 3.719 0.2343 0.7024
33 3.679 0.2314 0.7024
34 3.627 0.2283 0.7024
35 3.573 0.2280 0.7024
36 3.540 0.2341 0.7143
37 3.502 0.2335 0.7143
38 3.456 0.2237 0.7143
39 3.400 0.2156 0.7262
40 3.356 0.2170 0.7262
41 3.299 0.1939 0.7143
42 3.253 0.1938 0.7143
43 3.201 0.1989 0.7262
44 3.138 0.2026 0.7381
45 3.079 0.2034 0.7262
46 3.031 0.2043 0.7262
47 2.983 0.1961 0.7381
48 2.918 0.2013 0.7262
49 2.869 0.2074 0.7381
50 2.819 0.2131 0.7381
51 2.769 0.2215 0.7500
52 2.735 0.2358 0.7619
53 2.679 0.2395 0.7500
54 2.654 0.2372 0.7619
55 2.628 0.2338 0.7738
56 2.577 0.2446 0.7857
57 2.538 0.2563 0.7857
58 2.487 0.2508 0.7857
59 2.429 0.2480 0.7976
60 2.391 0.2334 0.7857
61 2.349 0.2175 0.7857
62 2.305 0.2035 0.8095
63 2.261 0.2204 0.8095
64 2.200 0.2291 0.8214
65 2.162 0.2286 0.8214
66 2.121 0.2450 0.8214
67 2.052 0.2574 0.8452
68 1.993 0.2546 0.8571
69 1.928 0.2535 0.8571
70 1.858 0.2541 0.8571
71 1.794 0.2582 0.8690
72 1.741 0.2636 0.8810
73 1.685 0.2774 0.8810
74 1.643 0.2915 0.8810
75 1.605 0.3141 0.8810
76 1.553 0.3402 0.8810
77 1.493 0.3478 0.8929
78 1.447 0.3432 0.8929
79 1.397 0.3308 0.8929
80 1.332 0.3307 0.9048
81 1.273 0.3235 0.8929
82 1.205 0.3267 0.8929
83 1.143 0.3167 0.9167
84 1.065 0.3259 0.9286
85 1.000 0.3312 0.9286
86 0.938 0.3516 0.9405
87 0.891 0.3601 0.9405
88 0.847 0.3944 0.9524
89 0.789 0.4221 0.9643
90 0.754 0.4431 0.9762
91 0.730 0.4590 0.9643
92 0.710 0.4764 0.9643
93 0.668 0.5013 0.9762
94 0.644 0.5264 0.9762
95 0.603 0.5568 0.9881
96 0.553 0.5855 0.9881
97 0.523 0.6018 0.9881
98 0.491 0.6282 1.0000
99 0.473 0.6254 1.0000
100 0.494 0.5939 1.0000
101 0.531 0.5587 1.0000
102 0.545 0.5414 1.0000
103 0.541 0.5549 1.0000
104 0.541 0.5720 1.0000
105 0.521 0.5960 0.9881
106 0.466 0.6479 0.9881
107 0.421 0.6787 1.0000
108 0.384 0.6935 1.0000
109 0.353 0.7190 1.0000
110 0.356 0.7158 1.0000
111 0.341 0.7238 1.0000
112 0.299 0.7810 1.0000
113 0.302 0.7953 1.0000
114 0.296 0.7987 1.0000
115 0.249 0.8279 1.0000
116 0.227 0.8550 1.0000
117 0.206 0.8768 1.0000
118 0.185 0.9012 1.0000
119 0.164 0.9207 1.0000
120 0.148 0.9293 1.0000
121 0.102 0.9620 1.0000
122 0.084 0.9741 1.0000
123 0.050 0.9902 1.0000
