id model flag pred
2JWV 63 0 0
2NCI 32 1 1
5IEM 77 0 0
2LQZ 77 0 0
4A4T 12 0 0
2MHI 5 1 1
2M24 69 1 1
1ZC5 69 1 1
2M24 2 0 0
2LP9 76 0 0
2FDT 56 0 0
5WQ1 81 1 1
4A4U 97 0 0
5UF3 56 0 0
2LK3 92 1 1
2LBL 88 1 1
2RVO 25 1 1
2LDL 5 1 1
5LWJ 26 1 1
5LWJ 7 0 0
2QH2 96 1 1
1ZC5 12 0 0
2LBJ 32 1 1
2LQZ 58 0 0
2LHP 55 0 0
2QH2 61 0 0
5LSN 14 1 1
2LDT 36 0 0
2LPS 61 0 0
5LWJ 77 0 0
2LDT 54 0 0
2L3E 51 0 0
4A4T 63 0 0
2LK3 30 0 0
2LK3 32 1 1
2N6S 2 0 0
5UZT 5 1 1
4A4U 24 0 0
2M4W 55 0 0
28SR 8 1 1
5A17 7 0 0
4A4S 94 0 0
5IEM 34 0 0
2LUB 44 1 1
2M8K 90 1 1
5IEM 59 0 0
2LK3 21 0 0
2LBJ 57 0 0
2LDL 45 1 1
6EZ0 83 1 1
5WQ1 18 1 1
5KH8 30 0 0
2M4W 35 0 0
2MEQ 76 0 0
5LSN 76 0 0
2N6X 20 1 1
5V16 76 0 0
5N5C 52 0 0
2JWV 96 1 1
1YSV 17 0 0
2K66 100 0 0
2N2O 62 1 1
2LK3 85 1 1
2M21 6 1 1
2RVO 7 0 0
2LV0 76 0 0
2M21 36 0 0
2M22 69 1 1
5UZT 21 0 0
5A18 20 1 1
2M5U 86 1 1
5UF3 28 1 1
2L3E 39 1 1
5KQE 56 0 0
2LP9 98 1 1
2LPS 98 1 1
2N4L 48 0 0
2N6W 57 0 0
4A4U 99 1 1
2M22 40 0 0
2JWV 24 0 0
2LDT 13 0 0
2N6S 61 0 0
2M21 90 1 1
1YSV 48 0 0
2NCI 64 1 1
4A4T 73 0 0
2N2P 79 0 0
5UZT 17 0 0
2LBL 90 1 1
2LUN 89 1 1
2LI4 86 1 1
2QH2 35 0 0
2QH4 23 0 0
5KQE 66 1 1
2N2O 11 0 0
4A4U 50 1 1
4A4U 82 1 1
5IEM 76 0 0
2LUN 91 1 1
2MHI 40 0 0
2MXL 22 0 0
1Z2J 100 0 0
2LBL 31 0 0
2LUN 46 0 0
5KH8 5 1 1
2LP9 15 1 1
2QH4 80 0 0
5IEM 84 0 0
2L1V 42 1 1
2M22 8 1 1
5IEM 78 0 0
2LK3 72 1 1
2LP9 63 0 0
2N6S 78 0 0
2LDL 57 0 0
4A4S 63 0 0
2MHI 18 1 1
2LPS 81 1 1
2LDT 95 0 0
2MXL 64 1 1
2N4L 5 1 1
5V17 41 1 1
5KH8 33 0 0
2MXL 86 1 1
2LBJ 48 0 0
2LPS 12 0 0
2KOC 96 1 1
2M21 41 1 1
2N6T 97 0 0
2LQZ 43 0 0
2N4L 14 1 1
2LI4 84 0 0
2M5U 36 0 0
2N6X 28 1 1
28SR 48 0 0
2JWV 28 1 1
2RVO 82 1 1
4A4U 38 0 0
2LDT 58 0 0
1Z2J 51 0 0
2QH4 98 1 1
2MEQ 45 1 1
2LPS 39 1 1
2MXL 69 1 1
2LV0 61 0 0
2JWV 46 0 0
2LQZ 68 1 1
2MXL 56 0 0
6EZ0 95 0 0
2M22 82 1 1
2N2O 13 0 0
5A17 24 0 0
1YSV 70 0 0
2M8K 98 1 1
2LHP 2 0 0
2FDT 4 0 0
5V16 15 1 1
2N6W 98 1 1
2LBL 72 1 1
2LQZ 6 1 1
5KH8 96 1 1
5IEM 69 1 1
5A17 42 1 1
2N4L 42 1 1
2MEQ 28 1 1
5UF3 67 1 1
2LUN 36 0 0
2N6S 55 0 0
2N6T 87 0 0
2LQZ 69 1 1
5KH8 64 1 1
2RVO 34 0 0
2N4L 11 0 0
2M22 23 0 0
4A4T 6 1 1
2N2P 25 1 1
2LU0 44 1 1
2LK3 54 0 0
4A4T 31 0 0
2QH2 94 0 0
2QH4 26 1 1
2LBL 25 1 1
28SR 14 1 1
2LI4 58 0 0
2NCI 7 0 0
2LDL 100 0 0
2M22 31 0 0
2NCI 90 1 1
5A18 27 0 0
2MHI 36 0 0
5A17 99 1 1
5A18 75 1 1
2LUB 62 1 1
2FDT 74 0 0
5KMZ 13 0 0
2LV0 45 1 1
2N6S 34 0 0
2MNC 100 0 0
2M4W 28 1 1
2QH2 25 1 1
2L1V 30 0 0
5WQ1 5 1 1
5IEM 5 1 1
6EZ0 53 1 1
2LHP 62 1 1
2N2O 79 0 0
5KMZ 80 0 0
2LPA 8 1 1
2M21 68 1 1
5N5C 100 0 0
5V17 68 1 1
5IEM 12 0 0
5LWJ 46 0 0
1YSV 35 0 0
2N4L 45 1 1
5UF3 68 1 1
2QH4 49 1 1
2Y95 28 1 1
2LBJ 56 0 0
2M4W 12 0 0
2LP9 26 1 1
2N4L 73 0 0
2MNC 48 0 0
2M24 22 0 0
2N2O 97 0 0
2M24 40 0 0
1Z2J 20 1 1
2N4L 29 1 1
1ZC5 55 0 0
2LK3 98 1 1
2MHI 99 1 1
5IEM 67 1 1
2M8K 61 0 0
1ZC5 95 0 0
5KQE 36 0 0
5A17 12 0 0
2K66 13 0 0
5A17 78 0 0
2MXL 54 0 0
2L1V 69 1 1
2JWV 8 1 1
5LSN 97 0 0
2MXL 84 0 0
2M24 24 0 0
2L3E 65 0 0
2LBL 36 0 0
5V16 85 1 1
2N6S 80 0 0
2N2P 5 1 1
5UF3 30 0 0
2N4L 8 1 1
2LHP 47 0 0
2FDT 55 0 0
5V17 88 1 1
2LDT 98 1 1
2LQZ 31 0 0
2LK3 4 0 0
2N2O 42 1 1
2JWV 76 0 0
5IEM 71 0 0
2M4W 52 0 0
1Z2J 49 1 1
5KMZ 47 0 0
5N5C 95 0 0
2MHI 59 0 0
5UZT 47 0 0
2LHP 38 0 0
2LU0 38 0 0
2MNC 1 1 1
2M24 13 0 0
2N2O 90 1 1
2M24 10 0 0
2QH4 35 0 0
5A17 41 1 1
1ZC5 15 1 1
2LK3 59 0 0
2MXL 52 0 0
2N6X 87 0 0
5IEM 35 0 0
2JWV 88 1 1
2LDL 93 0 0
2LUB 32 1 1
2N2P 48 0 0
4A4U 36 0 0
2MHI 48 0 0
5LSN 54 0 0
2LK3 51 0 0
1YSV 62 1 1
2LK3 44 1 1
2M5U 82 1 1
2N2O 77 0 0
2NCI 59 0 0
2LPS 99 1 1
2LHP 7 0 0
2LK3 74 0 0
5UF3 10 0 0
5WQ1 43 0 0
2N6X 97 0 0
5N5C 94 0 0
2QH2 9 0 0
5UF3 92 1 1
5N5C 43 1 1
2N6W 84 0 0
2QH2 48 0 0
2MNC 8 1 1
4A4T 51 0 0
5KMZ 91 1 1
2N2O 94 0 0
2LP9 82 1 1
2QH2 38 0 0
28SR 21 0 0
5IEM 29 1 1
5A17 55 0 0
2M24 74 0 0
2M8K 13 0 0
5WQ1 85 1 1
2LBL 7 0 0
2LUN 8 1 1
1XHP 100 0 0
2N6S 17 0 0
2LUB 80 0 0
2K66 59 0 0
2LK3 11 0 0
5IEM 82 1 1
2M8K 38 0 0
2M8K 48 0 0
2M21 35 0 0
2LK3 10 0 0
5KQE 34 0 0
1Z2J 30 0 0
1Z2J 1 1 1
2LP9 55 0 0
5KH8 88 1 1
5V16 88 1 1
2LUN 4 0 0
2LU0 74 0 0
1ZC5 9 0 0
2LV0 51 0 0
2NCI 27 0 0
2L1V 95 0 0
2N6X 89 1 1
4A4T 61 0 0
2M8K 9 0 0
2LI4 77 0 0
4A4T 90 1 1
2QH4 68 1 1
5V16 62 1 1
2LP9 32 1 1
2M4W 62 1 1
2MHI 9 0 0
28SR 34 0 0
2L1V 58 0 0
5LSN 45 1 1
2LUB 46 0 0
1XHP 29 1 1
6EZ0 86 1 1
2JWV 75 1 1
4A4U 66 1 1
2NCI 72 1 1
2QH2 22 0 0
2MHI 28 1 1
2LHP 21 0 0
2M8K 79 0 0
2KOC 68 1 1
2FDT 53 1 1
2LBJ 60 1 1
5LSN 34 0 0
2M22 57 0 0
2LQZ 51 0 0
2QH2 44 1 1
2M22 7 0 0
2QH4 43 1 1
2N2P 75 1 1
2M4W 13 0 0
5LSN 88 1 1
2M22 21 0 0
2LDT 17 0 0
1ZC5 2 0 0
2LBJ 66 1 1
2LP9 38 0 0
6EZ0 89 1 1
2K66 94 0 0
2M22 47 0 0
5UZT 33 0 0
2LP9 100 0 0
4A4S 5 1 1
5V16 28 1 1
2MHI 92 1 1
2N6W 95 0 0
2L3E 71 0 0
5LWJ 25 1 1
2RVO 13 0 0
2M5U 68 1 1
2QH4 100 0 0
2L3E 29 1 1
1YSV 42 1 1
2LPA 94 0 0
2LBL 100 0 0
5LSN 90 1 1
4A4U 10 0 0
2M5U 93 0 0
6EZ0 68 1 1
5IEM 7 0 0
2M21 52 0 0
5A18 40 0 0
2LP9 74 0 0
5KQE 51 0 0
2N6T 71 0 0
5V16 40 0 0
2LBL 14 1 1
2LPS 65 0 0
2L3E 35 0 0
5V16 6 1 1
2LI4 70 0 0
2QH2 46 0 0
5LWJ 1 1 1
2Y95 5 1 1
2LDL 78 0 0
2LV0 46 0 0
2KOC 1 1 1
5LSN 2 0 0
5KQE 19 0 0
5N5C 29 1 1
2LK3 46 0 0
1XHP 80 0 0
2QH2 33 0 0
5A18 99 1 1
5V16 78 0 0
2N2O 36 0 0
2NCI 60 1 1
5KMZ 29 1 1
1Z2J 35 0 0
2LU0 99 1 1
2MXL 53 1 1
2N6W 38 0 0
5A17 51 0 0
5LSN 70 0 0
1YSV 20 1 1
2M4W 74 0 0
2LUB 52 0 0
5N5C 76 0 0
2LUB 1 1 1
2N4L 23 0 0
2NCI 82 1 1
2N6X 92 1 1
5IEM 36 0 0
2LBJ 23 0 0
28SR 39 1 1
2LDL 74 0 0
2RVO 16 1 1
2N6X 78 0 0
2N6T 41 1 1
2LBJ 33 0 0
5IEM 41 1 1
2LBJ 61 0 0
5LSN 28 1 1
2M4W 48 0 0
1YSV 16 1 1
2M4W 22 0 0
2M8K 56 0 0
2LV0 14 1 1
2MEQ 88 1 1
1XHP 40 0 0
2LDL 27 0 0
2M21 93 0 0
2LU0 93 0 0
2N4L 19 0 0
2LHP 51 0 0
2MNC 23 0 0
2M24 32 1 1
2M5U 58 0 0
2N2P 80 0 0
2LUB 34 0 0
2LI4 29 1 1
5UZT 55 0 0
2N6T 68 1 1
2NCI 24 0 0
5KMZ 49 1 1
2MNC 52 0 0
5LWJ 48 0 0
1XHP 46 0 0
5LSN 1 1 1
5UZT 58 0 0
2LQZ 70 1 1
1XHP 34 0 0
4A4S 75 1 1
4A4S 99 1 1
2M21 97 0 0
2LQZ 75 1 1
2LDL 29 1 1
2Y95 7 0 0
2LBJ 36 0 0
2M24 21 0 0
5KMZ 61 0 0
5IEM 9 0 0
2LDT 100 0 0
2M21 57 0 0
4A4S 66 1 1
2QH2 15 1 1
2MXL 7 0 0
2LUB 33 0 0
1ZC5 87 0 0
2M4W 64 1 1
2JWV 70 0 0
2LU0 86 1 1
1Z2J 77 0 0
1ZC5 25 1 1
2M4W 76 0 0
2MHI 72 1 1
5KQE 5 1 1
2LBL 47 0 0
5A18 59 0 0
2M21 96 1 1
2LDL 95 0 0
2QH2 18 1 1
2Y95 62 1 1
2N6W 9 0 0
5UZT 65 0 0
5IEM 83 1 1
5N5C 84 0 0
5KQE 9 0 0
2LDL 48 0 0
2LQZ 86 1 1
5A18 37 0 0
2MEQ 52 0 0
2N6T 27 0 0
2LP9 28 1 1
2LPA 37 0 0
2LHP 85 1 1
2LPS 41 1 1
2L3E 10 0 0
5LSN 48 0 0
1YSV 89 1 1
2LP9 23 0 0
2N6T 76 0 0
2Y95 95 0 0
2MEQ 60 1 1
2RVO 28 1 1
2MHI 45 1 1
5KMZ 52 0 0
2KOC 72 1 1
2LV0 13 0 0
5V17 27 0 0
2L1V 2 0 0
6EZ0 85 1 1
1Z2J 56 0 0
5KH8 36 0 0
2LHP 78 0 0
2LI4 98 1 1
2M8K 77 0 0
2LI4 61 0 0
5V17 50 1 1
2LBL 18 1 1
2M24 37 0 0
2M22 22 0 0
5IEM 98 1 1
2N4L 36 0 0
5A18 28 1 1
2N6X 1 1 1
1ZC5 84 0 0
2KOC 100 0 0
5KQE 43 0 0
5IEM 63 0 0
2Y95 32 1 1
5LSN 25 1 1
2RVO 56 0 0
2LUN 53 1 1
2LHP 45 1 1
2M8K 43 0 0
2K66 88 1 1
2KOC 64 1 1
2L3E 42 1 1
2LU0 64 1 1
2QH2 91 1 1
1YSV 26 1 1
4A4S 42 1 1
2M24 94 0 0
5WQ1 93 0 0
2LDL 6 1 1
2LU0 27 0 0
2MXL 15 1 1
2LQZ 56 0 0
2M4W 8 1 1
2LK3 69 1 1
2M4W 66 1 1
2MEQ 49 1 1
2JWV 35 0 0
2LUB 5 1 1
1XHP 68 1 1
1YSV 4 0 0
6EZ0 20 1 1
2LK3 50 1 1
2MEQ 50 1 1
2M8K 24 0 0
5KQE 70 0 0
5A17 35 0 0
1YSV 80 0 0
2LPS 38 0 0
2LUN 80 0 0
2QH2 82 1 1
2JWV 9 0 0
5IEM 20 1 1
4A4U 65 0 0
2N6X 69 1 1
2LV0 35 0 0
2N6T 82 1 1
2K66 30 0 0
2MEQ 43 0 0
5KQE 15 1 1
2K66 68 1 1
2M5U 60 1 1
2LP9 29 1 1
2JWV 92 1 1
2M8K 33 0 0
2MHI 100 0 0
2N6X 100 0 0
2LUB 67 1 1
2Y95 59 0 0
2N6X 37 0 0
2QH2 2 0 0
2LQZ 82 1 1
2N2O 76 0 0
5N5C 83 1 1
5LWJ 51 0 0
5IEM 21 0 0
5KMZ 93 0 0
2LBJ 64 1 1
5V17 73 0 0
2LP9 20 1 1
2LV0 79 0 0
5IEM 52 0 0
2LP9 18 1 1
2RVO 18 1 1
2MNC 10 0 0
2Y95 13 0 0
2M4W 70 1 1
2N4L 68 1 1
1Z2J 15 1 1
2M5U 73 0 0
5UF3 16 1 1
2N6T 24 0 0
2Y95 34 0 0
2QH2 93 0 0
2LPA 30 0 0
2N6W 4 0 0
2QH4 78 0 0
4A4S 23 0 0
2N6T 22 0 0
6EZ0 9 0 0
2LUN 43 0 0
5KMZ 36 0 0
2K66 46 0 0
2LUB 73 0 0
2MHI 82 1 1
5UF3 50 1 1
2N4L 85 1 1
2LBL 63 0 0
2N6W 68 1 1
2LP9 86 1 1
1YSV 98 1 1
2NCI 47 0 0
5KMZ 43 1 1
5N5C 54 0 0
2LU0 63 0 0
2MNC 81 1 1
1XHP 69 1 1
2N2P 34 1 1
2LP9 34 0 0
2LUB 39 1 1
2N2O 70 0 0
2LV0 64 1 1
2LHP 5 1 1
2LQZ 98 1 1
2LK3 91 1 1
2NCI 28 1 1
5UF3 86 1 1
2LHP 35 0 0
2N6X 60 1 1
2N2O 99 1 1
2LBL 34 0 0
2LDL 85 1 1
2QH2 14 1 1
2LUB 45 1 1
2LBL 48 0 0
2MEQ 21 0 0
4A4S 54 0 0
2LI4 63 0 0
2M24 61 0 0
2M24 52 0 0
2N4L 67 1 1
5UZT 35 0 0
2LU0 10 0 0
2RVO 9 0 0
2N6W 82 1 1
2N2P 95 0 0
2M4W 40 0 0
2MXL 72 1 1
1YSV 82 1 1
2LPS 20 1 1
2LI4 16 1 1
2LUN 9 0 0
2M22 5 1 1
1YSV 87 0 0
2LBJ 79 0 0
2LBJ 46 0 0
5UF3 18 1 1
5WQ1 100 0 0
2LUN 98 1 1
5A18 49 1 1
5KQE 31 0 0
2LP9 66 1 1
2RVO 69 1 1
1ZC5 86 1 1
2N4L 76 0 0
2N2O 29 1 1
5UZT 81 1 1
2LU0 24 0 0
2LUN 19 0 0
2LPS 69 1 1
2LBJ 86 1 1
2LDL 8 1 1
5V16 46 0 0
4A4S 44 1 1
5IEM 92 1 1
5LSN 15 1 1
2M5U 74 0 0
1XHP 22 0 0
5V17 7 0 0
4A4T 34 0 0
4A4U 88 1 1
5KQE 55 0 0
2MEQ 29 1 1
2LBL 57 0 0
2LI4 88 1 1
2LU0 42 1 1
1YSV 37 0 0
1ZC5 14 1 1
2LDT 84 0 0
5N5C 93 0 0
2LDT 64 1 1
5V16 23 0 0
2LP9 83 1 1
1XHP 45 1 1
5N5C 7 0 0
2LUB 59 0 0
5V17 22 0 0
2N6X 99 1 1
2FDT 39 1 1
2QH4 33 0 0
1ZC5 26 1 1
5A18 44 1 1
2LPS 77 0 0
2L3E 99 1 1
4A4S 97 0 0
2LHP 19 0 0
2N6T 29 1 1
2LDT 71 0 0
2M24 28 1 1
2N6W 7 0 0
2N2P 55 0 0
2LHP 14 1 1
2M4W 3 1 1
2M4W 4 0 0
2FDT 45 1 1
1Z2J 86 1 1
5LSN 31 0 0
5KH8 74 0 0
5KMZ 33 0 0
4A4T 2 0 0
2M22 12 0 0
2L1V 62 1 1
2M21 33 0 0
2M4W 44 1 1
2LQZ 94 0 0
2NCI 38 0 0
2LU0 65 0 0
2L1V 28 1 1
5V16 21 0 0
2M4W 15 1 1
2QH4 36 0 0
2LP9 78 0 0
2MNC 62 1 1
5V17 63 0 0
2LDL 97 0 0
2MXL 26 1 1
5KMZ 100 0 0
2MEQ 6 1 1
2N2P 99 1 1
2LK3 49 1 1
1Z2J 60 1 1
2MEQ 74 0 0
2LI4 1 1 1
2N6W 46 0 0
5V17 60 1 1
5V17 98 1 1
5UZT 68 1 1
28SR 58 0 0
2M21 95 0 0
2LPS 29 1 1
4A4U 12 0 0
2M8K 66 1 1
2Y95 67 1 1
2K66 85 1 1
2N2O 23 0 0
2QH2 52 0 0
2LPS 96 0 0
2L3E 80 0 0
2M5U 80 0 0
2N2O 43 1 1
2M4W 17 0 0
1YSV 58 0 0
2LPA 34 0 0
2M21 55 0 0
5UZT 73 0 0
2LBL 33 0 0
2NCI 20 1 1
2LQZ 65 0 0
2NCI 42 1 1
5V16 54 0 0
2L1V 85 1 1
2LK3 41 1 1
5LWJ 81 1 1
4A4S 30 0 0
2FDT 81 1 1
2N4L 10 0 0
2MEQ 87 0 0
2QH4 12 0 0
5UZT 2 0 0
2MHI 73 0 0
1XHP 5 1 1
1ZC5 67 1 1
5LWJ 27 0 0
2M21 89 1 1
2N2P 85 1 1
2LPS 24 0 0
28SR 97 0 0
1Z2J 69 1 1
2LPA 89 1 1
1XHP 59 0 0
2N2O 72 1 1
1YSV 27 0 0
2LUB 63 0 0
2LU0 29 1 1
5IEM 8 1 1
5KH8 44 1 1
5KH8 57 0 0
2N6S 73 0 0
28SR 45 1 1
2K66 31 0 0
2RVO 46 0 0
2N4L 30 0 0
2N4L 50 1 1
2N2O 68 1 1
2QH2 11 0 0
2NCI 21 0 0
2LQZ 41 1 1
2N6W 62 1 1
5A18 15 1 1
5V17 12 0 0
28SR 41 1 1
5IEM 93 0 0
2LPS 26 1 1
2N2P 46 0 0
2MHI 62 1 1
2N6S 64 1 1
2RVO 55 0 0
5UF3 4 0 0
5WQ1 99 1 1
2M22 27 0 0
2LBJ 40 0 0
2K66 15 1 1
2N4L 69 1 1
2M8K 1 1 1
1Z2J 32 1 1
2LHP 49 1 1
5WQ1 33 0 0
2LHP 41 1 1
2N2P 42 1 1
5N5C 70 0 0
5UZT 72 1 1
2N4L 70 0 0
2LUN 51 0 0
6EZ0 58 0 0
2LUN 59 0 0
2LPA 54 0 0
2LHP 87 0 0
2M24 79 0 0
2N4L 17 0 0
2K66 25 1 1
2LUN 15 1 1
5LWJ 60 1 1
2L3E 74 0 0
5KQE 83 1 1
5KMZ 40 0 0
5IEM 73 0 0
6EZ0 48 0 0
2LUB 55 0 0
6EZ0 97 0 0
2LPA 38 0 0
2KOC 9 0 0
2QH2 79 0 0
5IEM 96 0 0
2LDT 5 1 1
2JWV 55 0 0
2KOC 21 0 0
2LK3 33 0 0
5KMZ 74 0 0
2LU0 14 1 1
2MEQ 64 1 1
5WQ1 70 1 1
5V16 57 0 0
5WQ1 60 1 1
1Z2J 23 0 0
2Y95 89 1 1
2FDT 46 0 0
2LDL 18 1 1
2LUN 28 1 1
5A18 11 0 0
4A4S 57 0 0
4A4U 80 0 0
1Z2J 34 0 0
5A17 9 0 0
2M4W 33 0 0
5N5C 99 1 1
2N4L 4 0 0
2LQZ 4 0 0
4A4U 72 1 1
2LV0 6 1 1
2JWV 86 1 1
2QH2 6 1 1
2LU0 58 0 0
2MXL 8 1 1
2M22 97 0 0
2M21 81 1 1
2L3E 57 0 0
2N2P 21 0 0
2M5U 42 1 1
2RVO 1 1 1
4A4S 76 0 0
2RVO 70 0 0
2M21 42 1 1
2LU0 53 1 1
2JWV 43 0 0
2N6S 14 1 1
2M5U 18 1 1
5KH8 61 0 0
5A17 34 0 0
2LPS 68 1 1
5N5C 41 1 1
2M24 53 1 1
2NCI 97 0 0
1XHP 91 1 1
2L1V 56 0 0
2Y95 52 0 0
2MXL 24 0 0
2MNC 7 0 0
2JWV 45 1 1
2LQZ 27 0 0
5KMZ 44 1 1
2N2P 40 0 0
6EZ0 12 0 0
2LUN 2 0 0
5N5C 73 0 0
2LU0 28 1 1
5A17 75 1 1
2M8K 99 1 1
2LUB 6 1 1
5KH8 28 1 1
2LHP 65 0 0
2M4W 2 0 0
2LUB 98 1 1
2M22 46 0 0
5KMZ 3 1 1
2QH4 14 1 1
1ZC5 32 1 1
2M21 64 1 1
4A4T 52 0 0
5IEM 91 1 1
2N6S 92 1 1
2M4W 69 1 1
2M4W 98 1 1
2LBJ 18 1 1
5A18 58 0 0
2LDT 23 0 0
5UZT 87 0 0
28SR 17 0 0
2LI4 38 0 0
1ZC5 44 1 1
5KQE 89 1 1
2M4W 72 1 1
5KQE 86 1 1
2LPA 88 1 1
2N4L 13 0 0
2K66 19 0 0
2MEQ 7 0 0
2N6X 59 0 0
2LK3 94 0 0
2LBL 67 1 1
2N6W 41 1 1
6EZ0 66 1 1
2M5U 6 1 1
5IEM 40 0 0
2KOC 24 0 0
5A18 53 1 1
4A4T 82 1 1
2QH4 56 0 0
2M22 13 0 0
5A17 64 1 1
1YSV 2 0 0
2N2P 70 1 1
2N6T 30 0 0
5LWJ 21 0 0
2Y95 10 0 0
28SR 74 0 0
2LV0 87 0 0
2QH2 68 1 1
2RVO 100 0 0
5KQE 8 1 1
2LHP 50 1 1
2N2O 66 1 1
2NCI 93 0 0
5IEM 90 1 1
2LHP 33 0 0
5V17 84 0 0
5LWJ 11 0 0
4A4U 11 0 0
2LUB 20 1 1
2N6T 81 1 1
2M5U 2 0 0
2N6X 4 0 0
2N2O 51 0 0
4A4S 47 0 0
5WQ1 75 1 1
2LK3 84 1 1
2QH4 92 1 1
2QH2 29 1 1
2LBJ 24 0 0
5UZT 75 1 1
2N2O 12 0 0
4A4T 9 0 0
2MNC 32 1 1
2N2O 81 1 1
2JWV 12 0 0
5V16 32 1 1
2LUB 21 0 0
2LBJ 45 1 1
2LUN 96 1 1
2MNC 66 1 1
2L1V 98 1 1
2Y95 80 0 0
5LSN 79 0 0
2QH4 19 0 0
2N2O 4 0 0
5KQE 67 1 1
5V16 48 0 0
2K66 6 1 1
2LUB 29 1 1
5KH8 97 0 0
2QH2 37 0 0
5LWJ 56 0 0
5LSN 98 1 1
2M21 9 0 0
1Z2J 18 1 1
2N6X 40 0 0
2K66 28 1 1
2LUN 90 1 1
2LUB 48 0 0
1Z2J 88 1 1
2M8K 35 0 0
2LV0 89 1 1
2N6X 15 1 1
2LBJ 70 1 1
6EZ0 4 0 0
2N4L 81 1 1
5KQE 2 0 0
2N2P 13 0 0
2N2O 27 0 0
2M22 52 0 0
2M21 26 1 1
5UF3 33 0 0
2LUB 9 0 0
28SR 93 0 0
2N6T 93 0 0
2M8K 14 1 1
2JWV 37 0 0
5WQ1 36 0 0
1XHP 82 1 1
2N6S 10 0 0
2LI4 22 0 0
2RVO 5 1 1
1XHP 73 0 0
2QH4 96 1 1
2LU0 30 0 0
2RVO 62 1 1
5A18 33 0 0
5KMZ 4 0 0
2N2P 41 1 1
2LUB 19 0 0
2L3E 79 0 0
6EZ0 90 1 1
2MEQ 65 0 0
2K66 57 0 0
2LDT 48 0 0
2LHP 9 0 0
2LPA 47 0 0
5LWJ 74 0 0
2MNC 5 1 1
2L3E 24 0 0
5WQ1 31 0 0
5UZT 11 0 0
5V16 80 0 0
2RVO 54 0 0
2LBJ 98 1 1
2LUN 39 1 1
2RVO 87 0 0
2MNC 6 1 1
2JWV 85 1 1
2MEQ 30 0 0
1ZC5 90 1 1
2N4L 77 0 0
2MHI 32 1 1
2LK3 52 0 0
2QH4 1 1 1
2MEQ 19 0 0
5KQE 92 1 1
5KH8 71 0 0
2M24 56 0 0
2LUB 64 1 1
2LK3 78 0 0
2NCI 52 0 0
2N2P 93 0 0
2LK3 19 0 0
5IEM 1 1 1
2N6X 34 0 0
2MEQ 91 1 1
5WQ1 35 0 0
2MEQ 20 1 1
2JWV 90 1 1
2LU0 54 0 0
2N6T 96 0 0
5UF3 6 1 1
2LBL 99 1 1
1Z2J 74 0 0
5V17 57 0 0
5V16 95 0 0
2JWV 6 1 1
5IEM 46 0 0
5V16 58 0 0
2LBL 17 0 0
2LPS 66 1 1
2N6W 48 0 0
1ZC5 60 1 1
2RVO 92 1 1
28SR 87 0 0
2LU0 75 1 1
5A18 34 0 0
5V16 26 1 1
2FDT 75 1 1
2Y95 63 0 0
2LDL 80 0 0
2RVO 50 1 1
2FDT 2 0 0
2MEQ 8 1 1
2LDT 11 0 0
2N6X 96 1 1
5V16 42 1 1
2N6X 33 0 0
2RVO 17 0 0
4A4U 92 1 1
1XHP 83 1 1
2LHP 20 1 1
2LQZ 87 0 0
1YSV 97 0 0
5KQE 12 0 0
2Y95 23 0 0
2LK3 95 0 0
2LU0 56 0 0
5LSN 81 1 1
2N6T 91 1 1
5IEM 18 1 1
2MEQ 4 0 0
2MXL 13 0 0
5V16 18 1 1
2N6X 51 0 0
2MNC 12 0 0
28SR 29 1 1
1Z2J 40 0 0
2M5U 92 1 1
2L1V 44 1 1
2LI4 87 0 0
2RVO 57 0 0
2LBL 28 1 1
2L3E 61 0 0
2KOC 71 0 0
4A4U 64 1 1
2FDT 83 1 1
4A4U 32 1 1
2M22 77 0 0
5KQE 4 0 0
1Z2J 22 0 0
2LBL 54 0 0
6EZ0 45 1 1
2N6W 67 1 1
1ZC5 43 0 0
5KH8 67 1 1
2M4W 90 1 1
2M22 44 1 1
2M21 24 0 0
2LK3 15 1 1
2LBL 43 0 0
2M21 4 0 0
5LWJ 65 0 0
2K66 93 0 0
5LWJ 22 0 0
5LSN 77 0 0
2N4L 3 1 1
5KH8 20 1 1
5WQ1 30 0 0
2MEQ 69 1 1
2LDT 10 0 0
5KQE 85 1 1
5V16 4 0 0
4A4T 48 0 0
2LUN 62 1 1
2M21 20 1 1
2LU0 85 1 1
2LDT 15 1 1
2LP9 52 0 0
2LDT 25 1 1
2QH4 70 1 1
2N6W 72 1 1
2JWV 95 0 0
2M22 65 0 0
2N4L 97 0 0
2M8K 45 1 1
4A4S 87 0 0
2FDT 88 1 1
2LDL 10 0 0
2N2O 80 0 0
5V17 75 1 1
2MNC 64 1 1
2N6W 1 1 1
2LP9 92 1 1
2NCI 77 0 0
2L1V 47 0 0
2RVO 52 0 0
2LPS 11 0 0
2N6X 14 1 1
5KMZ 72 1 1
2LPA 22 0 0
2N2P 69 1 1
2M5U 91 1 1
2LPS 1 1 1
2LPS 40 0 0
2KOC 82 1 1
2LPS 46 0 0
2L1V 89 1 1
5KMZ 9 0 0
2FDT 49 1 1
2MNC 92 1 1
2M4W 26 1 1
5WQ1 71 0 0
2LPA 17 0 0
5WQ1 21 0 0
2N6X 70 0 0
2K66 96 1 1
2LPA 62 1 1
2LBL 74 0 0
4A4U 74 0 0
2LK3 60 1 1
4A4S 81 1 1
2LUB 99 1 1
2RVO 6 1 1
2K66 64 1 1
2MNC 59 0 0
2QH4 21 0 0
1ZC5 38 0 0
2FDT 93 0 0
5IEM 24 0 0
5WQ1 77 0 0
2LI4 53 1 1
2M5U 4 0 0
1Z2J 7 0 0
5A17 95 0 0
2M5U 54 0 0
5KH8 43 0 0
6EZ0 76 0 0
2LV0 21 0 0
5LSN 52 0 0
2N6W 85 1 1
2LUN 30 0 0
2M24 80 0 0
1YSV 3 1 1
2FDT 90 1 1
2LU0 57 0 0
2LHP 16 1 1
2LBL 29 1 1
5UF3 49 1 1
5N5C 64 1 1
5KH8 66 1 1
2LDL 22 0 0
5N5C 50 1 1
2LPS 91 1 1
2LQZ 57 0 0
5V17 92 1 1
2LP9 13 0 0
5LWJ 78 0 0
5UF3 48 0 0
2MNC 84 1 1
2LI4 21 0 0
4A4U 14 1 1
5KQE 42 1 1
5UF3 42 1 1
4A4T 67 1 1
2LUN 42 1 1
2L1V 59 0 0
2MNC 2 0 0
2LQZ 97 0 0
2N2O 78 0 0
2LK3 37 0 0
2MNC 20 1 1
4A4T 66 1 1
2MXL 80 0 0
5A17 70 1 1
1YSV 93 0 0
2LI4 27 0 0
5LWJ 6 1 1
5UZT 91 1 1
2LI4 52 0 0
2N6T 52 0 0
2LDL 11 0 0
5WQ1 44 1 1
5IEM 94 0 0
5KQE 24 0 0
2NCI 40 0 0
1Z2J 39 1 1
1ZC5 5 1 1
5A18 32 1 1
5A18 90 1 1
2N6X 95 0 0
2M5U 28 1 1
2M21 46 0 0
2MNC 33 0 0
5WQ1 3 1 1
2LPA 51 0 0
6EZ0 79 0 0
2LU0 95 0 0
2LK3 24 0 0
2RVO 95 0 0
2LV0 68 1 1
2LV0 39 1 1
5V17 99 1 1
2K66 84 0 0
2LUN 21 0 0
1ZC5 93 0 0
2LPS 90 1 1
5WQ1 16 1 1
2M22 49 1 1
2LI4 25 1 1
5N5C 15 1 1
2M8K 27 0 0
1Z2J 81 1 1
2L3E 27 0 0
2FDT 58 0 0
2NCI 70 1 1
4A4T 69 1 1
5LSN 6 1 1
2L3E 17 0 0
2LPA 90 1 1
2LP9 94 0 0
2M21 67 1 1
2M5U 70 0 0
2LPA 42 1 1
2QH2 87 0 0
2LHP 29 1 1
2KOC 47 0 0
2K66 80 0 0
2LUN 60 1 1
5N5C 92 1 1
2L1V 32 1 1
5V17 83 1 1
2M24 90 1 1
2LBL 39 1 1
5KH8 56 0 0
2L3E 12 0 0
2LDT 4 0 0
2N2O 44 1 1
2RVO 66 1 1
2MHI 83 1 1
2N6S 1 1 1
2N6T 61 0 0
5UZT 4 0 0
5N5C 44 1 1
5KQE 52 0 0
6EZ0 5 1 1
2LQZ 63 0 0
4A4S 38 0 0
2LPA 59 0 0
5WQ1 87 0 0
2N4L 87 0 0
5WQ1 13 0 0
2N6X 86 1 1
2LPA 14 1 1
5LSN 4 0 0
2RVO 58 0 0
2RVO 14 1 1
5KH8 49 1 1
2LUN 3 1 1
5LWJ 3 1 1
5N5C 8 1 1
2RVO 73 0 0
2LQZ 66 1 1
2MNC 15 1 1
1ZC5 68 1 1
2KOC 5 1 1
5KMZ 45 1 1
5A18 50 1 1
2N6S 86 1 1
2FDT 67 1 1
5UF3 99 1 1
2M24 68 1 1
2N2P 87 0 0
2LI4 82 1 1
2LV0 80 0 0
2FDT 8 1 1
2NCI 30 0 0
5V16 2 0 0
1XHP 99 1 1
5WQ1 68 1 1
2N6X 42 1 1
2LBJ 99 1 1
2JWV 68 1 1
2KOC 59 0 0
1Z2J 47 0 0
6EZ0 82 1 1
5KMZ 79 0 0
5WQ1 72 1 1
2RVO 81 1 1
2LK3 35 0 0
5UF3 80 0 0
2N6X 93 0 0
2LPS 94 0 0
2M4W 42 1 1
2LDL 82 1 1
4A4S 51 0 0
5V17 72 1 1
2LI4 92 1 1
2LUB 27 0 0
5UZT 37 0 0
2M4W 10 0 0
2FDT 57 0 0
2LDT 7 0 0
2L1V 94 0 0
2MXL 1 1 1
4A4U 69 1 1
2QH4 8 1 1
5IEM 66 1 1
2K66 92 1 1
2N2P 11 0 0
2RVO 41 1 1
2NCI 5 1 1
2RVO 75 1 1
4A4S 9 0 0
2N2O 8 1 1
2L1V 35 0 0
2MHI 44 1 1
5UF3 2 0 0
2K66 1 1 1
2LK3 36 0 0
2M24 67 1 1
5UF3 32 1 1
2M24 95 0 0
2M24 58 0 0
2L3E 82 1 1
2N6S 7 0 0
2MXL 96 1 1
2KOC 51 0 0
2RVO 26 1 1
2FDT 25 1 1
2LUB 37 0 0
2LQZ 62 1 1
2LUB 41 1 1
2N6S 59 0 0
2MNC 87 0 0
2LQZ 47 0 0
5A18 66 1 1
1XHP 6 1 1
2LBL 98 1 1
4A4S 6 1 1
2MXL 55 0 0
2LPA 48 0 0
2N4L 41 1 1
5KQE 75 1 1
2JWV 17 0 0
2FDT 76 0 0
5A18 48 0 0
2L1V 77 0 0
2JWV 40 0 0
2LHP 79 0 0
5UF3 44 1 1
2MEQ 31 0 0
2LU0 47 0 0
2MXL 88 1 1
2LBJ 80 0 0
1Z2J 89 1 1
2FDT 14 1 1
5V16 59 0 0
2LDL 86 1 1
2L1V 88 1 1
28SR 33 0 0
2M22 86 1 1
2FDT 89 1 1
5LWJ 67 1 1
5A18 38 0 0
5KQE 77 0 0
2KOC 48 0 0
2M5U 44 1 1
4A4S 21 0 0
1XHP 63 0 0
2M24 20 1 1
2LBL 26 1 1
2LPS 13 0 0
4A4T 95 0 0
2N6T 8 1 1
1YSV 9 0 0
2FDT 18 1 1
6EZ0 17 0 0
6EZ0 10 0 0
2LP9 93 0 0
2L1V 14 1 1
2LPA 19 0 0
5UZT 16 1 1
2M22 41 1 1
2M21 86 1 1
5V17 74 0 0
2K66 58 0 0
1ZC5 22 0 0
1ZC5 24 0 0
2MEQ 61 0 0
2MEQ 84 1 1
2L3E 40 0 0
2M21 22 0 0
2LQZ 93 0 0
5V16 16 1 1
5LWJ 16 1 1
2LI4 43 0 0
5KH8 8 1 1
2LI4 54 0 0
2LDT 38 0 0
5KH8 94 0 0
6EZ0 91 1 1
1ZC5 49 1 1
2M8K 53 1 1
2LUB 56 0 0
5UZT 3 1 1
2LU0 5 1 1
2LDT 14 1 1
2MNC 9 0 0
2MHI 1 1 1
5UF3 47 0 0
2QH4 29 1 1
2LPA 16 1 1
2K66 2 0 0
2LUN 7 0 0
4A4U 15 1 1
5A18 100 0 0
2JWV 87 0 0
2RVO 43 0 0
2QH4 95 0 0
2L1V 96 1 1
2M8K 36 0 0
2M21 62 1 1
2LU0 3 1 1
2QH4 53 1 1
5V17 47 0 0
2Y95 45 1 1
2M5U 38 0 0
2QH4 25 1 1
2JWV 44 1 1
2M5U 5 1 1
2QH4 71 0 0
2N6T 6 1 1
5N5C 40 0 0
2N6S 29 1 1
2N6X 27 0 0
4A4S 16 1 1
2L3E 20 1 1
6EZ0 78 0 0
2LPA 92 1 1
5A17 31 0 0
2L1V 61 0 0
2L3E 43 0 0
4A4U 54 0 0
2LPA 55 0 0
2N2O 19 0 0
2LP9 85 1 1
2QH4 13 0 0
2LDL 43 1 1
2N2O 84 0 0
1XHP 55 0 0
5V17 65 0 0
1XHP 95 0 0
2MNC 78 0 0
5LWJ 8 1 1
2LDL 52 0 0
2N2P 16 1 1
2N2O 53 1 1
2N6X 49 1 1
2LK3 86 1 1
2LHP 80 0 0
2N2O 63 0 0
2L3E 75 1 1
2LU0 18 1 1
5N5C 30 0 0
2N6X 48 0 0
5UZT 57 0 0
5KQE 96 1 1
2N2O 33 0 0
2LV0 85 1 1
2N2P 9 0 0
2MXL 82 1 1
5V17 42 1 1
2MEQ 44 1 1
2RVO 30 0 0
5A18 88 1 1
2MHI 54 0 0
2RVO 53 1 1
2LDT 57 0 0
5IEM 11 0 0
2MHI 30 0 0
5N5C 46 0 0
1ZC5 50 1 1
5N5C 60 1 1
4A4S 35 0 0
2NCI 86 1 1
2N6W 16 1 1
4A4S 64 1 1
1Z2J 45 1 1
2L1V 60 1 1
5V17 70 0 0
5KH8 50 1 1
28SR 35 0 0
5A18 70 0 0
2LK3 67 1 1
2Y95 4 0 0
2MXL 17 0 0
2LHP 74 0 0
2LPA 100 0 0
2LUN 31 0 0
2N6W 5 1 1
28SR 78 0 0
2LPA 91 1 1
2K66 12 0 0
2MHI 76 0 0
4A4T 17 0 0
2LV0 78 0 0
5WQ1 1 1 1
28SR 96 1 1
2JWV 1 1 1
2N6W 49 1 1
2LBL 78 0 0
5KH8 14 1 1
2QH2 83 1 1
2KOC 41 1 1
5N5C 32 1 1
2LBL 73 0 0
2M4W 93 0 0
2QH4 11 0 0
2N6T 53 1 1
2L1V 7 0 0
5KMZ 97 0 0
1XHP 92 1 1
2N6X 58 0 0
1YSV 60 1 1
2N6T 37 0 0
5UZT 46 0 0
4A4S 49 1 1
2FDT 64 1 1
2Y95 39 1 1
5A18 6 1 1
2LI4 85 1 1
2N6W 37 0 0
2N6X 91 1 1
5WQ1 4 0 0
2FDT 97 0 0
2L1V 41 1 1
5A17 36 0 0
5V17 97 0 0
2M5U 53 1 1
2LP9 8 1 1
2KOC 40 0 0
2LDL 81 1 1
5A18 7 0 0
1ZC5 45 1 1
2N6S 88 1 1
2RVO 40 0 0
2K66 79 0 0
5UZT 88 1 1
2LV0 56 0 0
2M4W 49 1 1
5LSN 37 0 0
2KOC 58 0 0
5UF3 54 0 0
2N6W 90 1 1
5V17 67 1 1
2QH4 91 1 1
2LBL 37 0 0
5N5C 36 0 0
2M22 19 0 0
2K66 27 0 0
6EZ0 60 1 1
4A4U 79 0 0
2Y95 86 1 1
5UF3 89 1 1
5IEM 68 1 1
2M5U 40 0 0
2M21 99 1 1
2LPA 99 1 1
2LUB 76 0 0
1Z2J 76 0 0
2LV0 71 0 0
2M22 9 0 0
2MXL 89 1 1
2NCI 65 0 0
1XHP 41 1 1
2Y95 37 0 0
2RVO 83 1 1
2M8K 29 1 1
2LBJ 3 1 1
1ZC5 30 0 0
5V16 1 1 1
2KOC 75 1 1
2FDT 100 0 0
2N6S 40 0 0
2LUB 42 1 1
2RVO 99 1 1
5V17 76 0 0
2QH2 23 0 0
5V17 78 0 0
5LWJ 84 0 0
2L1V 97 1 1
5KMZ 18 1 1
2N6T 83 1 1
5KQE 1 1 1
2K66 97 0 0
2LUB 95 0 0
1YSV 24 0 0
2LPS 37 0 0
2QH2 76 0 0
2L3E 73 0 0
5KQE 63 0 0
5A18 97 0 0
2LDL 32 1 1
4A4U 31 0 0
4A4T 99 1 1
2MNC 71 0 0
2N6X 85 1 1
2LP9 58 0 0
2N6W 45 1 1
2LHP 77 0 0
2MEQ 68 1 1
2N6X 82 1 1
2N6X 50 1 1
5V16 37 0 0
2L3E 52 0 0
2N6W 59 0 0
2N2O 88 1 1
5UF3 60 1 1
2LV0 66 1 1
2LDL 99 1 1
2MEQ 2 0 0
5KH8 31 0 0
2M21 73 0 0
5A17 90 1 1
2JWV 11 0 0
5LWJ 5 1 1
1XHP 23 0 0
6EZ0 96 1 1
2FDT 61 0 0
2LDT 76 0 0
2L1V 11 0 0
2QH4 7 0 0
2N4L 20 1 1
2LHP 97 0 0
2K66 18 1 1
2M8K 64 1 1
2N2P 66 1 1
2N4L 34 0 0
2QH2 67 1 1
2LU0 17 0 0
2Y95 85 1 1
5KH8 7 0 0
2N6S 25 1 1
2LUB 78 0 0
2LQZ 99 1 1
5A18 86 1 1
2FDT 54 0 0
4A4S 28 1 1
2LU0 76 0 0
5A17 32 1 1
2LPA 10 0 0
4A4S 36 0 0
2LK3 77 0 0
2LU0 48 0 0
4A4U 58 0 0
2M21 40 0 0
1YSV 1 1 1
2NCI 89 1 1
2MHI 93 0 0
5LSN 74 0 0
4A4U 29 1 1
2LQZ 60 1 1
2N4L 92 1 1
2LBJ 63 0 0
2M4W 6 1 1
5N5C 77 0 0
5V17 52 0 0
2N6T 74 0 0
2LUN 88 1 1
5KH8 85 1 1
1Z2J 11 0 0
5LWJ 32 1 1
2QH2 27 0 0
5LSN 87 0 0
2N6X 62 1 1
5IEM 3 1 1
2M22 85 1 1
2LQZ 89 1 1
2N6X 31 0 0
2L3E 6 1 1
2LBL 41 1 1
2M21 88 1 1
2LK3 20 1 1
2N6S 49 1 1
5LWJ 94 0 0
2M4W 19 0 0
2NCI 45 1 1
5IEM 87 0 0
2M24 100 0 0
2LPS 76 0 0
5WQ1 46 0 0
2LUB 35 0 0
4A4S 18 1 1
2N6X 41 1 1
5A17 48 0 0
1ZC5 73 0 0
2QH2 72 1 1
2NCI 71 0 0
5N5C 23 0 0
2N6S 65 0 0
2Y95 70 1 1
2N6S 5 1 1
2M5U 72 1 1
2KOC 35 0 0
5KQE 33 0 0
5A17 65 0 0
1Z2J 19 0 0
5A18 19 0 0
2MNC 89 1 1
2QH2 69 1 1
2MEQ 54 0 0
2M5U 69 1 1
2N2P 92 1 1
6EZ0 2 0 0
4A4S 33 0 0
2MEQ 11 0 0
1Z2J 6 1 1
2NCI 94 0 0
2LDL 76 0 0
2L3E 7 0 0
5KQE 84 0 0
2N6S 83 1 1
2LP9 48 0 0
2LUN 74 0 0
2LDL 56 0 0
2N4L 63 0 0
2M4W 9 0 0
2M4W 50 1 1
2N6S 44 1 1
6EZ0 44 1 1
2L1V 52 0 0
4A4U 33 0 0
5LWJ 79 0 0
2M5U 43 0 0
2M4W 84 1 1
2LQZ 7 0 0
2MNC 90 1 1
2M22 3 1 1
4A4T 25 1 1
2LPS 55 0 0
2QH2 75 1 1
2N2O 2 0 0
2M4W 92 1 1
2M24 48 0 0
2LI4 31 0 0
4A4S 22 0 0
4A4T 59 0 0
2N6X 88 1 1
2N6T 16 1 1
1XHP 58 0 0
2LDL 53 1 1
2K66 36 0 0
5WQ1 19 0 0
5KQE 93 0 0
2KOC 95 0 0
2LUB 79 0 0
2LPA 25 1 1
5LWJ 86 1 1
2JWV 47 0 0
2M8K 12 0 0
5KQE 49 1 1
5KQE 37 0 0
2LU0 90 1 1
2KOC 55 0 0
4A4U 16 1 1
4A4U 18 1 1
2LPA 39 1 1
2Y95 90 1 1
2N6W 10 0 0
2MNC 74 0 0
2LQZ 17 0 0
2LI4 51 0 0
2LPA 72 1 1
2JWV 81 1 1
2M21 18 1 1
5KH8 27 0 0
4A4U 43 0 0
2LBL 97 0 0
5A18 29 1 1
1Z2J 4 0 0
2QH4 44 1 1
2FDT 19 0 0
2MNC 85 1 1
2M24 16 1 1
5UZT 79 0 0
2M21 85 1 1
2MHI 10 0 0
5WQ1 29 1 1
2LDT 49 1 1
2LBL 83 1 1
5V16 44 1 1
2MXL 66 1 1
2L3E 78 0 0
2LUB 12 0 0
4A4T 88 1 1
2MNC 65 0 0
2N2P 36 0 0
2LPS 32 1 1
2M4W 41 1 1
2MNC 70 1 1
2L1V 1 1 1
2LDL 87 0 0
2LK3 97 0 0
2M22 43 1 1
5UF3 66 1 1
2MEQ 17 0 0
2M21 1 1 1
2LPS 16 1 1
2MXL 65 0 0
2N6T 9 0 0
2LDL 58 0 0
5KQE 50 1 1
1XHP 17 0 0
2M22 20 1 1
2NCI 17 0 0
2MHI 71 0 0
2QH2 64 1 1
2N6S 4 0 0
2K66 62 1 1
2M24 65 0 0
2L3E 62 1 1
2N6T 10 0 0
5V17 29 1 1
2LPS 49 1 1
2LPS 44 1 1
2LBJ 78 0 0
1YSV 91 1 1
2LUB 86 1 1
28SR 63 0 0
2LUN 79 0 0
5LWJ 92 1 1
28SR 85 1 1
2LBL 65 0 0
2M22 53 1 1
2LBJ 26 1 1
5LWJ 41 1 1
2M24 1 1 1
2LDL 71 0 0
2N4L 95 0 0
5A18 26 1 1
2MEQ 97 0 0
2N2O 58 0 0
2NCI 13 0 0
5V17 71 0 0
1YSV 11 0 0
2M8K 28 1 1
2MHI 37 0 0
2L3E 56 0 0
2LDT 55 0 0
5V16 82 1 1
2L1V 82 1 1
2LBJ 73 0 0
5A18 85 1 1
4A4U 55 0 0
2N6S 54 0 0
1Z2J 33 0 0
2LBL 49 1 1
2M4W 1 1 1
5V16 79 0 0
2LP9 41 1 1
2M4W 85 1 1
2RVO 97 0 0
5V17 53 1 1
2N4L 47 0 0
2LPA 15 1 1
2LHP 59 0 0
2QH2 62 1 1
2M24 55 0 0
4A4U 17 0 0
5N5C 59 0 0
2N2O 93 0 0
2M5U 13 0 0
2N2O 60 1 1
2L1V 34 0 0
2L3E 46 0 0
2N6T 51 0 0
2N6T 39 1 1
5KMZ 65 0 0
5V17 40 0 0
28SR 49 1 1
28SR 54 0 0
1XHP 38 0 0
2LHP 61 0 0
1XHP 13 0 0
2N6T 79 0 0
5KMZ 16 1 1
2LDL 88 1 1
2FDT 98 1 1
2LV0 2 0 0
2LV0 24 0 0
2MXL 90 1 1
5WQ1 49 1 1
2LP9 60 1 1
2N6S 77 0 0
2N6X 83 1 1
5KH8 99 1 1
2RVO 33 0 0
2L3E 22 0 0
2KOC 37 0 0
5V17 1 1 1
2M24 87 0 0
6EZ0 21 0 0
5KMZ 95 0 0
6EZ0 61 0 0
5KMZ 86 1 1
5KQE 80 0 0
2LPA 64 1 1
5A18 25 1 1
1YSV 5 1 1
2LK3 65 0 0
2QH2 56 0 0
2LBJ 35 0 0
2LBL 69 1 1
2M21 53 1 1
5LSN 47 0 0
2FDT 17 0 0
2LUN 71 0 0
2L1V 27 0 0
2LV0 38 0 0
4A4S 7 0 0
5KH8 60 1 1
5A17 66 1 1
5A18 92 1 1
2MHI 94 0 0
5KMZ 58 0 0
2N6X 73 0 0
4A4U 94 0 0
5UZT 60 1 1
2M5U 27 0 0
2M22 62 1 1
2LPA 67 1 1
2N6S 30 0 0
5N5C 61 0 0
5UZT 52 0 0
2JWV 79 0 0
5V16 11 0 0
5LWJ 9 0 0
2LPA 52 0 0
1YSV 66 1 1
2MHI 6 1 1
2M24 75 1 1
5UF3 29 1 1
2LPS 33 0 0
5LWJ 33 0 0
2N6T 73 0 0
2MNC 76 0 0
2LI4 7 0 0
4A4U 84 1 1
1Z2J 31 0 0
2MEQ 25 1 1
2N4L 82 1 1
2LDT 96 1 1
2M5U 16 1 1
2MHI 39 1 1
2FDT 72 1 1
2Y95 75 1 1
2N6W 42 1 1
5IEM 79 0 0
2LPA 27 0 0
2N6S 46 0 0
2LV0 30 0 0
6EZ0 11 0 0
2LP9 51 0 0
4A4S 40 0 0
2LDL 1 1 1
2KOC 86 1 1
4A4S 29 1 1
2N2O 57 0 0
5V17 96 0 0
2LV0 95 0 0
1ZC5 23 0 0
1XHP 12 0 0
1XHP 18 1 1
2Y95 78 0 0
2MEQ 12 0 0
2MEQ 77 0 0
2MXL 79 0 0
2M22 24 0 0
2LU0 71 0 0
2M24 38 0 0
2MHI 52 0 0
5A18 60 1 1
2FDT 80 0 0
1XHP 20 1 1
2LDL 96 1 1
5N5C 65 0 0
2MXL 2 0 0
5KMZ 69 1 1
2K66 71 0 0
2LU0 34 0 0
5KMZ 67 1 1
5V16 68 1 1
5UF3 35 0 0
4A4S 17 0 0
28SR 95 0 0
2NCI 99 1 1
4A4T 78 0 0
2L3E 95 0 0
2LUB 54 0 0
2QH4 16 1 1
2N4L 57 0 0
5UF3 87 0 0
5V16 55 0 0
2LUN 24 0 0
2LV0 83 1 1
1XHP 87 0 0
2MXL 94 0 0
2LI4 56 0 0
2LK3 25 1 1
5IEM 100 0 0
4A4T 100 0 0
28SR 81 1 1
5LWJ 64 1 1
2M4W 100 0 0
5KH8 51 0 0
2LQZ 40 0 0
2L3E 45 1 1
5IEM 43 0 0
2LUN 73 0 0
5KQE 22 0 0
4A4U 28 1 1
2K66 70 1 1
1XHP 4 0 0
2LDT 89 1 1
2LDT 20 1 1
2MXL 6 1 1
2L3E 5 1 1
2L1V 66 1 1
2LQZ 29 1 1
2LBJ 14 1 1
2MNC 18 1 1
2LU0 72 1 1
5KH8 26 1 1
2N4L 55 0 0
2N4L 43 0 0
2JWV 39 1 1
2M5U 24 0 0
2L1V 22 0 0
2LHP 53 1 1
5V17 6 1 1
2LPA 68 1 1
2Y95 3 1 1
2M8K 63 0 0
4A4S 96 1 1
2N6W 55 0 0
2QH2 90 1 1
2MNC 28 1 1
2M8K 5 1 1
2M5U 76 0 0
1ZC5 94 0 0
2LI4 35 0 0
1Z2J 71 0 0
2FDT 52 0 0
2LI4 26 1 1
2M8K 6 1 1
4A4T 18 1 1
4A4U 71 0 0
2N6T 90 1 1
5LSN 43 0 0
5N5C 90 1 1
5WQ1 39 1 1
5A17 92 1 1
2K66 4 0 0
2N6X 61 0 0
5LSN 24 0 0
2N6X 98 1 1
2M21 58 0 0
2MHI 97 0 0
2LI4 67 1 1
2LDL 36 0 0
1YSV 95 0 0
5KQE 100 0 0
5IEM 30 0 0
2JWV 60 1 1
5WQ1 86 1 1
2QH4 85 1 1
1ZC5 62 1 1
2N6W 69 1 1
2MHI 17 0 0
2LUB 65 0 0
2LBJ 27 0 0
2L3E 21 0 0
5IEM 38 0 0
2K66 72 1 1
1XHP 14 1 1
2M22 80 0 0
5KH8 39 1 1
5UF3 53 1 1
5A18 83 1 1
2M8K 70 0 0
2N2O 83 1 1
1YSV 34 0 0
2LPS 85 1 1
2KOC 28 1 1
5LSN 100 0 0
2K66 78 0 0
2JWV 62 1 1
2M21 38 0 0
2N2P 23 0 0
5A18 62 1 1
2N6T 94 0 0
5V16 45 1 1
2JWV 23 0 0
2N6W 96 1 1
2N6W 20 1 1
2N6S 84 0 0
2L3E 31 0 0
5WQ1 52 0 0
2N2P 47 0 0
2FDT 94 0 0
5LSN 39 1 1
4A4S 48 0 0
2LUN 64 1 1
2MXL 37 0 0
2LPA 23 0 0
28SR 44 1 1
1ZC5 59 0 0
5LSN 67 1 1
2LBL 94 0 0
2L1V 99 1 1
5N5C 63 0 0
2MEQ 94 0 0
2LV0 15 1 1
5WQ1 11 0 0
2LPS 7 0 0
1YSV 92 1 1
2KOC 94 0 0
5A17 86 1 1
2M21 16 1 1
2MNC 27 0 0
5UZT 40 0 0
5V17 45 1 1
2N6X 35 0 0
1Z2J 57 0 0
5LSN 60 1 1
2RVO 98 1 1
5N5C 2 0 0
2M24 91 1 1
4A4S 55 0 0
2LP9 33 0 0
2MXL 35 0 0
2L3E 38 0 0
28SR 72 1 1
5A18 8 1 1
5N5C 24 0 0
2K66 60 1 1
2M8K 78 0 0
2KOC 52 0 0
2MEQ 46 0 0
2LDL 65 0 0
4A4T 10 0 0
5KH8 11 0 0
2KOC 92 1 1
2LK3 16 1 1
2N6X 84 0 0
4A4U 40 0 0
2LQZ 48 0 0
2MNC 39 1 1
2RVO 79 0 0
1ZC5 36 0 0
2LBJ 22 0 0
2QH2 100 0 0
2LPS 89 1 1
2N4L 2 0 0
2LUB 14 1 1
5UF3 13 0 0
2N6T 45 1 1
2M5U 79 0 0
2N6S 47 0 0
2L1V 20 1 1
5KH8 3 1 1
2LUB 50 1 1
2QH4 40 0 0
1ZC5 7 0 0
2LBL 50 1 1
2LV0 40 0 0
2M5U 61 0 0
5LSN 22 0 0
5V16 70 0 0
2QH4 72 1 1
2QH2 95 0 0
2LU0 37 0 0
2K66 11 0 0
2NCI 83 1 1
2QH2 63 0 0
4A4U 42 1 1
2MHI 42 1 1
5A18 30 0 0
2K66 90 1 1
2L3E 13 0 0
5KQE 32 1 1
4A4S 93 0 0
5LWJ 50 1 1
2LQZ 13 0 0
2RVO 39 1 1
5UZT 32 1 1
2RVO 23 0 0
2LHP 88 1 1
2LDT 42 1 1
2LI4 14 1 1
2LI4 4 0 0
2M5U 67 1 1
2LUB 90 1 1
1ZC5 17 0 0
5V16 93 0 0
5KQE 11 0 0
2N6W 94 0 0
1ZC5 31 0 0
2M8K 20 1 1
2LI4 74 0 0
2N2O 32 1 1
5N5C 66 1 1
2LDT 99 1 1
1XHP 33 0 0
2M24 57 0 0
2N6S 52 0 0
2MHI 70 0 0
5IEM 56 0 0
5UF3 64 1 1
5UZT 36 0 0
2LDT 39 1 1
5N5C 20 1 1
2RVO 76 0 0
2LDT 77 0 0
2M21 74 0 0
2JWV 64 1 1
4A4S 60 1 1
2L3E 11 0 0
2LDL 34 0 0
2N6S 89 1 1
2LBJ 42 1 1
2M22 56 0 0
2LPS 50 1 1
2MNC 93 0 0
2N2P 71 0 0
2L1V 33 0 0
2LI4 9 0 0
5KH8 62 1 1
5KMZ 12 0 0
5A17 94 0 0
2LBJ 41 1 1
2N2P 90 1 1
2QH4 46 0 0
2LQZ 8 1 1
2M5U 20 1 1
2K66 73 0 0
2M4W 99 1 1
2LHP 34 0 0
2LDT 28 1 1
2NCI 54 0 0
2N6W 73 0 0
6EZ0 57 0 0
2M4W 68 1 1
2N2P 63 0 0
2K66 50 1 1
2M22 34 0 0
1XHP 84 0 0
5KMZ 27 0 0
4A4T 33 0 0
1YSV 29 1 1
2N6T 5 1 1
2LDT 32 1 1
2LQZ 83 1 1
2LP9 53 1 1
2M21 12 0 0
2RVO 89 1 1
5A18 17 0 0
5UF3 14 0 0
2FDT 23 0 0
2LHP 46 0 0
5KMZ 68 1 1
2LU0 96 1 1
2LUN 52 0 0
2LDL 2 0 0
1YSV 12 0 0
28SR 79 0 0
5UZT 82 1 1
5A17 14 1 1
2QH2 86 1 1
2JWV 58 0 0
2MEQ 86 1 1
2MEQ 3 1 1
2LV0 90 1 1
5A18 94 0 0
2NCI 18 1 1
5KQE 46 0 0
4A4S 46 0 0
2N6S 39 1 1
5A18 35 0 0
4A4T 20 1 1
2LDT 33 0 0
2K66 49 1 1
2LPS 31 0 0
5LWJ 45 1 1
2M5U 15 1 1
2N6T 64 1 1
2M5U 96 1 1
5KMZ 70 1 1
2LPA 20 1 1
2QH4 31 0 0
2LV0 7 0 0
5LWJ 66 1 1
1ZC5 54 0 0
1YSV 8 1 1
4A4U 4 0 0
4A4S 74 0 0
1YSV 21 0 0
1ZC5 65 0 0
6EZ0 80 0 0
2LI4 45 1 1
5A17 27 0 0
2KOC 73 0 0
2KOC 99 1 1
2QH4 81 1 1
2QH2 32 1 1
2RVO 85 1 1
2N2P 56 0 0
4A4T 13 0 0
2N6X 6 1 1
4A4U 89 1 1
2N6T 35 0 0
2LUN 99 1 1
5LSN 82 1 1
6EZ0 56 0 0
2M4W 39 1 1
2M22 18 1 1
2LHP 25 1 1
2M4W 71 0 0
2QH2 28 1 1
2LPA 61 0 0
2LPS 28 1 1
2RVO 38 0 0
2NCI 10 0 0
2M21 25 1 1
2M24 43 1 1
4A4U 39 1 1
5IEM 10 0 0
5LWJ 82 1 1
1XHP 56 0 0
2QH4 17 0 0
2LBL 62 1 1
2LUB 28 1 1
2N2P 62 1 1
5KH8 87 0 0
2N4L 24 0 0
2NCI 98 1 1
2LK3 28 1 1
2LDL 26 1 1
2M21 11 0 0
2M4W 30 0 0
2LPS 19 0 0
28SR 83 1 1
2MHI 22 0 0
2M5U 81 1 1
5V17 64 1 1
2QH2 80 0 0
2LP9 11 0 0
2N2P 60 1 1
2JWV 72 1 1
5KQE 13 0 0
2M4W 23 0 0
2LDT 22 0 0
2N6X 16 1 1
1YSV 88 1 1
2M21 47 0 0
5KMZ 24 0 0
2LDT 78 0 0
2M22 73 0 0
5A17 77 0 0
2LUN 72 1 1
2LP9 3 1 1
2N4L 84 0 0
5A17 82 1 1
2LHP 13 0 0
2MXL 30 0 0
2MEQ 5 1 1
4A4S 32 1 1
5KMZ 63 0 0
2MEQ 63 0 0
1Z2J 37 0 0
5KQE 71 0 0
5UZT 24 0 0
2MEQ 66 1 1
2LUB 60 1 1
5LWJ 85 1 1
5LWJ 96 1 1
2MEQ 75 1 1
2N6S 50 1 1
5A18 93 0 0
5KQE 44 1 1
2LDT 45 1 1
2LPA 29 1 1
28SR 69 1 1
5KH8 42 1 1
2N4L 31 0 0
2MEQ 90 1 1
2LQZ 34 0 0
2M8K 97 0 0
28SR 19 0 0
2LK3 3 1 1
5UZT 53 1 1
2N4L 88 1 1
2L1V 51 0 0
2LBJ 30 0 0
5N5C 33 0 0
5WQ1 92 1 1
2MEQ 24 0 0
28SR 38 0 0
2LU0 66 1 1
2NCI 96 1 1
5V16 36 0 0
2LDT 37 0 0
5LSN 35 0 0
5V17 69 1 1
2N4L 59 0 0
2MHI 91 1 1
2FDT 35 0 0
2KOC 22 0 0
2LP9 49 1 1
2LHP 72 1 1
5KMZ 15 1 1
2KOC 84 1 1
2LUB 83 1 1
2MHI 77 0 0
2LDT 18 1 1
2LHP 64 1 1
1YSV 76 0 0
2N6S 58 0 0
2LPA 96 1 1
5KMZ 2 0 0
2RVO 37 0 0
5UF3 85 1 1
2LHP 43 0 0
2M21 7 0 0
2LDT 34 0 0
2QH4 83 1 1
2N6X 53 1 1
2LI4 47 0 0
2JWV 31 0 0
2LU0 43 0 0
2L1V 10 0 0
2N6T 47 0 0
2LPA 26 1 1
6EZ0 62 1 1
2QH4 77 0 0
5A17 97 0 0
2LUN 17 0 0
2MEQ 32 1 1
5KMZ 54 0 0
1XHP 65 0 0
4A4T 49 1 1
2N6S 43 0 0
2JWV 20 1 1
2N6S 87 0 0
5A18 43 0 0
1Z2J 17 0 0
5LSN 18 1 1
5KQE 59 0 0
2LV0 28 1 1
2QH4 90 1 1
2M22 55 0 0
5KQE 76 0 0
5LSN 53 1 1
5A17 1 1 1
2LQZ 33 0 0
2N6S 99 1 1
2M4W 18 1 1
28SR 61 0 0
5KH8 1 1 1
2LPS 8 1 1
2N6W 91 1 1
1Z2J 68 1 1
5IEM 61 0 0
2LHP 22 0 0
2JWV 80 0 0
2KOC 18 1 1
5A17 15 1 1
2Y95 58 0 0
2N4L 18 1 1
2N6X 43 0 0
2LU0 83 1 1
2M24 98 1 1
5LWJ 75 1 1
2LBL 92 1 1
1XHP 2 0 0
2LUB 100 0 0
2N4L 33 0 0
2LK3 53 1 1
2N2P 4 0 0
4A4T 83 1 1
5N5C 26 1 1
5V16 77 0 0
2QH2 42 1 1
2LBJ 4 0 0
2FDT 62 1 1
2Y95 40 0 0
2LPS 15 1 1
2KOC 81 1 1
2LK3 88 1 1
2L3E 9 0 0
5V16 65 0 0
5UZT 51 0 0
2LDT 27 0 0
2LBJ 21 0 0
2Y95 69 1 1
2Y95 79 0 0
2LQZ 67 1 1
2MEQ 26 1 1
2LBJ 96 1 1
2MHI 55 0 0
2N2P 44 1 1
2LV0 18 1 1
4A4S 89 1 1
2LDL 31 0 0
4A4S 10 0 0
4A4U 83 1 1
5V17 24 0 0
5UZT 56 0 0
2M21 60 1 1
2LDT 21 0 0
5UZT 95 0 0
2LQZ 80 0 0
5WQ1 47 0 0
2MEQ 73 0 0
2LK3 22 0 0
2LV0 42 1 1
2LBL 32 1 1
2LU0 7 0 0
1ZC5 97 0 0
6EZ0 99 1 1
2M5U 45 1 1
6EZ0 7 0 0
5UF3 61 0 0
2N6S 6 1 1
2LHP 36 0 0
5A18 14 1 1
2N2P 74 0 0
2M8K 54 0 0
2MNC 73 0 0
2QH4 74 0 0
2LPA 60 1 1
2JWV 14 1 1
1Z2J 91 1 1
2N6X 8 1 1
2M4W 88 1 1
2L1V 91 1 1
2QH2 70 0 0
2LUB 61 0 0
5KH8 76 0 0
5A18 76 0 0
2MXL 78 0 0
2N6T 63 0 0
2MEQ 96 0 0
2LU0 88 1 1
2JWV 51 0 0
2LHP 60 1 1
28SR 88 1 1
2LV0 74 0 0
4A4S 98 1 1
2LK3 73 0 0
2LU0 91 1 1
2LI4 79 0 0
1ZC5 46 0 0
2LDL 14 1 1
2M4W 94 0 0
5N5C 86 1 1
5A18 54 0 0
2KOC 53 1 1
2N2P 2 0 0
2RVO 60 1 1
1XHP 93 0 0
2N2O 45 1 1
5WQ1 45 1 1
2QH2 88 1 1
2RVO 91 1 1
2K66 95 0 0
2LUN 41 1 1
5V16 38 0 0
2LUB 17 0 0
5V16 3 1 1
2LUB 91 1 1
4A4T 86 1 1
5UF3 75 1 1
6EZ0 6 1 1
2MEQ 59 0 0
2K66 3 1 1
2LK3 75 1 1
5V16 92 1 1
5UZT 15 1 1
2RVO 96 1 1
2N2O 73 0 0
2Y95 11 0 0
2N6T 14 1 1
2M24 6 1 1
2M8K 41 1 1
2Y95 24 0 0
2LHP 26 1 1
2LUN 92 1 1
2MNC 57 0 0
2QH2 47 0 0
2QH4 65 0 0
2N6X 7 0 0
5WQ1 76 0 0
28SR 31 0 0
2N6X 46 0 0
2LV0 44 1 1
6EZ0 88 1 1
5WQ1 79 0 0
2LU0 50 1 1
2N4L 37 0 0
4A4U 8 1 1
2L3E 16 1 1
2QH2 85 1 1
5A18 64 1 1
5V16 63 0 0
2LK3 40 0 0
2LBJ 29 1 1
2LQZ 3 1 1
2MXL 45 1 1
1ZC5 21 0 0
4A4T 97 0 0
2M24 5 1 1
5KQE 90 1 1
5LWJ 93 0 0
2MEQ 58 0 0
2JWV 33 0 0
2FDT 78 0 0
2NCI 1 1 1
2L3E 81 1 1
4A4S 1 1 1
2N6W 87 0 0
2N6S 22 0 0
2N6T 50 1 1
2NCI 81 1 1
4A4U 63 0 0
2LP9 56 0 0
2M24 97 0 0
2LUN 27 0 0
2LPA 18 1 1
5WQ1 27 0 0
5KH8 75 1 1
2L1V 84 1 1
2M4W 29 1 1
2LI4 76 0 0
2K66 86 1 1
5A17 44 1 1
4A4T 81 1 1
2M22 63 0 0
2LPA 74 0 0
6EZ0 18 1 1
2FDT 1 1 1
2M4W 79 0 0
1ZC5 64 1 1
2LQZ 18 1 1
4A4T 57 0 0
2LDL 62 1 1
1Z2J 93 0 0
2LV0 84 0 0
2M24 84 0 0
2NCI 15 1 1
2N6W 29 1 1
2LI4 83 1 1
1XHP 94 0 0
5N5C 79 0 0
5UF3 55 0 0
4A4T 46 0 0
2Y95 68 1 1
5N5C 81 1 1
2LPS 79 0 0
2KOC 60 1 1
2N6T 13 0 0
1Z2J 80 0 0
4A4S 34 0 0
4A4S 27 0 0
2M22 6 1 1
2LPA 40 0 0
5WQ1 56 0 0
5V16 71 0 0
2LPA 57 0 0
2NCI 66 1 1
2LUN 38 0 0
4A4T 75 1 1
2KOC 62 1 1
5KH8 70 0 0
2L1V 39 1 1
2N4L 52 0 0
2LPS 57 0 0
1XHP 7 0 0
2L3E 64 1 1
2MEQ 78 0 0
5IEM 70 0 0
2MXL 5 1 1
2RVO 48 0 0
1Z2J 25 1 1
2LHP 24 0 0
2LUB 89 1 1
28SR 37 0 0
2N6W 76 0 0
5N5C 88 1 1
2L3E 44 1 1
2LDL 59 0 0
2LP9 27 0 0
5KH8 72 1 1
2JWV 3 1 1
5LSN 91 1 1
2N2P 78 0 0
5A17 5 1 1
5UZT 97 0 0
2LDL 39 1 1
2QH4 54 0 0
2N2O 37 0 0
2LP9 54 0 0
2MHI 85 1 1
2K66 69 1 1
2LDL 9 0 0
2LPS 80 0 0
2LV0 97 0 0
2N6X 79 0 0
5KMZ 14 1 1
2N6W 70 0 0
2MEQ 82 1 1
5KMZ 77 0 0
2LQZ 5 1 1
2LPA 32 1 1
2MXL 28 1 1
5V17 94 0 0
28SR 65 0 0
2FDT 69 1 1
2K66 26 1 1
5UF3 71 0 0
2LP9 19 0 0
2LHP 27 0 0
2LPA 65 0 0
1ZC5 96 0 0
2LU0 80 0 0
5KH8 16 1 1
2JWV 61 0 0
2KOC 14 1 1
2LQZ 2 0 0
2LBJ 44 1 1
2L3E 36 0 0
2MEQ 92 1 1
1XHP 26 1 1
2LP9 24 0 0
2N6S 91 1 1
2LUN 58 0 0
6EZ0 24 0 0
5N5C 21 0 0
5N5C 35 0 0
2LP9 16 1 1
2M8K 95 0 0
5A17 74 0 0
2LPA 63 0 0
2MXL 95 0 0
2K66 74 1 1
2MXL 10 0 0
5V16 98 1 1
5IEM 88 1 1
2MNC 51 0 0
2NCI 23 0 0
2LBJ 54 0 0
1Z2J 2 0 0
5A18 9 0 0
2LPS 71 0 0
2LPA 87 0 0
2N2O 50 1 1
2Y95 100 0 0
2QH2 98 1 1
4A4U 52 0 0
4A4S 84 0 0
5UZT 92 1 1
4A4U 41 1 1
2K66 91 1 1
2LUB 47 0 0
1YSV 40 0 0
2LP9 87 0 0
1ZC5 39 1 1
1Z2J 61 0 0
1XHP 37 0 0
2K66 20 1 1
5KMZ 60 1 1
5V17 85 1 1
2QH2 3 1 1
1ZC5 77 0 0
6EZ0 65 0 0
2M8K 73 0 0
2MXL 77 0 0
2M21 54 0 0
5KH8 35 0 0
2LBJ 8 1 1
2M21 19 0 0
1ZC5 3 1 1
2L3E 76 0 0
5KQE 38 0 0
5A17 45 1 1
2N2P 30 0 0
2M4W 67 1 1
1ZC5 63 0 0
5LSN 7 0 0
2LHP 66 1 1
6EZ0 70 0 0
2Y95 6 1 1
2K66 34 1 1
2L1V 54 0 0
28SR 82 1 1
6EZ0 41 1 1
2LUN 75 1 1
1Z2J 73 0 0
5LWJ 15 1 1
5WQ1 98 1 1
2M24 82 1 1
2M4W 91 1 1
2N6T 77 0 0
2N6T 69 1 1
5N5C 45 1 1
2K66 10 0 0
2N2P 28 1 1
5V16 8 1 1
2MNC 97 0 0
2M24 50 1 1
2N6W 66 1 1
2M24 62 1 1
1YSV 31 0 0
2N6S 70 0 0
2M4W 51 0 0
5A18 68 1 1
5KQE 6 1 1
5KH8 2 0 0
2LDL 66 1 1
28SR 91 1 1
2QH2 78 0 0
1XHP 90 1 1
2LI4 36 0 0
2LPA 93 0 0
5IEM 27 0 0
1ZC5 52 0 0
2LU0 35 0 0
2LBL 19 0 0
2MHI 2 0 0
4A4T 15 1 1
2MNC 21 0 0
2LPA 43 1 1
1ZC5 100 0 0
2N6S 74 0 0
2MNC 68 1 1
6EZ0 71 0 0
2L3E 50 1 1
2N6X 21 0 0
2LP9 22 0 0
2LBJ 1 1 1
2N6T 99 1 1
2N6W 8 1 1
2LPS 25 1 1
5LWJ 53 1 1
2N2O 26 1 1
28SR 22 0 0
5KH8 68 1 1
2LDT 2 0 0
5A17 38 0 0
2LPS 84 0 0
2L1V 64 1 1
2QH4 15 1 1
2LBJ 2 0 0
2N6T 54 0 0
5V17 16 1 1
2LV0 16 1 1
5KQE 62 1 1
2LV0 36 0 0
2M22 39 1 1
28SR 36 0 0
2MHI 60 1 1
2LUB 4 0 0
2N2P 8 1 1
2KOC 30 0 0
2K66 89 1 1
2QH2 77 0 0
4A4T 4 0 0
5UZT 62 1 1
28SR 57 0 0
5IEM 49 1 1
2LPS 74 0 0
2QH4 3 1 1
2N6T 72 0 0
2M8K 22 0 0
2LBJ 6 1 1
5LWJ 19 0 0
2LK3 71 0 0
1ZC5 99 1 1
5N5C 75 1 1
2K66 98 1 1
2M8K 87 0 0
5IEM 51 0 0
5V17 43 0 0
5V17 10 0 0
2RVO 71 0 0
2LDT 59 0 0
2LI4 65 0 0
2LDL 35 0 0
2K66 56 0 0
1XHP 66 1 1
1YSV 78 0 0
2LK3 48 0 0
2N6S 75 1 1
2MNC 49 1 1
1XHP 27 0 0
2M5U 52 0 0
2FDT 26 1 1
4A4U 73 0 0
2N6X 54 0 0
2N2P 31 0 0
2LUB 70 0 0
2M8K 92 1 1
2JWV 65 0 0
2N4L 22 0 0
5KMZ 35 0 0
2LUN 57 0 0
2LBL 22 0 0
2LK3 43 1 1
2QH4 84 1 1
1ZC5 33 0 0
5KQE 45 1 1
5WQ1 17 0 0
2FDT 99 1 1
2MXL 3 1 1
2LUN 35 0 0
2N2P 72 1 1
2LDT 60 1 1
2N6T 31 0 0
2LDT 16 1 1
2K66 40 0 0
2MHI 33 0 0
1Z2J 29 1 1
2M5U 77 0 0
5V17 2 0 0
28SR 99 1 1
1XHP 8 1 1
2LPA 78 0 0
2L1V 3 1 1
2N4L 98 1 1
4A4T 29 1 1
1ZC5 71 0 0
2QH4 45 1 1
2LUB 66 1 1
5LWJ 83 1 1
2MNC 94 0 0
2LBL 38 0 0
5UZT 96 0 0
2LPA 33 0 0
5A18 84 0 0
2MXL 85 1 1
2L1V 50 1 1
2LK3 18 1 1
2LQZ 84 0 0
2MXL 14 1 1
2LV0 77 0 0
2LUB 26 1 1
2MEQ 35 0 0
5A17 80 0 0
1YSV 39 1 1
5A18 47 0 0
2LPS 18 1 1
1Z2J 52 0 0
5IEM 48 0 0
2L3E 91 1 1
2LPS 17 0 0
2QH4 75 1 1
2N6S 62 1 1
2NCI 53 1 1
5KH8 45 1 1
2L1V 13 0 0
2M24 64 1 1
2LUN 16 1 1
5UF3 3 1 1
2LBL 82 1 1
2M21 83 1 1
5A17 23 0 0
2LUB 8 1 1
2LQZ 19 0 0
2L1V 12 0 0
5N5C 28 1 1
2LQZ 59 0 0
2M21 71 0 0
2LBL 42 1 1
2L3E 90 1 1
2M4W 78 0 0
2N2O 47 0 0
2LK3 9 0 0
2LUN 26 1 1
2L1V 37 0 0
2Y95 99 1 1
2LP9 30 0 0
5KQE 81 1 1
5WQ1 95 0 0
2LBL 51 0 0
5N5C 71 0 0
2LBJ 9 0 0
5V16 53 1 1
2K66 37 0 0
2L1V 55 0 0
2MXL 9 0 0
1Z2J 84 0 0
2Y95 47 0 0
2M22 54 0 0
2LPS 67 1 1
2LPA 79 0 0
4A4S 25 1 1
2LK3 93 0 0
2N2P 84 0 0
5A18 2 0 0
5LWJ 72 1 1
5KH8 34 0 0
2MEQ 83 1 1
2QH4 89 1 1
4A4S 2 0 0
2NCI 78 0 0
5V16 60 1 1
2LUN 76 0 0
2N2P 58 0 0
2M22 88 1 1
2N6X 23 0 0
2MHI 35 0 0
2N2P 33 0 0
2KOC 93 0 0
2M21 45 1 1
5WQ1 82 1 1
4A4S 70 0 0
2N4L 12 0 0
2LK3 26 1 1
2N6S 26 1 1
2LPS 52 0 0
5N5C 51 0 0
1Z2J 43 0 0
5A18 69 1 1
2MNC 44 1 1
2LPS 47 0 0
2MHI 98 1 1
28SR 4 0 0
5UZT 18 1 1
1XHP 51 0 0
2MNC 75 1 1
5KMZ 20 1 1
2N2O 61 0 0
4A4T 93 0 0
2FDT 59 0 0
2M22 75 1 1
2QH2 99 1 1
4A4T 36 0 0
2N6S 21 0 0
2LBJ 52 0 0
1XHP 10 0 0
2MEQ 72 1 1
2LK3 8 1 1
2LV0 94 0 0
5KH8 84 0 0
2LI4 15 1 1
2L3E 72 1 1
5WQ1 94 0 0
4A4U 78 0 0
5V16 74 0 0
2K66 17 0 0
2LP9 97 0 0
5WQ1 57 0 0
2N6W 50 1 1
2LQZ 24 0 0
1ZC5 19 0 0
2MXL 31 0 0
2LI4 73 0 0
2NCI 57 0 0
28SR 28 1 1
2N2O 98 1 1
2LV0 37 0 0
2NCI 2 0 0
2LV0 92 1 1
2FDT 47 0 0
1Z2J 63 0 0
1Z2J 55 0 0
5UF3 97 0 0
6EZ0 63 0 0
2JWV 67 1 1
2MNC 45 1 1
1YSV 72 1 1
2LBJ 77 0 0
2Y95 74 0 0
2M8K 26 1 1
2LDT 83 1 1
2LPA 7 0 0
5A18 42 1 1
2QH4 51 0 0
5A18 5 1 1
2LPA 1 1 1
2JWV 94 0 0
2Y95 20 1 1
5LSN 46 0 0
5V16 67 1 1
4A4T 42 1 1
2LQZ 16 1 1
2NCI 84 0 0
5V16 10 0 0
2LPS 97 0 0
2N2P 10 0 0
5N5C 82 1 1
2QH4 58 0 0
2K66 82 1 1
2N6X 25 1 1
5WQ1 7 0 0
6EZ0 22 0 0
2FDT 42 1 1
2QH4 87 0 0
5UF3 52 0 0
2FDT 21 0 0
4A4U 3 1 1
2M21 79 0 0
5KMZ 78 0 0
2N6W 3 1 1
5WQ1 22 0 0
2M22 29 1 1
2KOC 83 1 1
2N6T 70 0 0
2N2O 69 1 1
4A4U 93 0 0
5KH8 19 0 0
6EZ0 25 1 1
2MNC 24 0 0
2LBJ 72 1 1
2N2P 73 0 0
2M8K 59 0 0
2LDT 47 0 0
5V17 51 0 0
2MXL 71 0 0
2M21 37 0 0
2M24 39 1 1
2M8K 93 0 0
2LDL 30 0 0
5WQ1 15 1 1
5V17 81 1 1
1XHP 76 0 0
2N6W 99 1 1
2N6S 85 1 1
4A4U 37 0 0
5LWJ 28 1 1
2LQZ 95 0 0
2N6W 78 0 0
5LWJ 61 0 0
2LDT 67 1 1
2M21 66 1 1
4A4S 15 1 1
2LUB 88 1 1
2QH2 24 0 0
5UZT 26 1 1
2N6W 80 0 0
2RVO 22 0 0
2L1V 46 0 0
2LQZ 91 1 1
5WQ1 58 0 0
2KOC 43 1 1
2QH4 82 1 1
5V16 14 1 1
2Y95 98 1 1
2N2P 57 0 0
2M24 73 0 0
4A4T 77 0 0
2M5U 17 0 0
1YSV 23 0 0
2LHP 93 0 0
1Z2J 26 1 1
5A17 83 1 1
2M24 4 0 0
2LP9 57 0 0
5KH8 52 0 0
2M21 78 0 0
5A17 30 0 0
2M5U 78 0 0
2KOC 46 0 0
2FDT 73 0 0
2LUB 57 0 0
4A4T 22 0 0
2MHI 89 1 1
2M8K 80 0 0
2MEQ 33 0 0
2LUN 82 1 1
1YSV 55 0 0
28SR 77 0 0
2NCI 79 0 0
2N6W 25 1 1
5KH8 21 0 0
2LI4 91 1 1
1Z2J 79 0 0
2FDT 27 0 0
5LSN 93 0 0
2MXL 98 1 1
6EZ0 49 1 1
2L3E 88 1 1
2N2O 40 0 0
1ZC5 83 1 1
2L3E 100 0 0
4A4T 84 0 0
2N6X 22 0 0
2LV0 31 0 0
2MEQ 38 0 0
5A17 67 1 1
5V16 13 0 0
2Y95 97 0 0
2L1V 19 0 0
2M5U 33 0 0
1Z2J 8 1 1
5KMZ 84 1 1
4A4S 69 1 1
2M8K 69 1 1
5KQE 94 0 0
5LSN 51 0 0
2RVO 84 0 0
2N6T 66 1 1
1Z2J 98 1 1
2LDT 91 1 1
2FDT 28 1 1
5LSN 71 0 0
28SR 43 0 0
2LQZ 21 0 0
2LBJ 39 1 1
2N6W 14 1 1
2FDT 37 0 0
2QH4 42 1 1
2N6T 80 0 0
5IEM 4 0 0
5IEM 44 1 1
2LUB 75 1 1
2N6W 93 0 0
5A18 73 0 0
5LWJ 89 1 1
2LP9 37 0 0
2MHI 74 0 0
2LUN 54 0 0
4A4T 43 0 0
2Y95 29 1 1
2LPS 9 0 0
5UF3 45 1 1
1XHP 48 0 0
2LU0 2 0 0
4A4U 100 0 0
1ZC5 98 1 1
2LHP 8 1 1
2N6S 42 1 1
2M21 13 0 0
2N2P 68 1 1
5KH8 37 0 0
4A4U 56 0 0
5N5C 31 0 0
5LWJ 47 0 0
2L1V 87 0 0
5V16 72 1 1
5UF3 22 0 0
2LDT 35 0 0
2LV0 33 0 0
5UZT 43 0 0
1Z2J 38 0 0
2LQZ 20 1 1
2LU0 87 0 0
2N2O 64 1 1
2N6S 37 0 0
2LBJ 5 1 1
2LK3 83 1 1
2KOC 3 1 1
5KQE 65 0 0
5V17 20 1 1
2LUN 22 0 0
5IEM 86 1 1
2M5U 85 1 1
5LWJ 23 0 0
2LK3 38 0 0
2Y95 71 0 0
1ZC5 48 0 0
4A4S 82 1 1
5LSN 73 0 0
2RVO 31 0 0
1XHP 35 0 0
2LU0 46 0 0
2MEQ 48 0 0
5KH8 77 0 0
2LDT 69 1 1
5KMZ 51 0 0
5LSN 99 1 1
2FDT 65 0 0
2QH4 32 1 1
5KH8 41 1 1
1XHP 75 1 1
2KOC 56 0 0
1ZC5 10 0 0
2N2P 81 1 1
1Z2J 83 1 1
2N6T 98 1 1
5KQE 53 1 1
5A18 82 1 1
2FDT 48 0 0
2LPA 46 0 0
5N5C 17 0 0
2LHP 71 0 0
2LV0 82 1 1
2LBJ 59 0 0
2LI4 81 1 1
2K66 21 0 0
1Z2J 92 1 1
2N6W 31 0 0
2FDT 41 1 1
5IEM 6 1 1
2LU0 33 0 0
2L3E 37 0 0
5LSN 20 1 1
2L3E 48 0 0
2MXL 91 1 1
6EZ0 100 0 0
2LUB 16 1 1
2N2O 5 1 1
2RVO 44 1 1
1XHP 61 0 0
2LHP 100 0 0
6EZ0 75 1 1
2LBJ 90 1 1
4A4U 85 1 1
5WQ1 83 1 1
5A17 13 0 0
5UF3 83 1 1
2LUN 44 1 1
2MEQ 16 1 1
4A4S 78 0 0
2FDT 36 0 0
5A18 41 1 1
5N5C 10 0 0
2MNC 3 1 1
2N6X 30 0 0
2N6T 59 0 0
2QH4 28 1 1
2FDT 82 1 1
5KMZ 53 1 1
1YSV 96 1 1
2LBL 64 1 1
1YSV 73 0 0
5V16 75 1 1
2Y95 35 0 0
5LWJ 43 0 0
2MNC 58 0 0
2M24 71 0 0
2LV0 70 1 1
2L1V 25 1 1
2M22 51 0 0
2L3E 14 1 1
4A4U 34 0 0
5N5C 12 0 0
2LBJ 74 0 0
2LHP 63 0 0
2LV0 98 1 1
2MNC 96 1 1
2LI4 42 1 1
2NCI 68 1 1
4A4U 23 0 0
5V17 89 1 1
2MNC 99 1 1
2LDT 31 0 0
2LK3 61 0 0
2N6W 51 0 0
2NCI 67 1 1
5UZT 93 0 0
2N2O 56 0 0
1XHP 79 0 0
2RVO 32 1 1
2LBL 40 0 0
4A4U 49 1 1
28SR 16 1 1
4A4U 45 1 1
2M5U 22 0 0
5LSN 80 0 0
2L1V 83 1 1
2LBJ 65 0 0
2LK3 80 0 0
5KMZ 26 1 1
5N5C 89 1 1
2MXL 32 1 1
4A4U 87 0 0
2FDT 87 0 0
2FDT 96 1 1
2LP9 12 0 0
2KOC 13 0 0
2LPA 50 1 1
2M8K 19 0 0
5V16 5 1 1
2LBJ 68 1 1
5KH8 92 1 1
2LPA 31 0 0
5N5C 6 1 1
1Z2J 21 0 0
4A4U 2 0 0
2L3E 66 1 1
5A17 18 1 1
2LI4 93 0 0
2N6W 56 0 0
2N4L 7 0 0
2LPS 14 1 1
5V16 20 1 1
2MHI 58 0 0
2K66 75 1 1
2MHI 84 1 1
1ZC5 6 1 1
2M4W 60 1 1
28SR 40 0 0
2K66 14 1 1
5UF3 40 0 0
2N2O 91 1 1
2M8K 58 0 0
2MXL 50 1 1
5A17 63 0 0
2L3E 25 1 1
2N4L 72 1 1
2L3E 83 1 1
2M22 28 1 1
2NCI 80 0 0
2LU0 94 0 0
2K66 35 0 0
2LI4 75 1 1
2N2P 39 1 1
2RVO 24 0 0
2MEQ 57 0 0
5LSN 30 0 0
2M8K 91 1 1
6EZ0 93 0 0
2MHI 79 0 0
5WQ1 64 1 1
2JWV 21 0 0
2N6W 47 0 0
2LQZ 14 1 1
2MEQ 56 0 0
2N4L 79 0 0
2LI4 11 0 0
2LI4 44 1 1
2MXL 23 0 0
2LBL 20 1 1
2LI4 5 1 1
1ZC5 58 0 0
2N6T 33 0 0
2FDT 31 0 0
2N6W 27 0 0
5V17 56 0 0
2Y95 72 1 1
2L3E 94 0 0
2MXL 61 0 0
2LK3 66 1 1
2M8K 86 1 1
5V16 24 0 0
4A4U 98 1 1
5N5C 38 0 0
2MHI 7 0 0
2LUN 45 1 1
2LPA 36 0 0
5V16 64 1 1
2L1V 86 1 1
5A17 25 1 1
2M4W 82 1 1
2LV0 26 1 1
2M8K 82 1 1
2LHP 56 0 0
5WQ1 14 1 1
2N2O 92 1 1
2LUB 38 0 0
2N2O 96 1 1
1YSV 68 1 1
5UZT 42 1 1
4A4S 65 0 0
4A4S 58 0 0
2N4L 54 0 0
2MXL 4 0 0
2RVO 86 1 1
2Y95 76 0 0
5KMZ 56 0 0
2LBL 89 1 1
2RVO 47 0 0
2N6X 77 0 0
1YSV 38 0 0
2L1V 74 0 0
5LWJ 52 0 0
5A18 74 0 0
4A4S 85 1 1
2LI4 49 1 1
5KMZ 38 0 0
2N6W 53 1 1
2JWV 16 1 1
4A4T 56 0 0
5KMZ 98 1 1
2LP9 59 0 0
5KH8 86 1 1
5V17 62 1 1
2RVO 68 1 1
2LK3 12 0 0
2LU0 69 1 1
5WQ1 34 0 0
5V17 66 1 1
2LUN 25 1 1
2N2O 21 0 0
1YSV 59 0 0
5A17 57 0 0
2N4L 27 0 0
2LDL 67 1 1
28SR 15 1 1
2M22 74 0 0
2NCI 16 1 1
2MXL 87 0 0
2LUB 31 0 0
2MXL 83 1 1
2RVO 11 0 0
2N4L 32 1 1
2QH2 97 0 0
2M21 98 1 1
2QH4 55 0 0
4A4S 95 0 0
2L3E 41 1 1
5IEM 45 1 1
5V17 14 1 1
2N6T 46 0 0
5UZT 59 0 0
5IEM 13 0 0
5LSN 11 0 0
5LSN 3 1 1
2FDT 9 0 0
5UZT 1 1 1
2N6X 75 1 1
4A4S 88 1 1
2LUN 49 1 1
2LK3 82 1 1
5IEM 65 0 0
2M4W 86 1 1
5LWJ 69 1 1
2N2O 17 0 0
5UZT 12 0 0
2M4W 32 1 1
2M8K 8 1 1
5UZT 70 0 0
2M5U 75 1 1
2N6W 58 0 0
5A17 81 1 1
2FDT 44 1 1
2N4L 62 1 1
4A4T 50 1 1
1Z2J 24 0 0
5KMZ 6 1 1
2N2O 86 1 1
4A4S 4 0 0
5KMZ 71 0 0
2LDT 3 1 1
2M24 19 0 0
2LP9 73 0 0
2QH2 26 1 1
2LQZ 37 0 0
1YSV 81 1 1
2N2P 67 1 1
2LQZ 74 0 0
2M22 79 0 0
5KMZ 75 1 1
2N4L 35 0 0
2LDL 23 0 0
2M8K 84 1 1
4A4U 26 1 1
2QH4 57 0 0
2FDT 40 0 0
2MXL 100 0 0
2N4L 66 1 1
2MNC 47 0 0
1Z2J 90 1 1
5WQ1 53 1 1
2QH2 1 1 1
2N2P 32 1 1
2L1V 76 0 0
2LUN 5 1 1
2QH2 7 0 0
5V17 80 0 0
2MEQ 80 0 0
2N2P 26 1 1
2QH4 76 0 0
1XHP 42 1 1
5KQE 26 1 1
5LWJ 34 0 0
4A4U 6 1 1
5KMZ 82 1 1
4A4T 27 0 0
5WQ1 41 1 1
4A4T 91 1 1
2M24 47 0 0
4A4U 90 1 1
2M4W 31 0 0
2N2P 38 0 0
5WQ1 54 0 0
5V16 100 0 0
2MEQ 40 0 0
5V17 5 1 1
2KOC 77 1 1
2LUB 84 0 0
2LDL 92 1 1
2NCI 8 1 1
2FDT 7 0 0
4A4T 85 1 1
4A4S 100 0 0
2L3E 15 1 1
2QH4 64 1 1
1ZC5 88 1 1
2L3E 92 1 1
1ZC5 8 1 1
2LDL 37 0 0
2LP9 64 1 1
2LDL 28 1 1
4A4S 53 1 1
2N6T 17 0 0
2LBL 56 0 0
5IEM 2 0 0
5KH8 78 0 0
1ZC5 41 1 1
2LP9 2 0 0
5UF3 95 0 0
2LPA 56 0 0
5V17 19 0 0
2QH4 5 1 1
2LPS 5 1 1
2MNC 56 0 0
2LV0 96 1 1
2K66 48 0 0
2K66 65 0 0
5UF3 21 0 0
4A4U 19 0 0
2LPS 54 0 0
2NCI 100 0 0
2LHP 4 0 0
2N2O 59 0 0
5KH8 79 0 0
1YSV 67 1 1
2LK3 81 1 1
2N6X 5 1 1
2K66 66 1 1
5UZT 29 1 1
2L1V 26 1 1
2KOC 57 0 0
2M21 21 0 0
5WQ1 32 1 1
2LBL 71 0 0
5KQE 82 1 1
2LP9 40 0 0
2LBJ 15 1 1
5V16 29 1 1
2N6S 35 0 0
2N2O 100 0 0
2K66 52 0 0
5KQE 88 1 1
2M22 4 0 0
5KMZ 1 1 1
5A17 50 1 1
5V17 87 0 0
1YSV 52 0 0
2L3E 33 0 0
2LV0 9 0 0
2LDT 43 0 0
2QH4 39 1 1
2N2P 17 0 0
1ZC5 47 0 0
2MNC 69 1 1
5WQ1 59 0 0
2M21 31 0 0
2LI4 71 0 0
4A4T 55 0 0
2N6T 19 0 0
2MHI 8 1 1
2MHI 86 1 1
2K66 7 0 0
5IEM 15 1 1
5UZT 27 0 0
2M21 76 0 0
2N6W 18 1 1
2MNC 35 0 0
2LK3 47 0 0
6EZ0 87 0 0
2N2O 71 0 0
2LDT 1 1 1
2L3E 18 1 1
2M24 88 1 1
2M8K 60 1 1
2N6S 36 0 0
2LI4 50 1 1
2LU0 41 1 1
2N6W 34 0 0
2LHP 3 1 1
1XHP 88 1 1
5V16 84 0 0
2MHI 50 1 1
2M21 100 0 0
2FDT 22 0 0
5IEM 60 1 1
5N5C 69 1 1
2LHP 57 0 0
5IEM 99 1 1
5N5C 80 0 0
5V17 58 0 0
2N6T 18 1 1
5N5C 57 0 0
2N2P 7 0 0
2MXL 12 0 0
2LBL 2 0 0
5UF3 1 1 1
2LQZ 36 0 0
5A18 39 1 1
2FDT 85 1 1
5UZT 19 0 0
2LHP 10 0 0
2N2O 25 1 1
2MNC 67 1 1
5WQ1 50 1 1
2M22 36 0 0
2N4L 83 1 1
4A4T 3 1 1
2LBJ 43 1 1
5KMZ 5 1 1
1XHP 11 0 0
2N6T 89 1 1
2MXL 19 0 0
2M4W 46 0 0
2LI4 59 0 0
4A4T 94 0 0
2Y95 17 0 0
2Y95 36 0 0
2M4W 65 0 0
2MXL 33 0 0
2M5U 7 0 0
2N6T 85 1 1
5A17 6 1 1
2LU0 97 0 0
2M24 86 1 1
4A4S 68 1 1
2M21 72 1 1
2LP9 46 0 0
2N6S 100 0 0
2LPS 100 0 0
2N2P 94 0 0
2FDT 70 1 1
2FDT 38 0 0
2M4W 83 1 1
5KMZ 39 1 1
2N6T 100 0 0
2M8K 88 1 1
2MXL 74 0 0
2M24 59 0 0
2MEQ 14 1 1
2N4L 58 0 0
2MHI 67 1 1
2LU0 77 0 0
2QH2 45 1 1
2N2P 22 0 0
2LDT 9 0 0
2N2P 6 1 1
5V16 27 0 0
2JWV 5 1 1
6EZ0 42 1 1
2Y95 42 1 1
5UZT 10 0 0
2M24 51 0 0
2MHI 88 1 1
2Y95 49 1 1
2M4W 11 0 0
2LDL 33 0 0
2LI4 48 0 0
2M22 2 0 0
2N6T 88 1 1
2MNC 17 0 0
6EZ0 50 1 1
5LSN 13 0 0
4A4U 67 1 1
2QH4 73 0 0
2JWV 89 1 1
2MNC 86 1 1
2MHI 56 0 0
2KOC 23 0 0
2NCI 3 1 1
2N6T 3 1 1
5V17 35 0 0
2QH4 37 0 0
2M5U 88 1 1
2N6W 44 1 1
2LI4 78 0 0
2LBJ 50 1 1
2MHI 51 0 0
2L3E 3 1 1
2Y95 96 1 1
2LDT 94 0 0
2QH4 59 0 0
2LQZ 15 1 1
4A4T 40 0 0
6EZ0 19 0 0
2LDL 24 0 0
2QH2 65 0 0
4A4S 20 1 1
2QH2 60 1 1
5LSN 56 0 0
5KH8 32 1 1
2M4W 47 0 0
2NCI 33 0 0
2M8K 94 0 0
5KH8 82 1 1
2LPS 88 1 1
2L1V 18 1 1
2N6X 74 0 0
2NCI 6 1 1
2LI4 2 0 0
2Y95 27 0 0
2FDT 60 1 1
2QH4 18 1 1
2MXL 42 1 1
2MXL 40 0 0
2MEQ 99 1 1
2N6S 23 0 0
2N6X 47 0 0
2N4L 90 1 1
2K66 8 1 1
2N6X 68 1 1
2FDT 84 0 0
2LBL 9 0 0
2N6W 12 0 0
28SR 23 0 0
2M21 34 0 0
1XHP 36 0 0
5LWJ 87 0 0
2MNC 36 0 0
2KOC 76 0 0
5N5C 19 0 0
5KQE 64 1 1
5A18 23 0 0
2N6S 94 0 0
5A17 29 1 1
2LHP 67 1 1
2M22 37 0 0
5UF3 59 0 0
2LBJ 84 1 1
1Z2J 28 1 1
2KOC 27 0 0
2N2O 20 1 1
2N2O 46 0 0
2LU0 55 0 0
2N6X 66 1 1
2LUB 22 0 0
2M4W 43 1 1
5KQE 69 1 1
2N2O 31 0 0
2N4L 9 0 0
2LI4 37 0 0
5KMZ 99 1 1
2M24 29 1 1
2Y95 41 1 1
2N2O 87 0 0
2MEQ 70 1 1
5UZT 34 0 0
2LI4 8 1 1
2LBJ 91 1 1
2N6S 9 0 0
5V17 82 1 1
2LDL 75 1 1
2LHP 70 0 0
5A17 91 1 1
2M5U 94 0 0
2LQZ 35 0 0
5KH8 93 0 0
5A17 71 0 0
2LP9 9 0 0
2KOC 26 1 1
2LUB 93 0 0
5A18 91 1 1
2LUN 81 1 1
28SR 100 0 0
2N2O 85 1 1
2MHI 16 1 1
5KQE 79 0 0
5A17 19 0 0
4A4T 14 1 1
2KOC 17 0 0
2LDL 17 0 0
28SR 66 1 1
2MNC 46 0 0
2LV0 34 0 0
2N6X 12 0 0
2FDT 10 0 0
1YSV 47 0 0
5KMZ 19 0 0
5UZT 69 1 1
2M4W 20 1 1
2JWV 30 0 0
2LHP 37 0 0
5V17 33 0 0
2M5U 23 0 0
2MHI 19 0 0
2LBJ 97 0 0
5LWJ 90 1 1
28SR 71 0 0
4A4T 26 1 1
2N6X 17 0 0
2LK3 90 1 1
2LUN 12 0 0
5KH8 59 0 0
1Z2J 5 1 1
2M24 23 0 0
2M8K 21 0 0
2MHI 80 0 0
2N4L 15 1 1
5KQE 3 1 1
2N4L 89 1 1
2LPS 6 1 1
5UZT 23 0 0
2N6T 92 1 1
2N6X 29 1 1
2M21 51 0 0
2M22 48 0 0
2N2O 1 1 1
6EZ0 73 0 0
2M8K 17 0 0
2LUB 53 1 1
2LK3 55 0 0
2LBL 16 1 1
2QH4 4 0 0
5UF3 72 1 1
5LSN 61 0 0
5LWJ 30 0 0
2Y95 57 0 0
2LDT 52 0 0
2LU0 16 1 1
2N6X 45 1 1
2LPA 4 0 0
2L1V 80 0 0
2MXL 29 1 1
2FDT 50 1 1
2M8K 68 1 1
5V17 9 0 0
5A17 68 1 1
2LU0 67 1 1
5LWJ 4 0 0
2LDT 26 1 1
5KQE 30 0 0
2MHI 20 1 1
4A4S 61 0 0
2FDT 77 0 0
2MXL 11 0 0
5N5C 55 0 0
2M24 8 1 1
2LDT 53 1 1
2M5U 100 0 0
2Y95 33 0 0
6EZ0 59 0 0
28SR 46 0 0
2QH4 38 0 0
5KMZ 32 1 1
1ZC5 42 1 1
4A4T 1 1 1
2QH4 67 1 1
5UZT 98 1 1
2Y95 82 1 1
1ZC5 4 0 0
2MEQ 41 1 1
2Y95 15 1 1
5KH8 12 0 0
2RVO 78 0 0
2M24 70 0 0
1Z2J 42 1 1
5LSN 38 0 0
2LDT 80 0 0
2K66 87 0 0
2LHP 98 1 1
1YSV 71 0 0
2MEQ 67 1 1
5V16 81 1 1
2KOC 97 1 1
2LBJ 28 1 1
5UZT 54 0 0
2M22 76 0 0
2LDL 77 0 0
2LI4 18 1 1
2LP9 96 1 1
2LQZ 30 0 0
5LWJ 57 0 0
2JWV 36 0 0
5KH8 15 1 1
5A18 61 0 0
2NCI 91 1 1
5A18 46 0 0
2JWV 71 0 0
2N6S 79 0 0
5A17 8 1 1
2MEQ 15 1 1
2M22 95 0 0
2JWV 82 1 1
2LUB 13 0 0
2N6T 32 1 1
4A4U 1 1 1
2MNC 16 1 1
2N6S 93 0 0
5LSN 94 0 0
4A4S 45 1 1
5A17 61 0 0
2NCI 61 0 0
2M22 70 1 1
2LHP 86 1 1
5UF3 76 0 0
5KH8 91 1 1
2LDL 50 1 1
2KOC 67 1 1
5IEM 80 0 0
5WQ1 40 0 0
5WQ1 88 1 1
5UF3 84 1 1
2LK3 68 1 1
5N5C 49 1 1
2NCI 88 1 1
2QH2 43 0 0
2N2P 88 1 1
4A4S 73 0 0
2LV0 58 0 0
5KH8 95 0 0
5N5C 74 0 0
2LBJ 94 0 0
2M4W 38 0 0
2M8K 81 1 1
2LBL 21 0 0
2N2P 54 0 0
2N6W 86 1 1
2LBJ 95 0 0
2M21 28 1 1
2N6W 79 0 0
5KMZ 64 1 1
5KH8 9 0 0
2LI4 99 1 1
5IEM 89 1 1
2LUN 77 0 0
2NCI 51 0 0
5A17 40 0 0
28SR 86 1 1
5UZT 80 0 0
2MHI 31 0 0
2M21 48 0 0
2Y95 12 0 0
2LU0 82 1 1
2LPA 44 1 1
2M24 17 0 0
2N2P 83 1 1
2L1V 48 0 0
2LDT 90 1 1
2LP9 61 0 0
2NCI 55 0 0
2L3E 97 0 0
2LQZ 25 1 1
4A4S 71 0 0
2M21 56 0 0
5KMZ 7 0 0
2NCI 25 1 1
4A4U 91 1 1
2M24 25 1 1
2FDT 11 0 0
2N6T 36 0 0
2LP9 62 1 1
28SR 47 0 0
2LDL 60 1 1
2FDT 34 0 0
2MEQ 53 1 1
5A17 37 0 0
2M21 69 1 1
5UZT 94 0 0
2MHI 14 1 1
5V17 28 1 1
2M22 32 1 1
5KQE 16 1 1
2LK3 31 0 0
2N2O 3 1 1
2QH2 12 0 0
5UF3 90 1 1
5A17 88 1 1
5UZT 71 0 0
5UF3 78 0 0
2LI4 89 1 1
5A17 3 1 1
1YSV 61 0 0
2N6S 41 1 1
4A4U 30 0 0
2M21 80 0 0
2LHP 52 0 0
5V17 23 0 0
4A4U 59 0 0
2M5U 98 1 1
2LU0 26 1 1
5UZT 50 1 1
2M21 2 0 0
2LPS 82 1 1
2N6X 11 0 0
2JWV 15 1 1
2N6W 88 1 1
2N4L 38 0 0
2N6W 28 1 1
2N6S 71 0 0
5IEM 31 0 0
2LPS 2 0 0
2LV0 54 0 0
5A17 79 0 0
2LI4 62 1 1
5N5C 4 0 0
1YSV 43 1 1
1Z2J 59 0 0
2LDT 97 0 0
2LI4 3 1 1
2M22 42 1 1
2JWV 50 1 1
2LUB 24 0 0
2N2P 52 0 0
2L1V 71 0 0
5A18 45 1 1
2M5U 8 1 1
5A17 33 0 0
2LV0 1 1 1
2LDL 64 1 1
2M5U 57 0 0
6EZ0 29 1 1
5N5C 96 1 1
2LI4 97 0 0
5LSN 78 0 0
2LUN 50 1 1
2LPA 12 0 0
2QH4 47 0 0
28SR 7 0 0
2LP9 6 1 1
2LP9 14 1 1
2M4W 34 0 0
5LSN 10 0 0
2MNC 80 0 0
28SR 64 1 1
2LBL 24 0 0
2N6X 24 0 0
5IEM 16 1 1
2N6S 98 1 1
2N6W 100 0 0
2LI4 32 1 1
2JWV 84 0 0
2M24 34 0 0
2QH4 99 1 1
2LBJ 19 0 0
2MNC 60 1 1
2LV0 81 1 1
5A18 1 1 1
2N6S 27 0 0
2MHI 41 1 1
1YSV 100 0 0
2LQZ 22 0 0
2LUB 51 0 0
2N6W 36 0 0
2N6W 65 0 0
2LUN 11 0 0
2QH4 61 0 0
2N6W 43 0 0
2LV0 29 1 1
5IEM 22 0 0
1ZC5 66 1 1
2LPS 72 1 1
5LSN 72 1 1
2MEQ 27 0 0
2M5U 32 1 1
2M5U 65 0 0
2LV0 50 1 1
2LDL 89 1 1
2LHP 82 1 1
2LPS 63 0 0
5UZT 14 1 1
2M21 10 0 0
1XHP 39 1 1
2M4W 53 1 1
2N6S 18 1 1
2LV0 57 0 0
2MEQ 79 0 0
2M21 87 0 0
5UF3 62 1 1
2L3E 58 0 0
5WQ1 2 0 0
5KQE 10 0 0
2L3E 98 1 1
2N2P 53 1 1
2LDT 72 1 1
4A4U 21 0 0
2N4L 80 0 0
28SR 53 1 1
5UF3 12 0 0
2KOC 29 1 1
5UZT 74 0 0
2M4W 37 0 0
4A4T 96 1 1
2K66 23 0 0
5WQ1 42 1 1
5LWJ 18 1 1
2M24 89 1 1
2LHP 96 1 1
5KH8 13 0 0
2N6S 72 1 1
2M5U 97 0 0
2N2P 49 1 1
5LSN 62 1 1
2N6T 78 0 0
2QH4 94 0 0
4A4T 35 0 0
2LU0 60 1 1
2LPS 27 0 0
5WQ1 63 0 0
2MHI 53 1 1
4A4S 37 0 0
5UZT 83 1 1
2LDT 46 0 0
2QH2 30 0 0
2QH4 50 1 1
28SR 30 0 0
2N6S 51 0 0
2LBL 11 0 0
2L1V 17 0 0
2N6X 63 0 0
2Y95 2 0 0
2M21 14 1 1
2LUN 95 0 0
2L3E 1 1 1
1XHP 57 0 0
2M5U 21 0 0
2RVO 88 1 1
1Z2J 9 0 0
2LQZ 12 0 0
2LDT 41 1 1
28SR 26 1 1
2JWV 98 1 1
2LBL 66 1 1
2LI4 24 0 0
2LHP 94 0 0
2LUB 2 0 0
2QH4 24 0 0
5LWJ 76 0 0
5A17 84 0 0
2L1V 79 0 0
5UF3 77 0 0
2Y95 48 0 0
2KOC 20 1 1
5UF3 94 0 0
5N5C 97 0 0
2LDT 68 1 1
5KMZ 73 0 0
2JWV 22 0 0
4A4S 90 1 1
2N6T 7 0 0
2M5U 49 1 1
2LK3 79 0 0
2N6T 67 1 1
1ZC5 37 0 0
2M21 43 1 1
2L3E 84 0 0
2M21 8 1 1
2MXL 70 0 0
2N6T 25 1 1
2Y95 94 0 0
1ZC5 91 1 1
2K66 38 0 0
1YSV 14 1 1
2L3E 69 1 1
2N6S 24 0 0
2L1V 38 0 0
2LU0 100 0 0
5UF3 81 1 1
1Z2J 58 0 0
2LU0 39 1 1
2LDL 40 0 0
2LBJ 53 1 1
5LWJ 24 0 0
2L1V 93 0 0
2LP9 47 0 0
2LV0 59 0 0
2LPA 73 0 0
2N2O 65 0 0
2RVO 74 0 0
1YSV 33 0 0
2LUN 63 0 0
2N6W 32 1 1
28SR 42 1 1
2N6W 61 0 0
2LPS 30 0 0
2LI4 69 1 1
2LQZ 76 0 0
5N5C 48 0 0
5UZT 25 1 1
2LHP 99 1 1
2M22 26 1 1
4A4U 62 1 1
2LV0 73 0 0
2LBL 95 0 0
1YSV 36 0 0
2Y95 50 1 1
2LI4 60 1 1
2LK3 45 1 1
2LBL 79 0 0
4A4T 7 0 0
5V16 9 0 0
2MXL 47 0 0
6EZ0 32 1 1
2N6T 58 0 0
1YSV 30 0 0
2M22 1 1 1
1XHP 28 1 1
5IEM 17 0 0
2LBL 35 0 0
5V16 87 0 0
5V16 89 1 1
5V16 97 0 0
2N6T 44 1 1
4A4T 65 0 0
2RVO 15 1 1
28SR 60 1 1
2MXL 59 0 0
2LUB 92 1 1
2LPS 10 0 0
5N5C 98 1 1
2LUN 67 1 1
2QH2 58 0 0
2LP9 5 1 1
6EZ0 67 1 1
1Z2J 3 1 1
5V17 21 0 0
2N6X 2 0 0
2N2O 52 0 0
2L1V 65 0 0
1YSV 25 1 1
2M5U 26 1 1
5V16 51 0 0
2LPA 66 1 1
2M4W 73 0 0
2M4W 61 0 0
5KH8 23 0 0
2M4W 97 0 0
2JWV 48 0 0
5A18 98 1 1
2MHI 24 0 0
2NCI 9 0 0
2LK3 58 0 0
2LHP 89 1 1
2L1V 36 0 0
2LDT 51 0 0
2FDT 24 0 0
2LDL 54 0 0
2M8K 39 1 1
2LBJ 89 1 1
2NCI 14 1 1
2QH4 22 0 0
2MNC 41 1 1
5V16 43 0 0
2KOC 78 0 0
2MEQ 95 0 0
2LPS 23 0 0
2Y95 55 0 0
1XHP 67 1 1
2N2O 95 0 0
2NCI 58 0 0
2LDT 82 1 1
5LWJ 95 0 0
2N4L 93 0 0
5UZT 49 1 1
2MNC 30 0 0
5KH8 4 0 0
2LPA 45 1 1
5LWJ 39 1 1
2N6S 32 1 1
2NCI 85 1 1
2MXL 43 0 0
4A4S 77 0 0
2K66 83 1 1
2LQZ 64 1 1
2N6W 21 0 0
1Z2J 27 0 0
2K66 61 0 0
5WQ1 48 0 0
2FDT 15 1 1
2LI4 6 1 1
2N6X 80 0 0
2M24 92 1 1
2N6S 31 0 0
4A4T 54 0 0
2L1V 9 0 0
1YSV 94 0 0
2K66 43 1 1
2JWV 13 0 0
4A4S 26 1 1
2LP9 71 0 0
5WQ1 20 1 1
2N2O 39 1 1
28SR 2 0 0
2MXL 41 1 1
2KOC 50 1 1
2Y95 51 0 0
2LK3 29 1 1
1ZC5 75 1 1
5A17 62 1 1
2M4W 36 0 0
2L3E 8 1 1
5V17 17 0 0
5A18 36 0 0
28SR 10 0 0
2FDT 79 0 0
2JWV 93 0 0
2LI4 12 0 0
2M22 35 0 0
2JWV 56 0 0
2QH4 41 1 1
2RVO 80 0 0
2N4L 40 0 0
5KH8 25 1 1
4A4T 71 0 0
2M8K 34 0 0
2FDT 91 1 1
2M4W 7 0 0
2LHP 76 0 0
2M8K 30 0 0
5LSN 5 1 1
2LUB 97 0 0
2M8K 25 1 1
2M21 61 0 0
2LP9 72 1 1
5V17 26 1 1
2K66 44 1 1
5LWJ 10 0 0
1YSV 83 1 1
4A4T 28 1 1
2NCI 39 1 1
2M22 17 0 0
2L3E 54 0 0
2RVO 8 1 1
2JWV 54 0 0
1YSV 49 1 1
2K66 9 0 0
1ZC5 70 0 0
1XHP 24 0 0
2MHI 13 0 0
2LBL 86 1 1
2LPA 58 0 0
2LU0 61 0 0
2LBJ 100 0 0
2QH4 9 0 0
28SR 70 0 0
5V17 59 0 0
2LBJ 93 0 0
1YSV 7 0 0
2LDT 85 1 1
5KH8 22 0 0
1ZC5 51 0 0
2N6T 20 1 1
2LBL 61 0 0
1XHP 49 1 1
5LSN 33 0 0
2LDT 44 1 1
5UZT 28 1 1
2N6X 52 0 0
5A18 22 0 0
6EZ0 3 1 1
2LV0 12 0 0
4A4T 5 1 1
2N2O 9 0 0
5UZT 89 1 1
5KQE 39 1 1
5V17 34 0 0
2M5U 34 0 0
2M22 72 1 1
5V17 37 0 0
2Y95 77 0 0
5UZT 67 1 1
2LQZ 26 1 1
1XHP 31 0 0
2LUB 7 0 0
2LBL 27 0 0
2LUB 30 0 0
2MNC 14 1 1
5KH8 40 0 0
1YSV 74 0 0
2M21 77 0 0
5UF3 65 0 0
2MEQ 42 1 1
4A4T 92 1 1
5KMZ 59 0 0
5A17 43 0 0
5WQ1 51 0 0
2KOC 8 1 1
2LDT 70 0 0
2N6S 3 1 1
5N5C 25 1 1
5KH8 48 0 0
2Y95 61 0 0
2M8K 96 1 1
28SR 94 0 0
2L3E 2 0 0
2LUB 18 1 1
5LSN 92 1 1
4A4S 80 0 0
2L1V 73 0 0
5UZT 7 0 0
5LSN 21 0 0
2M24 12 0 0
1ZC5 85 1 1
2N6W 11 0 0
2LI4 64 1 1
2MHI 46 0 0
2LK3 2 0 0
2N6W 13 0 0
4A4S 8 1 1
2L3E 59 0 0
2JWV 41 1 1
2M5U 11 0 0
2M24 14 1 1
5LWJ 55 0 0
5UZT 99 1 1
2LBJ 87 0 0
2M21 63 0 0
5KH8 89 1 1
2LK3 17 0 0
2LUN 70 0 0
2LPA 21 0 0
2M8K 44 1 1
5LWJ 88 1 1
5A18 71 0 0
2FDT 86 1 1
5A17 47 0 0
5V16 19 0 0
1XHP 77 0 0
2LUB 69 1 1
2JWV 26 1 1
2MNC 4 0 0
2N2P 14 1 1
2LDT 8 1 1
2LPA 6 1 1
1ZC5 76 0 0
1XHP 81 1 1
2LQZ 71 0 0
2N6W 26 1 1
2M22 87 0 0
2M22 94 0 0
5KQE 21 0 0
1YSV 90 1 1
5V17 39 1 1
5UZT 6 1 1
5WQ1 91 1 1
4A4T 38 0 0
2LPS 60 1 1
2QH2 50 1 1
5LWJ 73 0 0
2LU0 49 1 1
2LDL 84 0 0
2Y95 9 0 0
5KH8 17 0 0
5V17 15 1 1
2MNC 77 0 0
5LSN 55 0 0
2M8K 7 0 0
2LQZ 11 0 0
1Z2J 41 1 1
2LHP 18 1 1
5A17 100 0 0
2JWV 77 0 0
2N2P 3 1 1
5IEM 62 1 1
2Y95 38 0 0
5UF3 63 0 0
2LDL 83 1 1
2LBL 6 1 1
2LUN 55 0 0
4A4T 37 0 0
2L3E 28 1 1
2LP9 17 0 0
5KMZ 30 0 0
5LSN 44 1 1
2MNC 31 0 0
2M24 31 0 0
5LWJ 70 0 0
2M5U 56 0 0
2JWV 29 1 1
2LUB 74 0 0
5V16 69 1 1
2M5U 71 0 0
2LUB 68 1 1
5A18 13 0 0
2LBL 93 0 0
5KMZ 85 1 1
2M24 15 1 1
2M8K 51 0 0
2M24 27 0 0
2N4L 53 1 1
2M21 15 1 1
2N6T 49 1 1
5UF3 26 1 1
2N2O 18 1 1
5UF3 8 1 1
2LI4 55 0 0
1YSV 41 1 1
2LHP 90 1 1
2LUN 97 0 0
2N6T 38 0 0
6EZ0 16 1 1
5KQE 14 1 1
2L3E 70 0 0
2LBJ 37 0 0
2NCI 26 1 1
2L1V 100 0 0
2M22 16 1 1
2MEQ 1 1 1
5UF3 57 0 0
1XHP 25 1 1
2LQZ 50 1 1
2Y95 25 1 1
1Z2J 62 1 1
2N6S 11 0 0
2M5U 41 1 1
2MEQ 98 1 1
5KMZ 87 0 0
2LUN 23 0 0
2MNC 91 1 1
2N2O 10 0 0
2LI4 96 1 1
1XHP 9 0 0
2L3E 67 1 1
2LPA 3 1 1
2LK3 14 1 1
2M5U 62 1 1
28SR 1 1 1
5KQE 48 0 0
5N5C 18 1 1
2LPA 95 0 0
2LHP 40 0 0
5UF3 69 1 1
2N6W 35 0 0
2KOC 65 0 0
5V17 49 1 1
2LUN 34 0 0
5LSN 57 0 0
2NCI 4 0 0
2MHI 29 1 1
2M8K 2 0 0
2MHI 63 0 0
2LV0 69 1 1
4A4T 8 1 1
2KOC 91 1 1
2Y95 66 1 1
5A18 81 1 1
2JWV 99 1 1
2N6W 40 0 0
1Z2J 94 0 0
2QH4 20 1 1
2N6T 56 0 0
2M22 25 1 1
2LU0 98 1 1
2N2P 89 1 1
2N6T 42 1 1
2LBJ 13 0 0
2JWV 32 1 1
1Z2J 13 0 0
2N6T 55 0 0
5V17 48 0 0
2LI4 10 0 0
5WQ1 62 1 1
5UZT 84 0 0
2LUB 77 0 0
1YSV 99 1 1
5N5C 58 0 0
2N2P 82 1 1
5WQ1 97 0 0
5LWJ 35 0 0
2RVO 20 1 1
6EZ0 98 1 1
5KQE 60 1 1
2N6S 45 1 1
2LPA 35 0 0
2MXL 36 0 0
2FDT 71 0 0
2Y95 87 0 0
2M8K 42 1 1
2N2P 29 1 1
2M21 32 1 1
1Z2J 96 0 0
2M8K 72 1 1
2M24 77 0 0
4A4T 74 0 0
5A18 56 0 0
5WQ1 61 0 0
2NCI 49 1 1
2MHI 11 0 0
2LBL 5 1 1
5A18 63 0 0
2FDT 68 1 1
2LUN 47 0 0
2M5U 1 1 1
2LUN 40 0 0
4A4U 22 0 0
5IEM 42 1 1
2LPS 86 1 1
2LV0 10 0 0
2N2O 24 0 0
5A17 17 0 0
5KMZ 11 0 0
2LI4 46 0 0
2QH4 88 1 1
2N4L 16 1 1
5LWJ 31 0 0
2K66 51 0 0
2LBJ 62 1 1
2N6T 2 0 0
2LPS 75 1 1
1Z2J 78 0 0
2N6X 55 0 0
2LBJ 47 0 0
1Z2J 95 0 0
2L1V 78 0 0
2NCI 56 0 0
2LK3 62 1 1
2M5U 19 0 0
2LBJ 69 1 1
2MXL 18 1 1
2LUB 15 1 1
2MHI 25 1 1
2MXL 46 0 0
5V17 95 0 0
4A4U 81 1 1
2LDL 70 1 1
5A18 80 0 0
2L1V 5 1 1
2RVO 10 0 0
2N6W 64 1 1
2LV0 86 1 1
5KMZ 25 1 1
5IEM 57 0 0
2LDL 15 1 1
2N6T 86 1 1
2N6S 16 1 1
2LK3 27 0 0
2LUB 58 0 0
5IEM 14 1 1
5LWJ 62 1 1
5LSN 41 1 1
5A18 78 0 0
5KMZ 10 0 0
2QH2 31 0 0
4A4U 76 0 0
2LDL 98 1 1
2LBL 45 1 1
2KOC 34 1 1
1YSV 50 1 1
2N2O 48 0 0
2LUB 49 1 1
5KH8 47 0 0
1YSV 85 1 1
2KOC 88 1 1
2L1V 21 0 0
2LDT 88 1 1
2M4W 27 0 0
2N2O 35 0 0
5KH8 81 1 1
5KQE 73 0 0
5UZT 13 0 0
2JWV 73 0 0
2LPA 9 0 0
2LQZ 9 0 0
2LPS 36 0 0
2LU0 32 1 1
1Z2J 65 0 0
2MEQ 100 0 0
2LV0 5 1 1
2RVO 93 0 0
5N5C 11 0 0
2LDT 12 0 0
5UZT 61 0 0
2M5U 31 0 0
5IEM 33 0 0
1Z2J 10 0 0
5UZT 90 1 1
2LU0 51 0 0
2LUB 96 1 1
5A18 3 1 1
2LHP 1 1 1
2LU0 92 1 1
2L3E 85 1 1
2LBL 68 1 1
2LBJ 10 0 0
2MXL 48 0 0
2M22 50 1 1
2MNC 55 0 0
2Y95 31 0 0
4A4U 13 0 0
2M24 83 1 1
2MNC 38 0 0
2MHI 23 0 0
2N6S 67 1 1
2KOC 10 0 0
2M8K 71 0 0
2M5U 29 1 1
2M24 76 0 0
2MEQ 55 0 0
2N6S 76 0 0
2M5U 30 0 0
5WQ1 37 0 0
5UF3 98 1 1
1XHP 52 0 0
5V16 50 1 1
2QH2 66 1 1
2M8K 55 0 0
2LPA 70 1 1
2M22 14 1 1
2LDL 63 0 0
2LHP 15 1 1
2LQZ 53 1 1
5LSN 69 1 1
1YSV 13 0 0
5KMZ 94 0 0
1YSV 69 1 1
2LUB 23 0 0
5A18 67 1 1
2RVO 72 1 1
4A4U 51 0 0
5LSN 49 1 1
2M21 3 1 1
5IEM 19 0 0
2N6X 57 0 0
2LBL 46 0 0
2LDL 55 0 0
2N2P 59 0 0
2N6X 36 0 0
2LBJ 58 0 0
2MXL 38 0 0
5KQE 29 1 1
2MHI 27 0 0
4A4U 70 0 0
6EZ0 46 0 0
2LBJ 16 1 1
2LUN 84 0 0
2KOC 54 0 0
5KH8 54 0 0
2QH2 36 0 0
5UF3 15 1 1
2LU0 59 0 0
2N4L 100 0 0
1XHP 54 0 0
2N6T 62 1 1
5N5C 22 0 0
2LQZ 78 0 0
5N5C 62 1 1
5UF3 24 0 0
2Y95 16 1 1
2N2P 1 1 1
2LV0 53 1 1
5IEM 25 1 1
2M24 42 1 1
2LBL 13 0 0
4A4T 21 0 0
2N6X 64 1 1
2M8K 46 0 0
2QH2 49 1 1
5A18 12 0 0
5LWJ 20 1 1
2N4L 49 1 1
2N6S 95 0 0
5V16 47 0 0
2QH4 86 1 1
2MXL 92 1 1
5V16 25 1 1
2M22 66 1 1
5KH8 46 0 0
2FDT 16 1 1
5UF3 19 0 0
2M22 10 0 0
1ZC5 57 0 0
5UF3 7 0 0
2M22 11 0 0
2FDT 30 0 0
2MHI 21 0 0
1XHP 60 1 1
2L1V 49 1 1
5A17 10 0 0
1Z2J 82 1 1
2MHI 49 1 1
2LI4 30 0 0
2M22 83 1 1
2N6W 81 1 1
5LWJ 99 1 1
5UF3 31 0 0
28SR 52 0 0
2MXL 76 0 0
2M22 33 0 0
5A17 56 0 0
2LBL 77 0 0
2LBL 84 0 0
2N6T 48 0 0
5UZT 77 0 0
2LHP 31 0 0
2N6T 34 0 0
2KOC 6 1 1
5V16 41 1 1
2LHP 30 0 0
2LV0 55 0 0
2N2P 50 1 1
5A18 21 0 0
1XHP 50 1 1
2M21 92 1 1
2M5U 55 0 0
2KOC 2 0 0
5LSN 84 1 1
2LDL 68 1 1
28SR 25 1 1
5V17 38 0 0
1XHP 1 1 1
2QH4 69 1 1
2LPS 35 0 0
2LBL 70 0 0
1YSV 77 0 0
5LWJ 97 0 0
2FDT 13 0 0
2LBL 87 0 0
2LDT 63 0 0
2LUN 10 0 0
5UF3 38 0 0
2LUB 85 1 1
2K66 67 1 1
2LDL 49 1 1
2N2P 86 1 1
2LUN 83 1 1
2L3E 55 0 0
5UF3 37 0 0
5LSN 23 0 0
2LUN 56 0 0
2FDT 33 0 0
5N5C 67 1 1
5LWJ 63 0 0
5N5C 39 1 1
1ZC5 81 1 1
2LP9 67 1 1
5N5C 56 0 0
2MHI 47 0 0
2M21 82 1 1
5KQE 97 0 0
2L1V 31 0 0
2M21 27 0 0
2LV0 27 0 0
6EZ0 37 0 0
6EZ0 94 0 0
28SR 20 1 1
2Y95 22 0 0
2N2P 15 1 1
2LDT 81 1 1
2L3E 60 1 1
2LPA 71 0 0
2N6W 77 0 0
1XHP 74 0 0
2M8K 74 0 0
2M21 5 1 1
2M24 81 1 1
2LBL 53 1 1
2NCI 95 0 0
2LP9 95 0 0
2LV0 99 1 1
2LP9 65 0 0
2LDT 62 1 1
2RVO 4 0 0
2LBJ 82 1 1
5N5C 72 1 1
28SR 89 1 1
2LBJ 25 1 1
2LBL 58 0 0
2LHP 42 1 1
1ZC5 89 1 1
2M5U 66 1 1
2N6S 20 1 1
5KH8 98 1 1
2LU0 12 0 0
2LBL 91 1 1
2LV0 11 0 0
2M4W 96 1 1
4A4T 58 0 0
5V16 91 1 1
28SR 56 0 0
2KOC 16 1 1
2L3E 87 0 0
2M4W 21 0 0
2M21 39 1 1
2M8K 31 0 0
5WQ1 38 0 0
5UF3 88 1 1
2LBL 80 0 0
2Y95 1 1 1
2LDT 30 0 0
2M22 78 0 0
2LU0 23 0 0
1ZC5 53 1 1
2QH2 20 1 1
2N2P 20 1 1
2MHI 90 1 1
2N4L 74 0 0
2LPS 83 1 1
2LBL 4 0 0
2LDT 6 1 1
5KQE 98 1 1
2LI4 100 0 0
2LK3 6 1 1
2M4W 14 1 1
2Y95 19 0 0
5UF3 43 0 0
5V17 25 1 1
2LBL 75 1 1
2LU0 8 1 1
1YSV 64 1 1
2LPS 48 0 0
5IEM 28 1 1
2MEQ 81 1 1
2MHI 61 0 0
2N2O 89 1 1
5UF3 91 1 1
28SR 9 0 0
2N6X 39 1 1
2N6W 19 0 0
5KQE 17 0 0
5A17 2 0 0
2JWV 42 1 1
5V16 39 1 1
2LDL 44 1 1
2QH2 81 1 1
2KOC 89 1 1
2LHP 58 0 0
2L3E 86 1 1
2N6S 28 1 1
2FDT 32 1 1
2M5U 9 0 0
2LUN 48 0 0
5V17 4 0 0
6EZ0 1 1 1
2M22 68 1 1
2LI4 72 1 1
2LQZ 10 0 0
2LBJ 49 1 1
4A4S 83 1 1
2M8K 67 1 1
1Z2J 67 1 1
2N2P 64 1 1
5WQ1 26 1 1
2N2P 37 0 0
1ZC5 61 0 0
2LDT 61 0 0
2MNC 22 0 0
2L1V 53 1 1
2LQZ 61 0 0
5WQ1 80 0 0
2LHP 75 1 1
5LWJ 58 0 0
2MHI 38 0 0
5A17 26 1 1
2LP9 43 1 1
2LU0 9 0 0
2M4W 80 0 0
2MNC 37 0 0
5KH8 83 1 1
2K66 55 0 0
2LDL 79 0 0
2L1V 81 1 1
2LQZ 1 1 1
1Z2J 87 0 0
2MXL 34 0 0
2M5U 89 1 1
2LBJ 55 0 0
5A17 76 0 0
2LHP 12 0 0
5KQE 40 0 0
2N6X 32 1 1
2MEQ 62 1 1
5V16 17 0 0
2LQZ 92 1 1
1Z2J 12 0 0
5LSN 65 0 0
2M8K 65 0 0
1Z2J 75 1 1
1XHP 89 1 1
2M22 99 1 1
2LUB 25 1 1
1Z2J 99 1 1
2RVO 64 1 1
2N2O 75 1 1
5UF3 5 1 1
2N2P 77 0 0
5KH8 100 0 0
1ZC5 16 1 1
5LWJ 91 1 1
2LQZ 52 0 0
2MEQ 89 1 1
2M8K 18 1 1
5UZT 31 0 0
2LPS 21 0 0
5LSN 19 0 0
2M4W 75 1 1
2LBL 76 0 0
2LUN 14 1 1
2FDT 29 1 1
2QH2 5 1 1
2LHP 6 1 1
2MXL 99 1 1
5A18 31 0 0
2N2O 82 1 1
2LDL 19 0 0
2MHI 81 1 1
4A4T 30 0 0
2M5U 35 0 0
2LUB 81 1 1
4A4S 12 0 0
5LSN 26 1 1
2NCI 12 0 0
2M21 17 0 0
2LBJ 67 1 1
2Y95 26 1 1
2MNC 72 1 1
5N5C 34 0 0
5N5C 1 1 1
5V16 73 0 0
5LSN 36 0 0
2M24 72 1 1
2LBL 23 0 0
5KQE 23 0 0
5IEM 23 0 0
2N6X 56 0 0
2LPA 83 1 1
5LSN 85 1 1
2N6T 21 0 0
1ZC5 72 1 1
2MNC 83 1 1
2LQZ 32 1 1
2MNC 19 0 0
2MNC 25 1 1
2LHP 39 1 1
5V17 93 0 0
2M22 45 1 1
2LHP 54 0 0
2NCI 36 0 0
2M24 18 1 1
5UZT 45 1 1
2JWV 19 0 0
2LUB 82 1 1
5A17 87 0 0
2NCI 92 1 1
2QH4 27 0 0
2NCI 76 0 0
2MXL 25 1 1
2M21 30 0 0
5V17 91 1 1
2N6W 24 0 0
5N5C 3 1 1
2M22 67 1 1
2N4L 96 0 0
2LI4 57 0 0
4A4S 19 0 0
2L1V 70 0 0
2LP9 44 1 1
2M5U 25 1 1
2M8K 52 0 0
2MHI 87 0 0
5LWJ 80 0 0
4A4U 47 0 0
2LBL 12 0 0
5KQE 72 1 1
2LDT 29 1 1
5UF3 96 0 0
28SR 27 0 0
2N6T 95 0 0
2N6X 72 1 1
2LPA 24 0 0
2RVO 90 1 1
2MHI 96 0 0
5V16 30 0 0
28SR 5 1 1
28SR 92 1 1
5UZT 78 0 0
2MNC 95 0 0
2KOC 25 1 1
2LV0 43 0 0
2N2O 74 0 0
4A4T 44 1 1
2M22 91 1 1
5KH8 69 1 1
2MXL 16 1 1
5LSN 68 1 1
5WQ1 6 1 1
4A4T 70 1 1
2LK3 89 1 1
2LQZ 88 1 1
2LQZ 46 0 0
2QH4 6 1 1
2MEQ 47 0 0
2LP9 42 1 1
4A4U 48 0 0
2LBL 10 0 0
2L1V 75 1 1
28SR 75 1 1
2MHI 12 0 0
1Z2J 16 1 1
2JWV 57 0 0
2QH4 97 0 0
2MEQ 36 0 0
2LV0 20 1 1
2LHP 84 1 1
2RVO 35 0 0
5LWJ 2 0 0
2LBJ 31 0 0
2M5U 39 1 1
2LPS 64 1 1
5WQ1 78 0 0
2QH4 93 0 0
2QH2 8 1 1
1YSV 32 1 1
2NCI 48 0 0
2MXL 67 1 1
2LDL 42 1 1
2LQZ 85 1 1
5KQE 61 0 0
2Y95 44 1 1
2FDT 95 0 0
5UF3 100 0 0
5N5C 91 1 1
2KOC 11 0 0
1Z2J 48 0 0
2NCI 75 1 1
1XHP 30 0 0
2LBJ 20 1 1
2MHI 64 1 1
4A4S 43 0 0
2M22 93 0 0
2N6X 44 1 1
2Y95 56 0 0
5KQE 58 0 0
2LPA 75 1 1
2RVO 67 1 1
2JWV 34 0 0
1XHP 47 0 0
5N5C 9 0 0
2Y95 46 0 0
5KQE 74 0 0
2KOC 69 1 1
4A4T 87 0 0
2LDL 21 0 0
5LWJ 17 0 0
4A4T 24 0 0
2LHP 44 1 1
5LSN 75 1 1
2N6W 30 0 0
2MXL 60 1 1
2N6X 18 1 1
2LV0 4 0 0
5A17 54 0 0
2MXL 68 1 1
2RVO 94 0 0
2M5U 59 0 0
2KOC 61 0 0
2N6W 6 1 1
2LQZ 39 1 1
2LPA 85 1 1
4A4S 86 1 1
2LUB 11 0 0
2M22 60 1 1
2LV0 32 1 1
2KOC 49 1 1
2LBL 44 1 1
2Y95 14 1 1
2N6W 75 1 1
2N6X 71 0 0
5IEM 26 1 1
2M5U 46 0 0
2LBJ 81 1 1
2MNC 61 0 0
2NCI 31 0 0
2LUB 72 1 1
1XHP 3 1 1
5WQ1 28 1 1
6EZ0 55 0 0
2LK3 56 0 0
2N6T 12 0 0
2L3E 49 1 1
5IEM 37 0 0
2LDT 19 0 0
4A4U 35 0 0
2QH2 92 1 1
5V16 35 0 0
2KOC 63 0 0
2N4L 64 1 1
5LSN 58 0 0
5V17 36 0 0
2LV0 52 0 0
6EZ0 26 1 1
2LUN 32 1 1
2N2P 98 1 1
1ZC5 11 0 0
2LI4 19 0 0
2L3E 93 0 0
2LPA 41 1 1
2N4L 26 1 1
2LBL 30 0 0
4A4S 56 0 0
5V16 33 0 0
2LK3 34 1 1
6EZ0 77 0 0
2Y95 60 1 1
2N2P 51 0 0
2M5U 64 1 1
2M21 23 0 0
2LDL 94 0 0
4A4S 39 1 1
2QH4 63 0 0
2NCI 50 1 1
5UF3 23 0 0
2M24 35 0 0
2LUN 6 1 1
2M5U 10 0 0
2N6W 23 0 0
2K66 63 0 0
5A17 11 0 0
2N4L 91 1 1
5LSN 95 0 0
2L1V 67 1 1
2MHI 15 1 1
2MNC 42 1 1
2JWV 83 1 1
4A4T 60 1 1
2LV0 47 0 0
2L1V 92 1 1
2L1V 15 1 1
5UF3 25 1 1
5KMZ 23 0 0
1YSV 86 1 1
2L1V 23 0 0
5LSN 66 1 1
2N6W 71 0 0
2MXL 57 0 0
5V17 3 1 1
2LI4 20 1 1
2LP9 31 0 0
2LUN 85 1 1
2M8K 49 1 1
2K66 41 1 1
5LWJ 13 0 0
2L1V 72 1 1
2LV0 65 0 0
4A4T 16 1 1
2N6S 63 0 0
2LBJ 17 0 0
1YSV 57 0 0
2LUN 68 1 1
2N4L 61 0 0
2KOC 32 1 1
5KH8 55 0 0
2KOC 36 0 0
2M24 26 1 1
2FDT 3 1 1
5UZT 63 0 0
2L1V 90 1 1
2N6S 38 0 0
2L1V 24 0 0
2LPS 45 1 1
2LPA 81 1 1
1Z2J 50 1 1
2N6S 12 0 0
5A17 53 1 1
2M21 84 0 0
2LDL 47 0 0
5UF3 27 0 0
5KQE 41 1 1
2N2O 54 0 0
1ZC5 56 0 0
2K66 45 1 1
2KOC 45 1 1
2K66 24 0 0
2LPA 77 0 0
2M4W 56 0 0
2NCI 41 1 1
2LU0 15 1 1
5IEM 95 0 0
5V16 90 1 1
2N2O 49 1 1
2N4L 71 0 0
2QH2 89 1 1
2MEQ 93 0 0
5KMZ 50 1 1
2LBL 59 0 0
2M4W 89 1 1
1XHP 86 1 1
2K66 47 0 0
5A18 77 0 0
2LP9 68 1 1
2LDL 16 1 1
5A17 98 1 1
2N4L 99 1 1
4A4U 9 0 0
2L1V 63 0 0
2RVO 51 0 0
1Z2J 66 1 1
2LUN 29 1 1
2N6W 17 0 0
2M5U 87 0 0
2M8K 40 0 0
2LPS 70 0 0
2N6X 3 1 1
2QH4 34 0 0
2LP9 1 1 1
2LU0 36 0 0
2MXL 44 1 1
2M5U 63 0 0
2LU0 13 0 0
5WQ1 25 1 1
2N6X 67 1 1
5V16 12 0 0
2LPA 86 1 1
2LDL 72 1 1
2LQZ 23 0 0
2N6S 8 1 1
5V17 32 1 1
5A18 55 0 0
5A18 24 0 0
2LPS 58 0 0
5V17 30 0 0
2N6S 48 0 0
2LPS 59 0 0
2N2P 12 0 0
2M4W 5 1 1
4A4T 23 0 0
2N4L 39 1 1
5N5C 13 0 0
6EZ0 36 0 0
1Z2J 85 1 1
1XHP 96 1 1
5WQ1 90 1 1
2M21 65 0 0
2N6S 56 0 0
2MNC 43 1 1
5KQE 7 0 0
5WQ1 84 0 0
2M21 50 1 1
5UZT 39 1 1
2LU0 81 1 1
5KMZ 37 0 0
2LV0 22 0 0
2N2O 14 1 1
2LBL 85 1 1
2N6T 23 0 0
2LPS 4 0 0
5IEM 47 0 0
2LQZ 54 0 0
2N2P 65 0 0
2LU0 40 0 0
2N6S 33 0 0
5KQE 47 0 0
5IEM 53 1 1
2N6W 52 0 0
2QH4 79 0 0
1XHP 44 1 1
2N6S 57 0 0
2QH2 17 0 0
5KH8 38 0 0
2M24 3 1 1
2M5U 90 1 1
5A17 28 1 1
5UF3 20 1 1
5KMZ 34 0 0
5N5C 16 1 1
2NCI 34 0 0
2LP9 10 0 0
2L3E 4 0 0
2N4L 60 1 1
5A17 49 1 1
2LUB 94 0 0
2L3E 77 0 0
5LSN 59 0 0
2N4L 56 0 0
2MNC 13 0 0
5KQE 28 1 1
5A18 96 1 1
1ZC5 1 1 1
2M24 99 1 1
2LV0 8 1 1
2L1V 43 1 1
5UF3 93 0 0
2LUB 71 0 0
2LBL 60 1 1
5V17 77 0 0
2LV0 23 0 0
2M8K 57 0 0
2QH4 60 1 1
2N6W 2 0 0
2KOC 42 1 1
2LP9 69 1 1
1ZC5 27 0 0
2LUN 37 0 0
5LSN 50 1 1
2MEQ 9 0 0
5UZT 30 0 0
2LDT 65 0 0
4A4T 89 1 1
2M8K 32 1 1
2LPS 62 1 1
2Y95 91 1 1
2QH2 84 0 0
2LV0 72 1 1
2M8K 4 0 0
2MHI 34 0 0
2JWV 4 0 0
4A4T 39 1 1
2QH2 19 0 0
2KOC 66 1 1
2LP9 91 1 1
2N6T 43 0 0
5UF3 58 0 0
5N5C 78 0 0
5KMZ 62 1 1
2MHI 68 1 1
2LBL 81 1 1
2KOC 31 0 0
2M8K 50 1 1
2N2P 100 0 0
2LPA 5 1 1
2QH4 52 0 0
2QH2 4 0 0
2LPS 51 0 0
2LDL 3 1 1
1ZC5 29 1 1
4A4S 50 1 1
2LK3 5 1 1
2LUN 94 0 0
6EZ0 33 0 0
2N6T 26 1 1
28SR 80 0 0
2N2O 30 0 0
2LBJ 76 0 0
5UF3 34 0 0
2M4W 58 0 0
2N6T 11 0 0
1YSV 18 1 1
5KQE 54 0 0
2M24 63 0 0
2KOC 80 0 0
2L3E 30 0 0
28SR 67 1 1
5KH8 65 0 0
5LSN 8 1 1
5UZT 41 1 1
2M5U 84 0 0
5A18 95 0 0
5KH8 53 1 1
2LPA 2 0 0
2LPA 76 0 0
2K66 77 0 0
2RVO 65 0 0
2LK3 87 0 0
5LWJ 100 0 0
5LSN 42 1 1
6EZ0 34 0 0
5A17 89 1 1
5IEM 54 0 0
1XHP 85 1 1
2LI4 66 1 1
2MNC 88 1 1
5A17 85 1 1
2M22 90 1 1
4A4S 52 0 0
2LQZ 44 1 1
2LQZ 100 0 0
2FDT 12 0 0
2MEQ 10 0 0
2K66 32 1 1
2LU0 21 0 0
5LSN 96 1 1
2RVO 27 0 0
5LWJ 29 1 1
4A4S 62 1 1
5KMZ 76 0 0
2M22 84 0 0
2LPS 3 1 1
5KH8 58 0 0
5WQ1 9 0 0
2N2O 67 1 1
5UF3 9 0 0
2QH2 71 0 0
2LI4 34 0 0
5N5C 5 1 1
2M22 58 0 0
2M24 60 1 1
2LBJ 85 1 1
2M8K 23 0 0
2M8K 85 1 1
2LPS 56 0 0
2NCI 35 0 0
2N6T 84 0 0
1YSV 28 1 1
2QH2 51 0 0
1YSV 65 0 0
5V16 49 1 1
2LHP 11 0 0
2M8K 100 0 0
2LDL 20 1 1
5KMZ 88 1 1
2LV0 41 1 1
28SR 73 0 0
2LPA 98 1 1
1XHP 19 0 0
2N6S 53 1 1
2M4W 57 0 0
2LPS 43 1 1
5A17 59 0 0
2LQZ 38 0 0
2L3E 26 1 1
1XHP 98 1 1
5N5C 14 1 1
2M8K 15 1 1
5A17 20 1 1
2M24 36 0 0
2M8K 62 1 1
28SR 50 1 1
2FDT 51 0 0
5V16 56 0 0
2NCI 73 0 0
2N2P 45 1 1
1YSV 79 0 0
2QH4 30 0 0
2N2O 55 0 0
2LDL 41 1 1
5WQ1 12 0 0
2MXL 49 1 1
2MXL 21 0 0
2LHP 92 1 1
5LSN 40 0 0
2LHP 17 0 0
2K66 42 1 1
4A4T 64 1 1
2LK3 70 0 0
5UZT 8 1 1
28SR 84 1 1
5UZT 85 1 1
2M24 11 0 0
2LPS 22 0 0
6EZ0 30 0 0
2LPA 11 0 0
2LUN 86 1 1
5LWJ 44 1 1
2K66 81 1 1
2RVO 45 1 1
1XHP 78 0 0
4A4S 79 0 0
2LP9 90 1 1
5A17 4 0 0
6EZ0 8 1 1
5UF3 82 1 1
2JWV 74 0 0
2LU0 4 0 0
2Y95 83 1 1
4A4T 72 1 1
28SR 59 0 0
2M24 66 1 1
5IEM 64 1 1
2K66 53 1 1
1YSV 22 0 0
2N2O 38 0 0
2JWV 100 0 0
2M4W 25 1 1
5LWJ 40 0 0
2LDT 93 0 0
6EZ0 15 1 1
5KMZ 41 1 1
2LPA 49 1 1
2LPS 87 0 0
2MHI 66 1 1
1XHP 32 1 1
2LQZ 55 0 0
2M22 59 0 0
1XHP 70 0 0
2LDT 50 1 1
5A18 16 1 1
5V17 90 1 1
2M8K 76 0 0
2N2O 28 1 1
2N4L 78 0 0
5A18 87 0 0
2N6S 60 1 1
5V16 61 0 0
2MEQ 22 0 0
2M8K 47 0 0
2LHP 32 1 1
2QH4 2 0 0
5IEM 39 1 1
2LUN 33 0 0
2NCI 62 1 1
2MXL 75 1 1
5KMZ 55 0 0
2M8K 83 1 1
2LPA 13 0 0
2FDT 5 1 1
1ZC5 40 0 0
4A4T 11 0 0
2MXL 81 1 1
5UZT 76 0 0
2K66 99 1 1
4A4U 27 0 0
5UF3 70 0 0
4A4S 41 1 1
4A4U 75 1 1
5UZT 86 1 1
5V17 46 0 0
1XHP 62 1 1
2LK3 76 0 0
5KQE 99 1 1
2M24 46 0 0
6EZ0 14 1 1
2LUN 61 0 0
6EZ0 52 0 0
2N6X 38 0 0
5V17 61 0 0
2LHP 68 1 1
2N6X 90 1 1
2Y95 43 0 0
2QH2 57 0 0
2M24 49 1 1
2LI4 90 1 1
2N6W 54 0 0
2M4W 87 0 0
2LUN 20 1 1
2QH2 55 0 0
5V16 31 0 0
2LHP 69 1 1
2N6S 66 1 1
2LUB 40 0 0
2LPS 95 0 0
4A4U 20 1 1
2LPS 42 1 1
2NCI 74 0 0
2LU0 1 1 1
6EZ0 39 1 1
2LU0 73 0 0
1ZC5 82 1 1
2N4L 65 0 0
2LUN 13 0 0
5KMZ 48 0 0
2N6S 13 0 0
2LDL 91 1 1
5A17 21 0 0
5N5C 47 0 0
2N6S 15 1 1
2LPA 53 1 1
2N6W 63 0 0
5A17 52 0 0
2M4W 16 1 1
5LWJ 36 0 0
2LUB 43 0 0
2N6X 10 0 0
1Z2J 46 0 0
2LDT 40 0 0
2L3E 23 0 0
2MEQ 34 0 0
4A4U 77 0 0
28SR 12 0 0
2LU0 62 1 1
2L3E 63 0 0
2N6X 13 0 0
5WQ1 74 0 0
5V16 52 0 0
2NCI 44 1 1
2MXL 62 1 1
2JWV 66 1 1
6EZ0 13 0 0
5UZT 38 0 0
2N6W 89 1 1
6EZ0 23 0 0
1YSV 15 1 1
2N6S 90 1 1
5KH8 73 0 0
2LUB 3 1 1
2LUN 78 0 0
2MEQ 51 0 0
1YSV 19 0 0
2LPA 82 1 1
2LQZ 81 1 1
1YSV 63 0 0
1Z2J 64 1 1
5KQE 91 1 1
5KH8 10 0 0
2NCI 43 0 0
2K66 76 0 0
4A4S 72 1 1
2RVO 49 1 1
5A18 10 0 0
5WQ1 55 0 0
2RVO 77 0 0
4A4T 41 1 1
5KMZ 57 0 0
2QH2 74 0 0
2JWV 52 0 0
2N2P 24 0 0
5N5C 53 1 1
2LBJ 71 0 0
5UF3 74 0 0
2M5U 12 0 0
6EZ0 35 0 0
2N4L 75 1 1
6EZ0 28 1 1
2LDL 69 1 1
2KOC 98 1 1
2L1V 29 1 1
2Y95 73 0 0
1XHP 15 1 1
2LV0 49 1 1
2L1V 68 1 1
2LBJ 7 0 0
5UF3 51 0 0
2NCI 37 0 0
2N6S 69 1 1
2LBL 55 0 0
2M21 49 1 1
2M4W 24 0 0
2Y95 81 1 1
2N6X 65 0 0
6EZ0 38 0 0
2LI4 40 0 0
2LBJ 34 0 0
5UZT 64 1 1
2MXL 20 1 1
2LP9 79 0 0
5LWJ 12 0 0
1Z2J 72 1 1
2LDT 74 0 0
5IEM 50 1 1
2LHP 48 0 0
2NCI 11 0 0
5UZT 44 1 1
2QH2 41 1 1
2KOC 39 1 1
5LSN 12 0 0
2LQZ 96 1 1
2LP9 36 0 0
4A4S 92 1 1
28SR 13 0 0
2LK3 13 0 0
2QH2 39 1 1
4A4U 44 1 1
2M22 96 1 1
2LU0 22 0 0
5LWJ 54 0 0
1ZC5 78 0 0
2LDT 92 1 1
2K66 39 1 1
2MHI 78 0 0
2N2O 16 1 1
5UF3 73 0 0
1XHP 53 1 1
2N6W 15 1 1
5KH8 6 1 1
2LU0 70 0 0
4A4U 95 0 0
2M5U 95 0 0
2LDL 90 1 1
2M8K 89 1 1
2MNC 79 0 0
2MNC 34 0 0
2N6W 92 1 1
5KMZ 96 1 1
2LUB 10 0 0
2MEQ 23 0 0
2LV0 91 1 1
2LI4 33 0 0
2N6X 76 0 0
2M8K 75 1 1
5KQE 95 0 0
4A4S 13 0 0
2M4W 77 0 0
2N6X 81 1 1
28SR 68 1 1
5V16 96 1 1
2L1V 4 0 0
5V16 66 1 1
1XHP 72 1 1
2MEQ 18 1 1
5UZT 20 1 1
2LP9 99 1 1
4A4U 53 1 1
2N6S 96 0 0
5UF3 41 1 1
2LBL 8 1 1
2LPS 78 0 0
2LHP 91 1 1
2M24 45 1 1
5A17 60 1 1
5KQE 25 1 1
2LU0 6 1 1
2M4W 81 1 1
2JWV 59 0 0
1XHP 64 1 1
2LP9 39 1 1
2N6T 1 1 1
5A17 73 0 0
2M5U 37 0 0
28SR 55 0 0
5KH8 80 0 0
28SR 3 1 1
4A4U 86 1 1
5KMZ 42 1 1
2LDT 73 0 0
2JWV 78 0 0
2MHI 57 0 0
2LI4 17 0 0
2LBL 52 0 0
2LPA 84 1 1
2MNC 26 1 1
4A4T 19 0 0
4A4U 60 1 1
2N4L 44 1 1
4A4T 32 1 1
2L3E 34 0 0
1YSV 75 1 1
2L1V 40 0 0
2M8K 3 1 1
2Y95 88 1 1
2LV0 88 1 1
1ZC5 35 0 0
2KOC 74 0 0
2M24 54 0 0
2LDT 87 0 0
2N6X 94 0 0
1Z2J 97 0 0
5WQ1 10 0 0
5V17 18 1 1
5KQE 27 0 0
2N4L 46 0 0
5LWJ 42 1 1
2N6X 19 0 0
2N2P 61 0 0
1ZC5 79 0 0
2M8K 11 0 0
2M22 71 0 0
2N6S 19 0 0
2N6W 39 1 1
2LU0 11 0 0
2LQZ 73 0 0
2LV0 100 0 0
2LPS 53 1 1
2L1V 16 1 1
5N5C 68 1 1
6EZ0 47 0 0
5V17 13 0 0
2Y95 8 1 1
5LWJ 68 1 1
2LUB 36 0 0
2N4L 21 0 0
2L1V 57 0 0
5LSN 29 1 1
2LP9 88 1 1
6EZ0 92 1 1
2N2P 18 1 1
2N6T 28 1 1
2LBJ 83 1 1
6EZ0 84 1 1
4A4U 5 1 1
2RVO 3 1 1
2QH2 53 1 1
2LDT 24 0 0
6EZ0 72 1 1
2LUN 1 1 1
2M24 93 0 0
5A18 51 0 0
2MXL 97 0 0
2LK3 23 0 0
2LI4 68 1 1
2M24 85 1 1
2M4W 95 0 0
2Y95 64 1 1
2KOC 87 0 0
2N6T 57 0 0
5IEM 81 1 1
5V17 8 1 1
1ZC5 34 0 0
1YSV 54 0 0
5KMZ 17 0 0
5N5C 37 0 0
2K66 22 0 0
1ZC5 74 0 0
1ZC5 13 0 0
2LP9 50 1 1
2LI4 23 0 0
1XHP 43 0 0
2M21 94 0 0
4A4U 68 1 1
6EZ0 69 1 1
2RVO 19 0 0
28SR 18 1 1
4A4S 59 0 0
2Y95 54 0 0
5WQ1 66 1 1
5UZT 48 0 0
2K66 5 1 1
2K66 33 0 0
5V16 99 1 1
2L1V 45 1 1
5V17 79 0 0
2N2O 15 1 1
2LP9 7 0 0
2L3E 19 0 0
5KMZ 66 1 1
2L1V 8 1 1
2LI4 94 0 0
2M22 92 1 1
2NCI 69 1 1
5KMZ 90 1 1
2FDT 20 1 1
2KOC 15 1 1
2KOC 19 0 0
2MNC 50 1 1
4A4S 31 0 0
2LHP 23 0 0
2LI4 39 1 1
5WQ1 96 1 1
2MXL 58 0 0
5V16 7 0 0
2LK3 1 1 1
2MXL 27 0 0
5A18 18 1 1
2N2P 35 0 0
5UF3 11 0 0
2M5U 47 0 0
2LP9 84 1 1
2LV0 93 0 0
1ZC5 80 0 0
2N2P 76 0 0
2N6T 4 0 0
2LU0 52 0 0
2QH2 40 0 0
2LQZ 49 1 1
2N2P 27 0 0
2LQZ 45 1 1
2LV0 67 1 1
5UF3 39 1 1
2LP9 4 0 0
5V17 100 0 0
5IEM 58 0 0
2N2O 22 0 0
5UZT 9 0 0
5KMZ 21 0 0
2N6S 68 1 1
2LHP 95 0 0
2NCI 29 1 1
4A4S 91 1 1
2LK3 7 0 0
5WQ1 89 1 1
2N2P 91 1 1
2LP9 21 0 0
2LV0 63 0 0
2LV0 60 1 1
2N6X 9 0 0
4A4U 96 1 1
2LHP 83 1 1
2LV0 48 0 0
1ZC5 20 1 1
2NCI 22 0 0
5A17 39 1 1
5A18 89 1 1
2MHI 65 0 0
5KMZ 46 0 0
2LK3 64 1 1
5LSN 63 0 0
2M24 44 1 1
4A4T 45 1 1
2Y95 18 1 1
5V16 34 0 0
2LQZ 42 1 1
1Z2J 14 1 1
4A4S 67 1 1
2QH2 34 0 0
2MNC 98 1 1
2KOC 4 0 0
5A18 79 0 0
5A18 65 0 0
2N6W 33 0 0
1YSV 6 1 1
2QH2 59 0 0
4A4T 47 0 0
5LWJ 37 0 0
2N4L 6 1 1
2M24 7 0 0
4A4T 53 1 1
2LDT 66 1 1
2M4W 54 0 0
2FDT 66 1 1
6EZ0 81 1 1
2NCI 46 0 0
2LV0 25 1 1
2LDT 75 1 1
2MEQ 37 0 0
2M24 30 0 0
2LV0 3 1 1
1ZC5 18 1 1
2LBL 1 1 1
5A18 4 0 0
2LU0 79 0 0
2JWV 53 1 1
1XHP 71 0 0
5LSN 64 1 1
2M21 59 0 0
2LBJ 75 1 1
2L3E 89 1 1
6EZ0 54 0 0
28SR 11 0 0
2N6T 65 0 0
5WQ1 65 0 0
2LUB 87 0 0
5A17 22 0 0
2LPS 92 1 1
2RVO 36 0 0
2JWV 2 0 0
5KH8 29 1 1
2M5U 14 1 1
2Y95 93 0 0
5KMZ 31 0 0
2LU0 20 1 1
2LUN 66 1 1
5LWJ 59 0 0
2KOC 38 0 0
2MHI 26 1 1
2JWV 25 1 1
2LI4 28 1 1
2KOC 7 0 0
4A4T 79 0 0
5KMZ 81 1 1
2M8K 16 1 1
2JWV 38 0 0
28SR 24 0 0
4A4S 24 0 0
2LPA 97 0 0
2QH2 73 0 0
2RVO 21 0 0
2LUN 87 0 0
1YSV 51 0 0
2M8K 10 0 0
2LHP 81 1 1
5UF3 46 0 0
5LWJ 71 0 0
2JWV 27 0 0
2M5U 3 1 1
2RVO 2 0 0
2N2P 97 0 0
5N5C 42 1 1
2MNC 82 1 1
1YSV 44 1 1
4A4S 14 1 1
2LV0 75 1 1
2RVO 63 0 0
2N6T 15 1 1
2LP9 81 1 1
5A18 52 0 0
2MNC 53 1 1
2N2O 6 1 1
2MHI 43 0 0
5KMZ 28 1 1
5V17 31 0 0
2LQZ 72 1 1
5V16 83 1 1
4A4T 76 0 0
5A17 72 1 1
2M22 81 1 1
2Y95 21 0 0
6EZ0 27 0 0
2M24 33 0 0
6EZ0 74 0 0
5KH8 63 0 0
2LU0 31 0 0
2JWV 18 1 1
2LDL 25 1 1
5UF3 79 0 0
2JWV 91 1 1
5V17 86 1 1
2LU0 89 1 1
2MHI 3 1 1
5LSN 86 1 1
2LDL 51 0 0
5LWJ 38 0 0
2M22 30 0 0
5N5C 27 0 0
5LSN 83 1 1
5LSN 89 1 1
2QH4 62 1 1
2LBJ 88 1 1
2LBJ 92 1 1
1YSV 46 0 0
2MXL 73 0 0
2QH2 21 0 0
2N2P 43 1 1
2LK3 63 0 0
2N4L 1 1 1
4A4S 3 1 1
4A4S 11 0 0
2LP9 35 0 0
5WQ1 67 1 1
2LBJ 12 0 0
2LQZ 28 1 1
4A4T 98 1 1
2Y95 84 1 1
5V17 11 0 0
5LSN 27 0 0
2LU0 78 0 0
2N2P 96 1 1
2LUN 100 0 0
5UF3 36 0 0
2LP9 25 1 1
2M22 89 1 1
2N6W 97 0 0
2NCI 87 0 0
2N4L 28 1 1
2LUN 93 0 0
2KOC 79 0 0
2LDT 56 0 0
1ZC5 92 1 1
2N6W 83 1 1
2LU0 84 0 0
2M22 15 1 1
5IEM 72 1 1
5KQE 20 1 1
2M4W 59 0 0
28SR 76 0 0
2LI4 95 0 0
2LBL 96 1 1
2LPS 93 0 0
2M5U 51 0 0
2LBJ 38 0 0
2LPS 73 0 0
5IEM 32 1 1
2KOC 33 0 0
2FDT 92 1 1
2RVO 59 0 0
5LSN 17 0 0
2MXL 93 0 0
5LSN 32 1 1
1YSV 10 0 0
5A18 57 0 0
2NCI 19 0 0
2L3E 53 1 1
2LDL 12 0 0
5UZT 100 0 0
2JWV 69 1 1
1Z2J 54 0 0
5A17 69 1 1
5LSN 16 1 1
5KMZ 89 1 1
2M21 91 1 1
2RVO 42 1 1
4A4U 46 0 0
5KQE 68 1 1
2KOC 44 1 1
2N6W 60 1 1
2QH4 10 0 0
2MHI 75 1 1
2MHI 95 0 0
2KOC 85 1 1
2QH4 48 0 0
5IEM 55 0 0
2N6S 97 0 0
2Y95 53 1 1
2LP9 80 0 0
5KQE 78 0 0
5KMZ 83 1 1
2LDT 86 1 1
5KH8 24 0 0
2LUN 18 1 1
2M22 38 0 0
2LU0 68 1 1
2N6W 74 0 0
2MHI 69 1 1
5UZT 66 1 1
2M24 9 0 0
2KOC 70 1 1
2LUN 69 1 1
2N4L 94 0 0
5V17 44 1 1
28SR 51 0 0
5A17 16 1 1
5KQE 57 0 0
2LPA 80 0 0
2JWV 97 0 0
2LK3 42 1 1
2N2P 19 0 0
2KOC 12 0 0
2MEQ 85 1 1
2LQZ 90 1 1
4A4U 7 0 0
5KQE 18 1 1
5A17 46 0 0
2FDT 6 1 1
2MHI 4 0 0
28SR 6 1 1
2N2O 41 1 1
1YSV 84 0 0
5WQ1 73 0 0
2LP9 77 0 0
5LWJ 14 1 1
2JWV 10 0 0
2M21 75 1 1
2LPS 34 0 0
2N6S 82 1 1
5WQ1 23 0 0
2LPA 69 1 1
1XHP 21 0 0
2LU0 19 0 0
5KMZ 22 0 0
5KQE 87 0 0
2LU0 25 1 1
1ZC5 28 1 1
2MEQ 71 0 0
2LV0 19 0 0
2LP9 75 1 1
5N5C 85 1 1
2NCI 63 0 0
5N5C 87 0 0
2LK3 57 0 0
2LQZ 79 0 0
4A4T 62 1 1
6EZ0 40 0 0
2MNC 11 0 0
5WQ1 69 1 1
28SR 90 1 1
2JWV 7 0 0
2MEQ 13 0 0
2LUN 65 0 0
2LK3 39 1 1
1YSV 53 1 1
2KOC 90 1 1
6EZ0 31 0 0
5WQ1 24 0 0
2M5U 83 1 1
1Z2J 70 0 0
1XHP 97 0 0
5V17 55 0 0
2N4L 25 1 1
4A4U 61 0 0
2N4L 86 1 1
2LK3 100 0 0
4A4T 68 1 1
2LHP 73 0 0
2RVO 29 1 1
2L3E 68 1 1
5A17 96 1 1
2M22 61 0 0
5V16 22 0 0
5WQ1 8 1 1
2K66 16 1 1
5V16 94 0 0
2N6T 60 1 1
5LSN 9 0 0
5KQE 35 0 0
6EZ0 51 0 0
2QH4 66 1 1
2RVO 61 0 0
2LK3 99 1 1
28SR 62 1 1
5IEM 74 0 0
2M4W 45 1 1
2LK3 96 1 1
2LP9 70 1 1
5KH8 90 1 1
2LDL 46 0 0
2Y95 92 1 1
5A18 72 1 1
5LWJ 49 1 1
4A4U 25 1 1
2LBL 15 1 1
2LDL 73 0 0
1Z2J 44 1 1
2N6T 40 0 0
2M22 100 0 0
2LI4 80 0 0
2N4L 51 0 0
2LDL 13 0 0
2JWV 49 1 1
2MEQ 39 1 1
2M21 44 1 1
2QH2 10 0 0
1YSV 56 0 0
2MNC 29 1 1
2MNC 54 0 0
2LDL 4 0 0
2LBJ 51 0 0
2M5U 48 0 0
5LWJ 98 1 1
2L3E 47 0 0
2LI4 41 1 1
2LDL 7 0 0
2LPA 28 1 1
5KMZ 92 1 1
2MNC 40 0 0
2N6W 22 0 0
2LU0 45 1 1
2M8K 37 0 0
1XHP 16 1 1
2MXL 39 1 1
5KH8 18 1 1
4A4T 80 0 0
2M21 70 0 0
2LDL 61 0 0
2LP9 45 1 1
2M5U 99 1 1
2LI4 13 0 0
28SR 98 1 1
2M24 41 1 1
2RVO 12 0 0
6EZ0 64 1 1
2N2O 34 0 0
2LDT 79 0 0
5KMZ 8 1 1
2L3E 96 1 1
2FDT 43 0 0
2Y95 30 0 0
2N6T 75 1 1
28SR 32 1 1
2K66 29 1 1
5IEM 85 1 1
5V17 54 0 0
2QH2 13 0 0
5UF3 17 0 0
2LV0 62 1 1
2LDL 38 0 0
2N2O 7 0 0
2M24 78 0 0
2QH2 16 1 1
2L3E 32 1 1
5UZT 22 0 0
5V16 86 1 1
2LBJ 11 0 0
2LP9 89 1 1
2MXL 51 0 0
2LHP 28 1 1
2K66 54 0 0
2M5U 50 1 1
2M21 29 1 1
2FDT 63 0 0
6EZ0 43 0 0
2Y95 65 0 0
2MXL 63 0 0
1Z2J 53 1 1
2LV0 17 0 0
2M4W 63 0 0
2QH2 54 0 0
5IEM 75 1 1
5IEM 97 0 0
2LBL 3 1 1
2MNC 63 0 0
2M22 98 1 1
2N6X 26 1 1
1YSV 45 1 1
4A4U 57 0 0
2M24 96 1 1
2M22 64 1 1
2L1V 6 1 1
5A17 93 0 0
2N6S 81 1 1
1Z2J 36 0 0
5A17 58 0 0
