1XHP 0.861667 0.92 0.89 0.91
1YSV 0.865455 0.89 0.83 0.87
1Z2J 0.862000 0.88 0.94 0.90
1ZC5 0.863538 0.87 0.88 0.87
28SR 0.866212 0.80 0.86 0.82
2FDT 0.862727 0.85 0.91 0.87
2JWV 0.862424 0.78 0.97 0.85
2K66 0.861692 0.98 0.64 0.85
2KOC 0.864923 0.98 0.63 0.85
2L1V 0.864394 0.93 0.52 0.79
2L3E 0.863182 0.85 0.91 0.87
2LBJ 0.861515 0.95 0.88 0.92
2LBL 0.863030 0.91 0.82 0.87
2LDL 0.863939 0.86 0.82 0.85
2LDT 0.863485 0.87 0.76 0.83
2LHP 0.864154 0.78 0.84 0.80
2LI4 0.862121 0.84 0.86 0.85
2LK3 0.862576 0.90 0.76 0.85
2LP9 0.862000 1.00 0.48 0.77
2LPA 0.865692 1.00 0.65 0.85
2LPS 0.862273 0.84 0.95 0.88
2LQZ 0.862121 0.97 0.66 0.86
2LU0 0.862727 0.77 0.97 0.84
2LUB 0.863385 0.88 0.97 0.91
2LUN 0.863333 0.84 0.86 0.85
2LV0 0.863788 0.89 0.73 0.83
2M12 0.863182 0.84 0.95 0.88
2M21 0.862727 0.90 0.92 0.91
2M22 0.864848 0.80 0.88 0.83
2M24 0.861692 0.90 0.89 0.90
2M4W 0.863636 0.92 0.71 0.83
2M5U 0.864545 0.82 0.90 0.85
2M8K 0.862121 0.89 0.85 0.87
2MEQ 0.862121 0.95 0.72 0.86
2MHI 0.863636 0.94 0.68 0.84
2MNC 0.864154 0.96 0.48 0.75
2MXL 0.863333 0.84 0.81 0.83
2N2O 0.862615 0.79 0.97 0.85
2N2P 0.864462 0.89 0.90 0.89
2N4L 0.863636 0.87 0.76 0.83
2N6S 0.863692 0.88 0.89 0.88
2N6T 0.863846 0.87 0.92 0.89
2N6W 0.861746 0.92 0.81 0.88
2N6X 0.863692 0.88 0.83 0.86
2NCI 0.862727 0.85 0.79 0.83
2QH2 0.862879 0.80 0.97 0.86
2QH4 0.863846 0.92 0.73 0.84
2RVO 0.863636 0.88 0.78 0.84
2Y95 0.863788 0.95 0.62 0.81
4A4S 0.862344 0.93 0.69 0.84
4A4T 0.861250 0.89 0.81 0.86
4A4U 0.862969 0.92 0.85 0.89
5A17 0.862462 0.82 1.00 0.88
5A18 0.860769 0.87 0.87 0.87
5IEM 0.862424 0.90 0.81 0.87
5KH8 0.863636 0.82 1.00 0.88
5KMZ 0.864545 1.00 0.44 0.78
5KQE 0.864545 0.84 0.83 0.84
5LSN 0.862576 0.90 0.78 0.86
5LWJ 0.863333 0.87 0.84 0.86
5N5C 0.862121 0.97 0.79 0.90
5UF3 0.864848 0.85 0.95 0.89
5UZT 0.863846 0.81 0.86 0.83
5V16 0.862923 0.88 0.89 0.88
5V17 0.860923 0.90 0.84 0.88
5WQ1 0.863636 0.92 0.82 0.88
6EZ0 0.863788 0.98 0.63 0.81
