1XHP 0.975758 0.88 0.99 0.97
1YSV 0.976061 0.81 1.00 0.97
1Z2J 0.975077 0.12 1.00 0.86
1ZC5 0.975385 0.81 1.00 0.97
28SR 0.976212 0.56 1.00 0.93
2FDT 0.975909 0.38 1.00 0.90
2JWV 0.975909 0.56 1.00 0.93
2K66 0.975692 0.56 1.00 0.93
2KOC 0.975692 0.56 1.00 0.93
2L1V 0.976061 0.94 0.96 0.96
2L3E 0.975758 0.31 1.00 0.89
2LBJ 0.974697 0.75 1.00 0.96
2LBL 0.975303 0.60 0.99 0.93
2LDL 0.975758 0.06 1.00 0.85
2LDT 0.975303 0.50 0.99 0.91
2LHP 0.975385 0.00 0.99 0.83
2LI4 0.976818 0.75 0.99 0.95
2LK3 0.976364 0.25 1.00 0.88
2LP9 0.976769 0.06 1.00 0.85
2LPA 0.976923 0.00 1.00 0.84
2LPS 0.975606 0.00 1.00 0.84
2LQZ 0.976061 0.81 1.00 0.97
2LU0 0.975152 0.06 1.00 0.85
2LUB 0.975692 0.94 0.99 0.98
2LUN 0.975758 0.50 1.00 0.92
2LV0 0.975152 0.31 1.00 0.89
2M12 0.975758 0.00 1.00 0.84
2M21 0.975455 0.25 1.00 0.88
2M22 0.975758 0.38 1.00 0.90
2M24 0.975385 0.06 1.00 0.85
2M4W 0.976061 0.00 1.00 0.85
2M5U 0.975455 0.06 1.00 0.85
2M8K 0.975455 0.56 1.00 0.93
2MEQ 0.976364 0.71 1.00 0.95
2MHI 0.975152 0.93 0.99 0.98
2MNC 0.975846 0.65 0.98 0.92
2MXL 0.975455 0.19 1.00 0.87
2N2O 0.976000 0.12 1.00 0.86
2N2P 0.974615 0.94 0.99 0.98
2N4L 0.974848 0.75 1.00 0.96
2N6S 0.975846 0.88 1.00 0.98
2N6T 0.974615 0.00 1.00 0.84
2N6W 0.975873 0.19 1.00 0.87
2N6X 0.977077 0.00 1.00 0.84
2NCI 0.976212 0.00 1.00 0.84
2QH2 0.975909 0.00 1.00 0.84
2QH4 0.976000 0.56 1.00 0.93
2RVO 0.975303 0.80 1.00 0.97
2Y95 0.977273 0.53 0.94 0.87
4A4S 0.976562 0.00 1.00 0.84
4A4T 0.976406 0.00 1.00 0.84
4A4U 0.976250 0.00 0.99 0.83
5A17 0.975692 0.00 1.00 0.84
5A18 0.975538 0.00 1.00 0.84
5IEM 0.975758 0.69 0.99 0.94
5KH8 0.975455 0.88 1.00 0.98
5KMZ 0.976061 0.69 1.00 0.95
5KQE 0.975303 0.00 1.00 0.84
5LSN 0.976061 0.75 0.98 0.94
5LWJ 0.974697 0.81 1.00 0.97
5N5C 0.976515 0.62 1.00 0.94
5UF3 0.976667 0.00 1.00 0.84
5UZT 0.975846 0.19 1.00 0.87
5V16 0.976000 0.75 0.99 0.95
5V17 0.975231 1.00 0.95 0.96
5WQ1 0.975455 0.94 1.00 0.99
6EZ0 0.975303 0.36 1.00 0.91
