1XHP 0.906364 0.72 0.97 0.89
1YSV 0.907424 0.75 1.00 0.92
1Z2J 0.907077 0.81 0.97 0.92
1ZC5 0.906615 0.72 1.00 0.91
28SR 0.907879 0.66 0.99 0.88
2FDT 0.907273 0.75 1.00 0.92
2JWV 0.906970 0.59 1.00 0.87
2K66 0.908154 1.00 0.79 0.86
2KOC 0.908154 0.97 0.87 0.90
2L1V 0.906970 0.97 0.87 0.90
2L3E 0.907121 0.66 1.00 0.89
2LBJ 0.907576 0.87 0.97 0.94
2LBL 0.908030 0.65 0.99 0.88
2LDL 0.908485 0.77 0.99 0.92
2LDT 0.906364 0.75 0.97 0.90
2LHP 0.906615 0.66 0.99 0.88
2LI4 0.907576 0.81 1.00 0.94
2LK3 0.906212 0.75 1.00 0.92
2LP9 0.907385 1.00 0.77 0.84
2LPA 0.907538 0.94 0.90 0.91
2LPS 0.906818 0.71 1.00 0.91
2LQZ 0.907424 0.84 0.94 0.91
2LU0 0.906818 0.66 0.99 0.88
2LUB 0.907538 0.75 1.00 0.92
2LUN 0.907121 0.78 1.00 0.93
2LV0 0.907121 0.81 0.97 0.92
2M12 0.908788 0.61 1.00 0.88
2M21 0.907576 0.72 1.00 0.91
2M22 0.906970 0.66 0.99 0.88
2M24 0.908000 0.69 0.99 0.89
2M4W 0.906970 0.77 0.99 0.92
2M5U 0.907121 0.58 0.99 0.86
2M8K 0.907273 0.72 0.99 0.90
2MEQ 0.907273 0.78 0.99 0.92
2MHI 0.907273 0.81 0.97 0.92
2MNC 0.906923 0.94 0.87 0.89
2MXL 0.907121 0.84 0.97 0.93
2N2O 0.906769 0.77 1.00 0.93
2N2P 0.906154 0.97 0.93 0.94
2N4L 0.908030 0.78 0.90 0.86
2N6S 0.908154 0.78 0.96 0.90
2N6T 0.907385 0.72 1.00 0.91
2N6W 0.908254 0.69 0.99 0.89
2N6X 0.907692 0.78 0.91 0.87
2NCI 0.908030 0.50 1.00 0.84
2QH2 0.907273 0.59 0.97 0.85
2QH4 0.907077 0.74 0.99 0.91
2RVO 0.907424 0.83 0.96 0.92
2Y95 0.908333 0.84 0.90 0.88
4A4S 0.906875 0.72 0.99 0.90
4A4T 0.907344 0.69 0.97 0.88
4A4U 0.906094 0.62 0.99 0.87
5A17 0.907077 0.56 1.00 0.86
5A18 0.906462 0.59 1.00 0.87
5IEM 0.907727 0.72 0.99 0.90
5KH8 0.907879 0.66 1.00 0.89
5KMZ 0.907576 0.94 0.81 0.85
5KQE 0.908636 0.59 0.99 0.86
5LSN 0.908030 0.84 0.91 0.89
5LWJ 0.907424 0.88 0.96 0.93
5N5C 0.906515 0.87 0.96 0.93
5UF3 0.909242 0.53 1.00 0.85
5UZT 0.906923 0.69 1.00 0.90
5V16 0.906308 0.88 0.94 0.92
5V17 0.907385 0.94 0.90 0.91
5WQ1 0.907424 0.77 0.94 0.89
6EZ0 0.907424 0.88 0.95 0.93
