1XHP 0.889848 0.79 0.96 0.89
1YSV 0.889697 0.76 0.98 0.88
1Z2J 0.889077 0.84 0.98 0.92
1ZC5 0.888462 0.73 0.98 0.87
28SR 0.891061 0.76 0.98 0.89
2FDT 0.890303 0.70 0.93 0.83
2JWV 0.889091 0.70 1.00 0.87
2K66 0.891077 0.97 0.75 0.84
2KOC 0.891692 0.98 0.79 0.87
2L1V 0.889848 1.00 0.81 0.89
2L3E 0.890909 0.78 1.00 0.90
2LBJ 0.889545 0.88 0.97 0.93
2LBL 0.889848 0.76 0.98 0.89
2LDL 0.889697 0.80 0.96 0.89
2LDT 0.889545 0.79 0.95 0.88
2LHP 0.888308 0.73 1.00 0.88
2LI4 0.889545 0.84 0.96 0.91
2LK3 0.890303 0.82 0.96 0.90
2LP9 0.891692 1.00 0.64 0.78
2LPA 0.891846 0.95 0.83 0.88
2LPS 0.889848 0.77 0.98 0.89
2LQZ 0.889848 0.93 0.84 0.88
2LU0 0.890303 0.73 0.98 0.87
2LUB 0.888923 0.68 1.00 0.86
2LUN 0.888636 0.77 1.00 0.90
2LV0 0.889545 0.84 0.96 0.91
2M12 0.888939 0.78 1.00 0.91
2M21 0.890303 0.88 0.90 0.89
2M22 0.889545 0.79 0.98 0.90
2M24 0.891385 0.76 0.98 0.89
2M4W 0.890455 0.82 0.90 0.87
2M5U 0.889242 0.70 0.98 0.86
2M8K 0.889545 0.78 0.97 0.89
2MEQ 0.890303 0.88 0.93 0.91
2MHI 0.888788 0.88 0.96 0.93
2MNC 0.890923 0.95 0.75 0.83
2MXL 0.890606 0.80 0.96 0.89
2N2O 0.889385 0.70 0.98 0.86
2N2P 0.890154 0.89 0.93 0.91
2N4L 0.890606 0.80 0.89 0.85
2N6S 0.889538 0.84 0.93 0.89
2N6T 0.888923 0.76 1.00 0.90
2N6W 0.889365 0.69 1.00 0.86
2N6X 0.890769 0.82 0.95 0.89
2NCI 0.890455 0.58 1.00 0.82
2QH2 0.889091 0.67 1.00 0.86
2QH4 0.891077 0.83 0.97 0.91
2RVO 0.890758 0.79 0.93 0.87
2Y95 0.890909 0.79 0.88 0.84
4A4S 0.889844 0.76 0.93 0.86
4A4T 0.890781 0.73 0.93 0.84
4A4U 0.891406 0.83 0.95 0.90
5A17 0.890154 0.58 0.98 0.80
5A18 0.889385 0.72 0.98 0.87
5IEM 0.889242 0.80 0.98 0.90
5KH8 0.890303 0.73 1.00 0.88
5KMZ 0.891212 1.00 0.72 0.83
5KQE 0.890152 0.66 0.98 0.84
5LSN 0.889394 0.90 0.88 0.89
5LWJ 0.888939 0.84 0.95 0.90
5N5C 0.890303 0.85 0.88 0.87
5UF3 0.889242 0.63 1.00 0.84
5UZT 0.890769 0.75 0.96 0.87
5V16 0.888923 0.86 0.93 0.90
5V17 0.890462 0.88 0.86 0.87
5WQ1 0.889242 0.89 0.93 0.91
6EZ0 0.890455 0.91 0.88 0.89
