1XHP 0.937424 0.83 0.99 0.95
1YSV 0.937424 0.75 1.00 0.94
1Z2J 0.936615 0.71 0.99 0.92
1ZC5 0.937846 0.67 1.00 0.92
28SR 0.937273 0.71 1.00 0.93
2FDT 0.936970 0.57 0.99 0.89
2JWV 0.936818 0.62 1.00 0.91
2K66 0.935846 0.88 0.95 0.93
2KOC 0.937692 0.83 0.92 0.90
2L1V 0.937727 0.95 0.89 0.90
2L3E 0.936970 0.67 1.00 0.92
2LBJ 0.936515 0.76 0.99 0.94
2LBL 0.937121 0.73 1.00 0.94
2LDL 0.937273 0.79 1.00 0.95
2LDT 0.936667 0.70 0.99 0.92
2LHP 0.937385 0.58 1.00 0.90
2LI4 0.936818 0.83 0.99 0.95
2LK3 0.937727 0.65 1.00 0.92
2LP9 0.937846 1.00 0.86 0.89
2LPA 0.937538 0.27 0.97 0.82
2LPS 0.937424 0.77 1.00 0.95
2LQZ 0.937576 0.92 0.99 0.97
2LU0 0.937576 0.74 0.99 0.93
2LUB 0.937077 0.75 0.99 0.93
2LUN 0.937879 0.67 0.99 0.91
2LV0 0.936970 0.75 0.99 0.93
2M12 0.936515 0.60 1.00 0.92
2M21 0.936061 0.61 1.00 0.91
2M22 0.936970 0.65 0.99 0.91
2M24 0.938154 0.73 1.00 0.94
2M4W 0.936970 0.71 1.00 0.94
2M5U 0.936818 0.64 1.00 0.92
2M8K 0.937273 0.76 0.97 0.93
2MEQ 0.936667 0.70 0.96 0.90
2MHI 0.936515 0.75 0.99 0.93
2MNC 0.936923 0.87 0.88 0.88
2MXL 0.936212 0.71 0.99 0.92
2N2O 0.936308 0.73 1.00 0.94
2N2P 0.936769 0.96 0.97 0.97
2N4L 0.936667 0.83 0.99 0.95
2N6S 0.936308 0.77 0.97 0.93
2N6T 0.935846 0.61 1.00 0.91
2N6W 0.936508 0.71 1.00 0.93
2N6X 0.936923 0.65 0.95 0.88
2NCI 0.937273 0.52 1.00 0.89
2QH2 0.936970 0.48 1.00 0.88
2QH4 0.938308 0.67 0.99 0.91
2RVO 0.936515 0.71 1.00 0.93
2Y95 0.935758 0.92 0.95 0.94
4A4S 0.937187 0.36 0.99 0.85
4A4T 0.937969 0.65 0.97 0.90
4A4U 0.936406 0.35 0.99 0.84
5A17 0.936769 0.50 1.00 0.88
5A18 0.937846 0.42 1.00 0.86
5IEM 0.936667 0.78 0.97 0.93
5KH8 0.936515 0.71 1.00 0.93
5KMZ 0.937273 0.87 0.95 0.93
5KQE 0.937424 0.46 1.00 0.87
5LSN 0.938030 0.87 0.92 0.91
5LWJ 0.937273 0.81 1.00 0.96
5N5C 0.936061 0.91 0.99 0.97
5UF3 0.937273 0.54 1.00 0.89
5UZT 0.938308 0.71 0.99 0.92
5V16 0.936462 0.74 0.96 0.91
5V17 0.937231 0.96 0.92 0.93
5WQ1 0.937121 0.83 0.97 0.94
6EZ0 0.936515 0.89 0.98 0.96
