1XHP 0.835606 0.96 0.48 0.85
1YSV 0.838485 0.90 0.53 0.83
1Z2J 0.835231 0.91 0.80 0.89
1ZC5 0.836000 0.90 0.53 0.84
28SR 0.837121 0.94 0.60 0.87
2FDT 0.838333 0.92 0.48 0.83
2JWV 0.837727 0.89 0.65 0.84
2K66 0.839692 0.96 0.33 0.77
2KOC 0.836308 1.00 0.37 0.81
2L1V 0.837576 0.94 0.33 0.83
2L3E 0.836667 0.92 0.74 0.88
2LBJ 0.836667 0.99 0.45 0.83
2LBL 0.838333 0.98 0.56 0.84
2LDL 0.836667 0.92 0.65 0.86
2LDT 0.838182 0.92 0.43 0.81
2LHP 0.834923 0.92 0.62 0.86
2LI4 0.836364 0.91 0.67 0.86
2LK3 0.838030 0.95 0.60 0.86
2LP9 0.835231 1.00 0.35 0.78
2LPA 0.837538 0.97 0.50 0.82
2LPS 0.836212 0.88 0.59 0.82
2LQZ 0.838636 0.94 0.48 0.84
2LU0 0.837879 0.86 0.57 0.80
2LUB 0.836462 0.91 0.68 0.87
2LUN 0.836818 0.95 0.48 0.84
2LV0 0.839545 0.96 0.62 0.89
2M12 0.835909 0.92 0.48 0.82
2M21 0.837424 0.93 0.50 0.83
2M22 0.837727 0.92 0.58 0.84
2M24 0.837846 0.92 0.48 0.82
2M4W 0.837879 0.94 0.47 0.80
2M5U 0.836818 0.89 0.44 0.78
2M8K 0.836515 0.92 0.62 0.85
2MEQ 0.838333 0.97 0.52 0.84
2MHI 0.836061 0.97 0.22 0.80
2MNC 0.838615 0.97 0.24 0.69
2MXL 0.836515 0.89 0.80 0.87
2N2O 0.838308 0.91 0.60 0.83
2N2P 0.837538 0.89 0.44 0.81
2N4L 0.837576 0.97 0.36 0.84
2N6S 0.835538 0.89 0.57 0.82
2N6T 0.837538 0.95 0.57 0.86
2N6W 0.836825 0.96 0.38 0.84
2N6X 0.834615 0.91 0.47 0.83
2NCI 0.838333 0.91 0.61 0.84
2QH2 0.835303 0.86 0.71 0.82
2QH4 0.837077 0.95 0.56 0.85
2RVO 0.835606 0.97 0.38 0.82
2Y95 0.838939 0.97 0.53 0.84
4A4S 0.836719 0.99 0.44 0.85
4A4T 0.837969 0.92 0.56 0.82
4A4U 0.836719 0.92 0.48 0.81
5A17 0.836615 0.89 0.79 0.87
5A18 0.835385 0.89 0.71 0.85
5IEM 0.835909 0.92 0.67 0.87
5KH8 0.834091 0.85 0.68 0.82
5KMZ 0.836970 1.00 0.40 0.85
5KQE 0.838788 0.89 0.70 0.85
5LSN 0.839697 0.90 0.57 0.82
5LWJ 0.837121 0.94 0.59 0.86
5N5C 0.839242 0.99 0.52 0.84
5UF3 0.836515 0.91 0.74 0.87
5UZT 0.840000 0.91 0.60 0.85
5V16 0.834923 0.94 0.32 0.82
5V17 0.836615 0.94 0.48 0.84
5WQ1 0.834697 0.91 0.60 0.85
6EZ0 0.838788 1.00 0.33 0.74
