1XHP 0.880000 0.91 0.93 0.92
1YSV 0.878030 0.80 1.00 0.89
1Z2J 0.878000 0.75 0.95 0.84
1ZC5 0.879385 0.89 0.96 0.92
28SR 0.881667 0.83 0.89 0.86
2FDT 0.877424 0.92 0.94 0.93
2JWV 0.880152 0.71 1.00 0.84
2K66 0.880615 0.94 0.67 0.81
2KOC 0.879692 0.96 0.65 0.81
2L1V 0.879848 0.96 0.64 0.81
2L3E 0.880152 0.75 0.98 0.85
2LBJ 0.880000 0.94 0.90 0.92
2LBL 0.879091 0.88 0.88 0.88
2LDL 0.878030 0.93 0.89 0.91
2LDT 0.878485 0.84 0.84 0.84
2LHP 0.879385 0.79 0.93 0.85
2LI4 0.878636 0.84 0.96 0.89
2LK3 0.879697 0.90 0.85 0.88
2LP9 0.880769 1.00 0.54 0.77
2LPA 0.883692 0.92 0.72 0.83
2LPS 0.879394 0.89 0.96 0.92
2LQZ 0.876667 0.98 0.81 0.91
2LU0 0.880303 0.79 1.00 0.88
2LUB 0.878308 0.80 1.00 0.89
2LUN 0.878788 0.85 0.98 0.91
2LV0 0.878788 0.92 0.87 0.90
2M12 0.878485 0.78 1.00 0.88
2M21 0.877273 0.91 0.87 0.89
2M22 0.879091 0.77 0.95 0.85
2M24 0.880154 0.76 0.96 0.85
2M4W 0.878030 0.94 0.87 0.90
2M5U 0.877727 0.82 0.94 0.88
2M8K 0.877727 0.88 0.98 0.93
2MEQ 0.880303 0.87 0.91 0.89
2MHI 0.877727 0.92 0.83 0.88
2MNC 0.881538 0.96 0.50 0.73
2MXL 0.877727 0.89 1.00 0.94
2N2O 0.878000 0.71 1.00 0.84
2N2P 0.879692 0.96 0.89 0.93
2N4L 0.878939 0.86 0.91 0.88
2N6S 0.878769 0.81 0.93 0.87
2N6T 0.878923 0.81 0.96 0.88
2N6W 0.877619 0.87 0.89 0.88
2N6X 0.878769 0.86 0.89 0.87
2NCI 0.879697 0.70 0.98 0.83
2QH2 0.878333 0.73 0.98 0.84
2QH4 0.880000 0.91 0.96 0.93
2RVO 0.878788 0.88 0.88 0.88
2Y95 0.878939 0.96 0.82 0.89
4A4S 0.881094 0.94 0.78 0.86
4A4T 0.880313 0.89 0.96 0.92
4A4U 0.879844 0.85 0.89 0.87
5A17 0.878154 0.78 1.00 0.88
5A18 0.877692 0.80 1.00 0.89
5IEM 0.879848 0.83 0.85 0.84
5KH8 0.879091 0.77 1.00 0.87
5KMZ 0.881364 1.00 0.50 0.75
5KQE 0.878939 0.73 0.96 0.83
5LSN 0.879697 0.85 0.87 0.86
5LWJ 0.878636 0.89 0.91 0.90
5N5C 0.879394 0.94 0.75 0.84
5UF3 0.879697 0.79 0.96 0.87
5UZT 0.880923 0.75 0.93 0.83
5V16 0.877538 0.91 0.87 0.89
5V17 0.878462 0.93 0.85 0.89
5WQ1 0.879242 0.89 0.87 0.88
6EZ0 0.879394 0.95 0.75 0.84
