1XHP 0.786515 0.94 0.67 0.84
1YSV 0.784697 0.88 0.71 0.82
1Z2J 0.786000 0.81 0.53 0.71
1ZC5 0.788154 0.87 0.70 0.81
28SR 0.786818 0.95 0.53 0.80
2FDT 0.784697 0.88 0.54 0.76
2JWV 0.786515 0.84 0.65 0.77
2K66 0.784923 0.92 0.74 0.85
2KOC 0.783385 0.95 0.63 0.83
2L1V 0.785606 0.85 0.45 0.72
2L3E 0.787121 0.82 0.63 0.75
2LBJ 0.785455 0.93 0.66 0.82
2LBL 0.784091 0.91 0.70 0.82
2LDL 0.784848 0.85 0.74 0.81
2LDT 0.785758 0.87 0.57 0.76
2LHP 0.786769 0.88 0.58 0.79
2LI4 0.786364 0.89 0.62 0.79
2LK3 0.786667 0.90 0.74 0.84
2LP9 0.784154 1.00 0.45 0.76
2LPA 0.784615 1.00 0.56 0.81
2LPS 0.783030 0.94 0.62 0.82
2LQZ 0.786818 0.95 0.51 0.80
2LU0 0.787576 0.86 0.54 0.75
2LUB 0.786154 0.92 0.56 0.80
2LUN 0.785909 0.94 0.50 0.78
2LV0 0.785303 0.90 0.65 0.81
2M12 0.785303 0.85 0.66 0.78
2M21 0.783939 0.89 0.70 0.82
2M22 0.784394 0.86 0.68 0.80
2M24 0.785231 0.85 0.61 0.76
2M4W 0.787424 0.90 0.68 0.81
2M5U 0.786667 0.80 0.44 0.66
2M8K 0.783333 0.89 0.69 0.81
2MEQ 0.785606 0.92 0.69 0.83
2MHI 0.785758 0.94 0.47 0.76
2MNC 0.790615 0.98 0.41 0.73
2MXL 0.786970 0.94 0.46 0.76
2N2O 0.784923 0.86 0.74 0.82
2N2P 0.783231 0.90 0.86 0.89
2N4L 0.786212 0.90 0.46 0.74
2N6S 0.789692 0.89 0.56 0.77
2N6T 0.788462 0.82 0.61 0.74
2N6W 0.788889 0.86 0.44 0.71
2N6X 0.788154 0.88 0.60 0.78
2NCI 0.786667 0.87 0.39 0.69
2QH2 0.785303 0.86 0.78 0.83
2QH4 0.786154 0.95 0.59 0.80
2RVO 0.786061 0.87 0.55 0.74
2Y95 0.785606 0.95 0.71 0.85
4A4S 0.785469 0.93 0.46 0.75
4A4T 0.786250 0.94 0.68 0.84
4A4U 0.784219 0.95 0.54 0.79
5A17 0.785077 0.85 0.52 0.74
5A18 0.785231 0.87 0.55 0.75
5IEM 0.786061 0.90 0.65 0.81
5KH8 0.784394 0.91 0.68 0.83
5KMZ 0.785455 0.98 0.46 0.78
5KQE 0.789242 0.77 0.36 0.62
5LSN 0.787121 0.87 0.59 0.77
5LWJ 0.784697 0.89 0.70 0.82
5N5C 0.784545 0.94 0.79 0.88
5UF3 0.784697 0.81 0.61 0.73
5UZT 0.789077 0.81 0.53 0.71
5V16 0.786308 0.91 0.49 0.76
5V17 0.786615 0.94 0.46 0.76
5WQ1 0.785606 0.90 0.68 0.82
6EZ0 0.787121 0.96 0.43 0.70
