1XHP 0.756515 0.78 0.90 0.86
1YSV 0.758030 0.78 0.84 0.82
1Z2J 0.758769 0.44 0.84 0.71
1ZC5 0.757846 0.66 0.79 0.75
28SR 0.760000 0.09 0.91 0.65
2FDT 0.760152 0.19 0.87 0.65
2JWV 0.757879 0.84 0.91 0.89
2K66 0.756923 0.94 0.85 0.88
2KOC 0.755231 0.94 0.78 0.83
2L1V 0.759091 0.74 0.78 0.77
2L3E 0.761212 0.56 0.74 0.68
2LBJ 0.758333 0.90 0.77 0.81
2LBL 0.758333 0.84 0.78 0.80
2LDL 0.756061 0.97 0.80 0.85
2LDT 0.759697 0.25 0.85 0.66
2LHP 0.758769 0.09 0.93 0.66
2LI4 0.758485 0.53 0.82 0.73
2LK3 0.756818 0.84 0.82 0.83
2LP9 0.759231 0.00 0.96 0.67
2LPA 0.760000 0.06 0.97 0.69
2LPS 0.756818 0.68 0.91 0.84
2LQZ 0.756970 0.56 0.88 0.78
2LU0 0.760303 0.28 0.82 0.65
2LUB 0.757846 0.31 0.93 0.73
2LUN 0.757727 0.47 0.87 0.74
2LV0 0.757576 0.75 0.81 0.79
2M12 0.760758 0.52 0.78 0.70
2M21 0.758333 0.84 0.81 0.82
2M22 0.755909 0.94 0.81 0.85
2M24 0.758923 0.72 0.84 0.80
2M4W 0.758636 0.93 0.81 0.85
2M5U 0.756818 0.58 0.91 0.81
2M8K 0.756667 0.84 0.81 0.82
2MEQ 0.755606 0.97 0.84 0.88
2MHI 0.757576 0.81 0.81 0.81
2MNC 0.761385 0.10 0.97 0.70
2MXL 0.759091 0.03 0.97 0.67
2N2O 0.754308 0.83 0.87 0.86
2N2P 0.755538 0.97 0.86 0.89
2N4L 0.758485 0.03 0.93 0.64
2N6S 0.759846 0.78 0.87 0.84
2N6T 0.764000 0.06 0.75 0.53
2N6W 0.769206 0.03 0.88 0.61
2N6X 0.763846 0.12 0.81 0.59
2NCI 0.761061 0.03 0.87 0.60
2QH2 0.758788 0.72 0.78 0.76
2QH4 0.753385 0.77 0.87 0.84
2RVO 0.758182 0.40 0.91 0.76
2Y95 0.757424 0.97 0.82 0.87
4A4S 0.763281 0.06 0.91 0.64
4A4T 0.762188 0.34 0.93 0.74
4A4U 0.764219 0.16 0.97 0.71
5A17 0.761077 0.12 0.74 0.54
5A18 0.760615 0.22 0.82 0.63
5IEM 0.757121 0.50 0.94 0.80
5KH8 0.757273 0.88 0.75 0.79
5KMZ 0.758485 0.41 0.87 0.72
5KQE 0.764697 0.00 0.68 0.46
5LSN 0.758333 0.16 0.85 0.63
5LWJ 0.756970 0.94 0.85 0.88
5N5C 0.757121 0.84 0.86 0.85
5UF3 0.757576 0.78 0.85 0.83
5UZT 0.761538 0.19 0.78 0.59
5V16 0.760923 0.00 0.93 0.63
5V17 0.760154 0.03 0.96 0.66
5WQ1 0.755152 0.94 0.90 0.91
6EZ0 0.758939 0.00 0.99 0.73
