1XHP 0.840000 0.00 1.00 0.84
1YSV 0.840000 0.00 1.00 0.84
1Z2J 0.840000 0.00 1.00 0.84
1ZC5 0.840000 0.00 1.00 0.84
28SR 0.840000 0.00 1.00 0.84
2FDT 0.840000 0.00 1.00 0.84
2JWV 0.840000 0.00 1.00 0.84
2K66 0.840000 0.00 1.00 0.84
2KOC 0.840000 0.00 1.00 0.84
2L1V 0.840000 0.00 1.00 0.84
2L3E 0.840000 0.00 1.00 0.84
2LBJ 0.840000 0.00 1.00 0.84
2LBL 0.839848 0.00 1.00 0.85
2LDL 0.840000 0.00 1.00 0.84
2LDT 0.840000 0.00 1.00 0.84
2LHP 0.840154 0.00 1.00 0.84
2LI4 0.840000 0.00 1.00 0.84
2LK3 0.840000 0.00 1.00 0.84
2LP9 0.840000 0.00 1.00 0.84
2LPA 0.840000 0.00 1.00 0.84
2LPS 0.840000 0.00 1.00 0.84
2LQZ 0.840000 0.00 1.00 0.84
2LU0 0.840000 0.00 1.00 0.84
2LUB 0.840154 0.00 1.00 0.83
2LUN 0.840000 0.00 1.00 0.84
2LV0 0.840000 0.00 1.00 0.84
2M12 0.840000 0.00 1.00 0.84
2M21 0.840000 0.00 1.00 0.84
2M22 0.840000 0.00 1.00 0.84
2M24 0.840000 0.00 1.00 0.84
2M4W 0.839848 0.00 1.00 0.85
2M5U 0.840000 0.00 1.00 0.84
2M8K 0.840000 0.00 1.00 0.84
2MEQ 0.840152 0.00 1.00 0.83
2MHI 0.839848 0.00 1.00 0.85
2MNC 0.840154 0.00 1.00 0.83
2MXL 0.840000 0.00 1.00 0.84
2N2O 0.840308 0.00 1.00 0.84
2N2P 0.840308 0.00 1.00 0.82
2N4L 0.840000 0.00 1.00 0.84
2N6S 0.840000 0.00 1.00 0.84
2N6T 0.840000 0.00 1.00 0.84
2N6W 0.840000 0.00 1.00 0.84
2N6X 0.840000 0.00 1.00 0.84
2NCI 0.840000 0.00 1.00 0.84
2QH2 0.840000 0.00 1.00 0.84
2QH4 0.840000 0.00 1.00 0.84
2RVO 0.839848 0.00 1.00 0.85
2Y95 0.840152 0.00 1.00 0.83
4A4S 0.840000 0.00 1.00 0.84
4A4T 0.840000 0.00 1.00 0.84
4A4U 0.840000 0.00 1.00 0.84
5A17 0.840000 0.00 1.00 0.84
5A18 0.840000 0.00 1.00 0.84
5IEM 0.840000 0.00 1.00 0.84
5KH8 0.840000 0.00 1.00 0.84
5KMZ 0.840000 0.00 1.00 0.84
5KQE 0.840000 0.00 1.00 0.84
5LSN 0.840000 0.00 1.00 0.84
5LWJ 0.840000 0.00 1.00 0.84
5N5C 0.840000 0.00 1.00 0.84
5UF3 0.840000 0.00 1.00 0.84
5UZT 0.840154 0.00 1.00 0.84
5V16 0.840000 0.00 1.00 0.84
5V17 0.840000 0.00 1.00 0.84
5WQ1 0.840000 0.00 1.00 0.84
6EZ0 0.839697 0.00 1.00 0.86
