1XHP 0.782121 0.09 0.96 0.76
1YSV 0.782424 0.71 0.89 0.85
1Z2J 0.784923 0.08 0.95 0.74
1ZC5 0.784769 0.00 0.87 0.66
28SR 0.783636 0.00 1.00 0.76
2FDT 0.782727 0.00 0.95 0.73
2JWV 0.782576 0.21 0.95 0.77
2K66 0.779077 0.58 0.95 0.86
2KOC 0.779385 0.92 0.93 0.93
2L1V 0.782273 0.00 0.96 0.76
2L3E 0.784091 0.25 0.74 0.62
2LBJ 0.783182 0.81 0.81 0.81
2LBL 0.783030 0.32 0.88 0.76
2LDL 0.781061 0.79 0.91 0.88
2LDT 0.783636 0.04 0.92 0.72
2LHP 0.783846 0.00 0.99 0.75
2LI4 0.784848 0.00 0.99 0.75
2LK3 0.782273 0.83 0.88 0.87
2LP9 0.785077 0.00 0.97 0.76
2LPA 0.784615 0.00 0.99 0.77
2LPS 0.782424 0.00 1.00 0.78
2LQZ 0.783636 0.00 0.99 0.75
2LU0 0.783636 0.00 0.90 0.69
2LUB 0.783538 0.04 0.97 0.75
2LUN 0.783636 0.00 0.96 0.73
2LV0 0.780758 0.67 0.95 0.88
2M12 0.783485 0.00 0.84 0.67
2M21 0.782121 0.83 0.87 0.86
2M22 0.782576 0.83 0.86 0.85
2M24 0.780462 0.23 0.94 0.78
2M4W 0.783030 0.86 0.78 0.80
2M5U 0.784242 0.00 0.96 0.75
2M8K 0.781970 0.52 0.92 0.84
2MEQ 0.781515 0.87 0.87 0.87
2MHI 0.781970 0.67 0.89 0.84
2MNC 0.783692 0.00 1.00 0.77
2MXL 0.783788 0.00 0.99 0.75
2N2O 0.779077 0.68 0.92 0.87
2N2P 0.781385 0.43 0.96 0.84
2N4L 0.782727 0.00 1.00 0.76
2N6S 0.783692 0.05 0.97 0.77
2N6T 0.784923 0.00 0.83 0.64
2N6W 0.783810 0.00 0.96 0.73
2N6X 0.784000 0.00 0.86 0.66
2NCI 0.784242 0.00 0.96 0.74
2QH2 0.783939 0.57 0.92 0.84
2QH4 0.779538 0.50 0.95 0.84
2RVO 0.782121 0.04 0.96 0.74
2Y95 0.782273 0.96 0.79 0.83
4A4S 0.784531 0.00 0.99 0.77
4A4T 0.786094 0.00 1.00 0.77
4A4U 0.784844 0.00 1.00 0.77
5A17 0.786000 0.00 0.91 0.69
5A18 0.787077 0.00 0.92 0.70
5IEM 0.783788 0.00 0.97 0.75
5KH8 0.783788 0.08 0.93 0.73
5KMZ 0.782273 0.00 1.00 0.77
5KQE 0.787576 0.00 0.83 0.63
5LSN 0.784545 0.00 0.95 0.73
5LWJ 0.783030 0.81 0.90 0.88
5N5C 0.781212 0.78 0.92 0.89
5UF3 0.781818 0.29 0.93 0.78
5UZT 0.783538 0.00 0.88 0.67
5V16 0.783385 0.00 0.99 0.76
5V17 0.785692 0.00 0.99 0.76
5WQ1 0.779848 0.96 0.95 0.95
6EZ0 0.783788 0.00 1.00 0.81
