1XHP 0.765455 0.91 0.75 0.82
1YSV 0.764545 0.93 0.81 0.87
1Z2J 0.765077 0.81 0.65 0.72
1ZC5 0.765538 0.80 0.70 0.74
28SR 0.765758 0.79 0.78 0.78
2FDT 0.766212 0.68 0.79 0.74
2JWV 0.765758 0.84 0.79 0.81
2K66 0.764308 0.93 0.75 0.82
2KOC 0.764769 0.98 0.69 0.81
2L1V 0.765303 0.95 0.66 0.78
2L3E 0.764242 0.80 0.75 0.77
2LBJ 0.767121 0.95 0.75 0.83
2LBL 0.764545 0.88 0.76 0.81
2LDL 0.766515 0.93 0.74 0.83
2LDT 0.766818 0.77 0.68 0.72
2LHP 0.765077 0.75 0.80 0.78
2LI4 0.766818 0.88 0.74 0.80
2LK3 0.765455 0.82 0.80 0.81
2LP9 0.763385 0.77 0.75 0.76
2LPA 0.765538 0.90 0.83 0.86
2LPS 0.765455 0.89 0.75 0.81
2LQZ 0.764545 0.98 0.71 0.83
2LU0 0.765303 0.80 0.75 0.77
2LUB 0.764615 0.77 0.82 0.80
2LUN 0.766515 0.80 0.77 0.78
2LV0 0.765758 0.89 0.66 0.76
2M12 0.767121 0.80 0.73 0.76
2M21 0.763939 0.86 0.78 0.81
2M22 0.764848 0.88 0.72 0.79
2M24 0.764769 0.78 0.78 0.78
2M4W 0.763333 0.87 0.71 0.77
2M5U 0.763333 0.70 0.75 0.73
2M8K 0.764848 0.80 0.81 0.81
2MEQ 0.764848 0.98 0.78 0.86
2MHI 0.766212 0.84 0.68 0.75
2MNC 0.764462 0.88 0.82 0.84
2MXL 0.766970 0.49 0.85 0.69
2N2O 0.763231 0.86 0.86 0.86
2N2P 0.762462 0.91 0.78 0.84
2N4L 0.768636 0.14 0.82 0.52
2N6S 0.772615 0.81 0.74 0.77
2N6T 0.774615 0.32 0.66 0.52
2N6W 0.776508 0.18 0.65 0.44
2N6X 0.774154 0.50 0.73 0.63
2NCI 0.768788 0.28 0.70 0.52
2QH2 0.767121 0.77 0.70 0.73
2QH4 0.764000 0.88 0.76 0.81
2RVO 0.764091 0.81 0.74 0.77
2Y95 0.764091 0.93 0.71 0.80
4A4S 0.764687 0.14 0.81 0.53
4A4T 0.764844 0.73 0.85 0.80
4A4U 0.764844 0.41 0.90 0.70
5A17 0.767692 0.60 0.62 0.61
5A18 0.768769 0.84 0.68 0.75
5IEM 0.762727 0.77 0.77 0.77
5KH8 0.764091 0.91 0.71 0.80
5KMZ 0.764697 0.95 0.67 0.78
5KQE 0.769697 0.25 0.59 0.44
5LSN 0.764545 0.73 0.71 0.72
5LWJ 0.766061 0.93 0.79 0.85
5N5C 0.765303 0.95 0.76 0.84
5UF3 0.766212 0.77 0.75 0.76
5UZT 0.765846 0.68 0.68 0.68
5V16 0.765231 0.55 0.78 0.68
5V17 0.766308 0.72 0.79 0.76
5WQ1 0.765000 0.95 0.80 0.87
6EZ0 0.763636 0.88 0.82 0.84
