1XHP 0.808788 0.96 0.43 0.84
1YSV 0.807879 0.94 0.53 0.86
1Z2J 0.808000 0.94 0.45 0.84
1ZC5 0.808923 0.92 0.41 0.83
28SR 0.807576 0.99 0.10 0.81
2FDT 0.811818 0.96 0.24 0.81
2JWV 0.810000 0.86 0.40 0.77
2K66 0.810000 0.93 0.47 0.79
2KOC 0.808000 0.97 0.57 0.85
2L1V 0.811970 0.90 0.22 0.78
2L3E 0.810909 0.90 0.57 0.82
2LBJ 0.808939 0.96 0.62 0.86
2LBL 0.810000 0.97 0.41 0.78
2LDL 0.807424 0.90 0.65 0.84
2LDT 0.810000 0.88 0.35 0.76
2LHP 0.808154 0.97 0.14 0.80
2LI4 0.806818 0.97 0.52 0.88
2LK3 0.809545 0.95 0.52 0.84
2LP9 0.812308 1.00 0.24 0.74
2LPA 0.811231 1.00 0.31 0.78
2LPS 0.807576 0.92 0.36 0.80
2LQZ 0.808333 0.94 0.33 0.81
2LU0 0.810758 0.92 0.29 0.79
2LUB 0.808769 0.99 0.47 0.89
2LUN 0.808030 0.97 0.26 0.81
2LV0 0.808636 0.94 0.48 0.84
2M12 0.808182 0.92 0.35 0.79
2M21 0.808788 0.91 0.54 0.82
2M22 0.810606 0.91 0.71 0.86
2M24 0.809077 0.94 0.35 0.80
2M4W 0.809848 0.90 0.53 0.79
2M5U 0.810000 0.91 0.16 0.72
2M8K 0.809394 0.92 0.42 0.80
2MEQ 0.809545 0.96 0.59 0.85
2MHI 0.810152 0.92 0.35 0.79
2MNC 0.810308 0.98 0.18 0.68
2MXL 0.808939 1.00 0.20 0.84
2N2O 0.808923 0.92 0.44 0.80
2N2P 0.809077 0.90 0.44 0.82
2N4L 0.809545 0.99 0.05 0.78
2N6S 0.810769 0.94 0.33 0.81
2N6T 0.808615 0.94 0.35 0.80
2N6W 0.809841 0.97 0.14 0.80
2N6X 0.809077 0.95 0.32 0.83
2NCI 0.808939 1.00 0.17 0.81
2QH2 0.809242 0.88 0.42 0.77
2QH4 0.810154 0.95 0.32 0.79
2RVO 0.809697 0.95 0.35 0.79
2Y95 0.810303 0.99 0.57 0.86
4A4S 0.810469 0.99 0.16 0.78
4A4T 0.809531 0.97 0.37 0.81
4A4U 0.809063 0.99 0.16 0.78
5A17 0.809385 0.89 0.42 0.80
5A18 0.809385 0.87 0.29 0.75
5IEM 0.810303 0.94 0.43 0.83
5KH8 0.810152 0.89 0.47 0.81
5KMZ 0.808485 1.00 0.40 0.85
5KQE 0.807727 0.90 0.30 0.78
5LSN 0.810758 0.91 0.35 0.78
5LWJ 0.807727 0.94 0.64 0.87
5N5C 0.808636 1.00 0.45 0.83
5UF3 0.808636 0.96 0.43 0.84
5UZT 0.810308 0.94 0.35 0.82
5V16 0.810154 1.00 0.11 0.83
5V17 0.808615 0.99 0.14 0.81
5WQ1 0.807727 0.86 0.55 0.80
6EZ0 0.811970 1.00 0.13 0.66
