1XHP 0.776970 0.93 0.76 0.85
1YSV 0.777879 0.89 0.78 0.84
1Z2J 0.778154 0.80 0.61 0.72
1ZC5 0.779538 0.83 0.67 0.76
28SR 0.777727 0.89 0.64 0.77
2FDT 0.779242 0.83 0.74 0.79
2JWV 0.779091 0.85 0.78 0.82
2K66 0.778769 0.94 0.73 0.84
2KOC 0.776615 0.96 0.67 0.82
2L1V 0.779394 0.91 0.53 0.73
2L3E 0.782121 0.75 0.61 0.69
2LBJ 0.780000 0.90 0.71 0.81
2LBL 0.776818 0.90 0.78 0.84
2LDL 0.779697 0.89 0.80 0.85
2LDT 0.780152 0.77 0.59 0.69
2LHP 0.780000 0.75 0.68 0.72
2LI4 0.781061 0.89 0.69 0.80
2LK3 0.777576 0.87 0.69 0.78
2LP9 0.779385 0.96 0.56 0.76
2LPA 0.778308 0.96 0.68 0.83
2LPS 0.779091 0.94 0.72 0.84
2LQZ 0.778333 0.98 0.74 0.88
2LU0 0.778636 0.79 0.64 0.72
2LUB 0.779231 0.86 0.77 0.82
2LUN 0.779242 0.81 0.63 0.73
2LV0 0.778788 0.87 0.62 0.75
2M12 0.776818 0.85 0.74 0.80
2M21 0.778788 0.89 0.77 0.83
2M22 0.776212 0.84 0.75 0.80
2M24 0.777846 0.82 0.71 0.77
2M4W 0.778939 0.85 0.69 0.77
2M5U 0.778788 0.75 0.59 0.67
2M8K 0.776818 0.92 0.79 0.86
2MEQ 0.776515 0.96 0.79 0.88
2MHI 0.781061 0.87 0.58 0.73
2MNC 0.780000 0.88 0.62 0.75
2MXL 0.780455 0.82 0.66 0.75
2N2O 0.777538 0.89 0.89 0.89
2N2P 0.775538 0.93 0.80 0.87
2N4L 0.779091 0.70 0.64 0.67
2N6S 0.784462 0.78 0.67 0.73
2N6T 0.783231 0.60 0.64 0.62
2N6W 0.786032 0.44 0.61 0.52
2N6X 0.783385 0.77 0.64 0.71
2NCI 0.780152 0.70 0.50 0.61
2QH2 0.780303 0.76 0.76 0.76
2QH4 0.776000 0.87 0.70 0.79
2RVO 0.776818 0.87 0.71 0.79
2Y95 0.776667 0.94 0.73 0.84
4A4S 0.775469 0.80 0.59 0.70
4A4T 0.776719 0.91 0.80 0.86
4A4U 0.777969 0.92 0.72 0.83
5A17 0.778615 0.78 0.54 0.67
5A18 0.779077 0.83 0.59 0.72
5IEM 0.781212 0.81 0.67 0.75
5KH8 0.777273 0.88 0.61 0.76
5KMZ 0.780909 0.98 0.54 0.76
5KQE 0.780758 0.58 0.51 0.55
5LSN 0.776212 0.87 0.70 0.79
5LWJ 0.778030 0.93 0.78 0.86
5N5C 0.777121 0.94 0.73 0.83
5UF3 0.779545 0.79 0.69 0.74
5UZT 0.779846 0.80 0.70 0.76
5V16 0.782154 0.74 0.64 0.69
5V17 0.780462 0.81 0.65 0.74
5WQ1 0.776515 0.91 0.83 0.87
6EZ0 0.778333 0.88 0.60 0.72
