1XHP 1 1.1935 0.508180946053403
1XHP 2 4.2889 0.166640420360099
1XHP 3 1.4201 0.501328970883228
1XHP 4 4.5187 0.508753570741771
1XHP 5 2.2124 0.401582833676028
1XHP 6 1.5548 0.503316176412547
1XHP 7 4.1457 0.503318659353593
1XHP 8 2.0312 0.356857480654784
1XHP 9 3.8661 0.508274941031558
1XHP 10 3.6048 0.377637813840038
1XHP 11 4.7084 0.105375187525452
1XHP 12 3.2844 0.397630500820213
1XHP 13 3.9011 0.50953167907081
1XHP 14 2.322 0.436889970488149
1XHP 15 0.75 0.496410989583595
1XHP 16 1.8234 0.498979000961726
1XHP 17 3.4627 0.246008905052654
1XHP 18 1.2287 0.408117082993301
1XHP 19 4.4905 0.509856839335127
1XHP 20 0.9445 0.450943776892518
1XHP 21 4.1633 0.48850155547663
1XHP 22 3.9824 0.750083668811799
1XHP 23 3.5182 0.458038530242521
1XHP 24 3.4506 0.508922349397574
1XHP 25 2.2876 0.493757830094216
1XHP 26 2.2044 0.501819082663074
1XHP 27 3.5412 0.465163781080122
1XHP 28 1.8675 0.494304384154382
1XHP 29 1.0281 0.289942715050648
1XHP 30 3.5798 0.376478971057656
1XHP 31 3.7803 0.434852367417865
1XHP 32 2.2297 0.404656807576856
1XHP 33 3.2808 0.331213255098696
1XHP 34 2.6422 0.346923985057079
1XHP 35 3.2163 0.500084943183429
1XHP 36 4.1551 0.362504818336663
1XHP 37 4.1681 0.418463485294832
1XHP 38 3.6841 0.398295066224912
1XHP 39 2.1897 0.511073108712763
1XHP 40 4.0733 0.421007614183482
1XHP 41 1.6912 0.42203756518121
1XHP 42 0.1047 0.420910650867745
1XHP 43 2.562 0.434269631633752
1XHP 44 0.5385 0.438767040303188
1XHP 45 1.4663 0.445723402797654
1XHP 46 3.4216 0.380571282438879
1XHP 47 3.3624 0.49446239533273
1XHP 48 3.1244 0.487110762023103
1XHP 49 0.3907 0.499627160706991
1XHP 50 1.7532 0.513138817908038
1XHP 51 3.8801 0.514599478046586
1XHP 52 4.3664 0.514160634967499
1XHP 53 1.6197 0.459149354129763
1XHP 54 3.6317 0.596984204077012
1XHP 55 4.6951 0.414362257189658
1XHP 56 3.1637 0.499965990779298
1XHP 57 3.5857 0.374766613435256
1XHP 58 4.4023 0.514706601122599
1XHP 59 3.9764 0.490367044511666
1XHP 60 2.2737 0.43217025866714
1XHP 61 2.8489 0.512933939352516
1XHP 62 0.0141 0.458784122092205
1XHP 63 2.8867 0.512692321160259
1XHP 64 0.6566 0.651573630163246
1XHP 65 2.8711 0.666465595857016
1XHP 66 2.4199 0.514984459479812
1XHP 67 1.1556 0.390912311162722
1XHP 68 2.2998 0.699832298480316
1XHP 69 1.6942 0.398563443296446
1XHP 70 2.5733 0.721449777811836
1XHP 71 4.6492 0.501966802277579
1XHP 72 2.4332 0.50830862256764
1XHP 73 3.5204 0.514897986478966
1XHP 74 2.9903 0.755998945443339
1XHP 75 0.5371 0.738497290572834
1XHP 76 4.7921 0.780926167082171
1XHP 77 2.9236 0.793879405178042
1XHP 78 3.517 0.514855412223175
1XHP 79 2.8758 0.396658103038357
1XHP 80 3.9205 0.486857606460673
1XHP 81 0.1245 0.515017644840623
1XHP 82 0.4516 0.51106617281775
1XHP 83 0.3975 0.784177246099398
1XHP 84 2.5817 0.864047754836801
1XHP 85 1.4299 0.744928903051086
1XHP 86 0.6139 0.511759771443857
1XHP 87 4.3825 0.897568027005831
1XHP 88 0.9688 0.787242127405562
1XHP 89 1.8938 0.495815169129466
1XHP 90 0.2309 0.470626388395274
1XHP 91 0.2284 0.506923658886397
1XHP 92 2.2798 0.515149192960658
1XHP 93 3.6448 0.958214053372652
1XHP 94 4.8228 0.435362822517538
1XHP 95 3.1683 0.980131568549644
1XHP 96 2.4902 0.811138233085593
1XHP 97 2.7271 1
1XHP 98 1.4732 0.513111306600671
1XHP 99 0.1395 0.503245782694598
1XHP 100 3.4122 0.491742715387862
