1XHP 1 1.1935 0
1XHP 2 4.2889 0
1XHP 3 1.4201 0
1XHP 4 4.5187 0
1XHP 5 2.2124 0
1XHP 6 1.5548 0
1XHP 7 4.1457 0
1XHP 8 2.0312 1
1XHP 9 3.8661 0
1XHP 10 3.6048 0
1XHP 11 4.7084 0
1XHP 12 3.2844 0
1XHP 13 3.9011 0
1XHP 14 2.322 1
1XHP 15 0.75 0
1XHP 16 1.8234 0
1XHP 17 3.4627 0
1XHP 18 1.2287 0
1XHP 19 4.4905 0
1XHP 20 0.9445 0
1XHP 21 4.1633 1
1XHP 22 3.9824 0
1XHP 23 3.5182 0
1XHP 24 3.4506 0
1XHP 25 2.2876 0
1XHP 26 2.2044 1
1XHP 27 3.5412 0
1XHP 28 1.8675 1
1XHP 29 1.0281 1
1XHP 30 3.5798 0
1XHP 31 3.7803 1
1XHP 32 2.2297 0
1XHP 33 3.2808 0
1XHP 34 2.6422 0
1XHP 35 3.2163 0
1XHP 36 4.1551 0
1XHP 37 4.1681 0
1XHP 38 3.6841 0
1XHP 39 2.1897 0
1XHP 40 4.0733 1
1XHP 41 1.6912 1
1XHP 42 0.1047 0
1XHP 43 2.562 0
1XHP 44 0.5385 0
1XHP 45 1.4663 1
1XHP 46 3.4216 0
1XHP 47 3.3624 0
1XHP 48 3.1244 1
1XHP 49 0.3907 0
1XHP 50 1.7532 0
1XHP 51 3.8801 0
1XHP 52 4.3664 0
1XHP 53 1.6197 0
1XHP 54 3.6317 0
1XHP 55 4.6951 1
1XHP 56 3.1637 0
1XHP 57 3.5857 0
1XHP 58 4.4023 0
1XHP 59 3.9764 0
1XHP 60 2.2737 0
1XHP 61 2.8489 0
1XHP 62 0.0141 0
1XHP 63 2.8867 0
1XHP 64 0.6566 0
1XHP 65 2.8711 0
1XHP 66 2.4199 1
1XHP 67 1.1556 0
1XHP 68 2.2998 1
1XHP 69 1.6942 0
1XHP 70 2.5733 0
1XHP 71 4.6492 0
1XHP 72 2.4332 1
1XHP 73 3.5204 0
1XHP 74 2.9903 0
1XHP 75 0.5371 0
1XHP 76 4.7921 0
1XHP 77 2.9236 0
1XHP 78 3.517 1
1XHP 79 2.8758 1
1XHP 80 3.9205 0
1XHP 81 0.1245 0
1XHP 82 0.4516 1
1XHP 83 0.3975 0
1XHP 84 2.5817 0
1XHP 85 1.4299 0
1XHP 86 0.6139 0
1XHP 87 4.3825 1
1XHP 88 0.9688 1
1XHP 89 1.8938 0
1XHP 90 0.2309 0
1XHP 91 0.2284 0
1XHP 92 2.2798 0
1XHP 93 3.6448 0
1XHP 94 4.8228 0
1XHP 95 3.1683 0
1XHP 96 2.4902 0
1XHP 97 2.7271 1
1XHP 98 1.4732 0
1XHP 99 0.1395 0
1XHP 100 3.4122 0
