1XHP 1 1.1935 0.424204777988678
1XHP 2 4.2889 0.404568608312209
1XHP 3 1.4201 0.45083756758304
1XHP 4 4.5187 0.467450929099815
1XHP 5 2.2124 0.394162927742543
1XHP 6 1.5548 0.0528796956542513
1XHP 7 4.1457 0.366317051664703
1XHP 8 2.0312 0.254875590262987
1XHP 9 3.8661 0.321177025797085
1XHP 10 3.6048 0.293410429484484
1XHP 11 4.7084 0.103547613456154
1XHP 12 3.2844 0.37616912672224
1XHP 13 3.9011 0.353415234542352
1XHP 14 2.322 0.302046574010343
1XHP 15 0.75 0.145362378167893
1XHP 16 1.8234 0.15649183057147
1XHP 17 3.4627 0.16616943480184
1XHP 18 1.2287 0.176871557433386
1XHP 19 4.4905 0.471261430998379
1XHP 20 0.9445 0.41463418683681
1XHP 21 4.1633 0.416341937855118
1XHP 22 3.9824 0.774865129085045
1XHP 23 3.5182 0.445342359143209
1XHP 24 3.4506 0.468939196463222
1XHP 25 2.2876 0.470102950240348
1XHP 26 2.2044 0.473015962766274
1XHP 27 3.5412 0.340890584331072
1XHP 28 1.8675 0.453812042296562
1XHP 29 1.0281 0.289850326813422
1XHP 30 3.5798 0.329170215577624
1XHP 31 3.7803 0.327910640435995
1XHP 32 2.2297 0.407412533526716
1XHP 33 3.2808 0.330991528671911
1XHP 34 2.6422 0.340505115873903
1XHP 35 3.2163 0.447109312483785
1XHP 36 4.1551 0.361162437213408
1XHP 37 4.1681 0.380372322497725
1XHP 38 3.6841 0.402065169473604
1XHP 39 2.1897 0.45659785668838
1XHP 40 4.0733 0.412211442100928
1XHP 41 1.6912 0.42278244642382
1XHP 42 0.1047 0.424506262471151
1XHP 43 2.562 0.376018484407021
1XHP 44 0.5385 0.447351948228361
1XHP 45 1.4663 0.454781924225824
1XHP 46 3.4216 0.435741375108681
1XHP 47 3.3624 0.8400830283745
1XHP 48 3.1244 0.436193240561403
1XHP 49 0.3907 0.238150419218854
1XHP 50 1.7532 0.473770265841948
1XHP 51 3.8801 0.782607750532513
1XHP 52 4.3664 0.849053110278784
1XHP 53 1.6197 0.297969561735554
1XHP 54 3.6317 0.660207049168705
1XHP 55 4.6951 0.557859439574307
1XHP 56 3.1637 0.294058226798362
1XHP 57 3.5857 0.238802321186081
1XHP 58 4.4023 0.468850907983142
1XHP 59 3.9764 0.597455185640711
1XHP 60 2.2737 0.309571817935902
1XHP 61 2.8489 0.447839033759067
1XHP 62 0.0141 0.399449213938899
1XHP 63 2.8867 0.658549768476029
1XHP 64 0.6566 0.651909146526655
1XHP 65 2.8711 0.360433684451838
1XHP 66 2.4199 0.461475445471725
1XHP 67 1.1556 0.379157929289398
1XHP 68 2.2998 0.387903930941959
1XHP 69 1.6942 0.460058755883567
1XHP 70 2.5733 0.472490428778546
1XHP 71 4.6492 0.435218177852447
1XHP 72 2.4332 0.453649531845069
1XHP 73 3.5204 0.752718679481056
1XHP 74 2.9903 0.720757419537572
1XHP 75 0.5371 0.422487188100921
1XHP 76 4.7921 0.783319961694822
1XHP 77 2.9236 0.793592602301644
1XHP 78 3.517 0.456352253909736
1XHP 79 2.8758 0.810075214467369
1XHP 80 3.9205 0.823039616023361
1XHP 81 0.1245 0.382492675730356
1XHP 82 0.4516 0.422370828096441
1XHP 83 0.3975 0.755903429282603
1XHP 84 2.5817 0.461922483729123
1XHP 85 1.4299 0.343720289304577
1XHP 86 0.6139 0.886189246595336
1XHP 87 4.3825 0.897449156258526
1XHP 88 0.9688 0.477978550157726
1XHP 89 1.8938 0.472053598348201
1XHP 90 0.2309 0.894541724216366
1XHP 91 0.2284 0.399452995754343
1XHP 92 2.2798 0.948444969758082
1XHP 93 3.6448 0.959407545711849
1XHP 94 4.8228 0.291432048063369
1XHP 95 3.1683 0.97953244585501
1XHP 96 2.4902 0.316262356774501
1XHP 97 2.7271 1
1XHP 98 1.4732 0.420000875044452
1XHP 99 0.1395 0.889890660028873
1XHP 100 3.4122 0.456834450752185
