1YSV 1 1.1964 0
1YSV 2 3.882 0
1YSV 3 1.4596 1
1YSV 4 4.5913 0
1YSV 5 2.2545 1
1YSV 6 1.5547 0
1YSV 7 4.2407 0
1YSV 8 2.0588 0
1YSV 9 3.8815 1
1YSV 10 3.6115 0
1YSV 11 4.2706 1
1YSV 12 3.2447 0
1YSV 13 4.0013 0
1YSV 14 2.3696 0
1YSV 15 0.7522 1
1YSV 16 1.8126 0
1YSV 17 3.4601 0
1YSV 18 1.2253 0
1YSV 19 4.197 0
1YSV 20 0.949 1
1YSV 21 4.1546 0
1YSV 22 3.5157 0
1YSV 23 3.5363 1
1YSV 24 3.309 1
1YSV 25 2.2957 1
1YSV 26 2.1866 0
1YSV 27 3.4643 0
1YSV 28 1.9051 1
1YSV 29 1.035 0
1YSV 30 3.4049 0
1YSV 31 3.5447 0
1YSV 32 2.1708 0
1YSV 33 3.1831 1
1YSV 34 2.622 0
1YSV 35 3.0637 0
1YSV 36 3.9522 0
1YSV 37 4.0429 0
1YSV 38 3.7257 0
1YSV 39 2.1123 0
1YSV 40 3.7965 1
1YSV 41 1.6442 0
1YSV 42 0.1042 0
1YSV 43 2.4286 0
1YSV 44 0.5337 0
1YSV 45 1.4363 0
1YSV 46 3.31 0
1YSV 47 3.3825 0
1YSV 48 3.1835 0
1YSV 49 0.3906 0
1YSV 50 1.7006 0
1YSV 51 3.7609 0
1YSV 52 4.5387 1
1YSV 53 1.6204 1
1YSV 54 3.4374 0
1YSV 55 4.5251 1
1YSV 56 3.019 0
1YSV 57 3.3843 0
1YSV 58 4.2299 0
1YSV 59 3.9347 0
1YSV 60 2.2044 0
1YSV 61 2.7045 0
1YSV 62 0.0141 0
1YSV 63 2.8665 1
1YSV 64 0.652 1
1YSV 65 2.7872 0
1YSV 66 2.2587 0
1YSV 67 1.1597 0
1YSV 68 2.3094 1
1YSV 69 1.6794 0
1YSV 70 2.5441 0
1YSV 71 4.2625 0
1YSV 72 2.387 1
1YSV 73 3.4718 1
1YSV 74 2.93 0
1YSV 75 0.5263 0
1YSV 76 4.7762 1
1YSV 77 2.8342 0
1YSV 78 3.5041 0
1YSV 79 2.8314 0
1YSV 80 4.0019 0
1YSV 81 0.1242 0
1YSV 82 0.4529 0
1YSV 83 0.3943 0
1YSV 84 2.5795 1
1YSV 85 1.4088 0
1YSV 86 0.6126 0
1YSV 87 4.4784 0
1YSV 88 0.9491 0
1YSV 89 1.8967 0
1YSV 90 0.2297 0
1YSV 91 0.2282 0
1YSV 92 2.3587 1
1YSV 93 3.4657 0
1YSV 94 4.8268 0
1YSV 95 3.2026 1
1YSV 96 2.4772 0
1YSV 97 2.695 0
1YSV 98 1.4757 0
1YSV 99 0.1379 0
1YSV 100 3.3753 0
