1YSV 1 1.1964 0.469920035885512
1YSV 2 3.882 0.237291607370259
1YSV 3 1.4596 0.47563729944661
1YSV 4 4.5913 0.661957486987234
1YSV 5 2.2545 0.475229552119551
1YSV 6 1.5547 0.386155934141644
1YSV 7 4.2407 0.0624417611007749
1YSV 8 2.0588 0.442812275953572
1YSV 9 3.8815 0.43295531577933
1YSV 10 3.6115 0.48590439956681
1YSV 11 4.2706 0.599669685498792
1YSV 12 3.2447 0.362812314642265
1YSV 13 4.0013 0.382007570570239
1YSV 14 2.3696 0.595219937353785
1YSV 15 0.7522 0.623018827167773
1YSV 16 1.8126 0.468155197037148
1YSV 17 3.4601 0.175757391465769
1YSV 18 1.2253 0.397353328674847
1YSV 19 4.197 0.44185754857689
1YSV 20 0.949 0.348344405348192
1YSV 21 4.1546 0.201861931496422
1YSV 22 3.5157 0.439985580412517
1YSV 23 3.5363 0.456132669915815
1YSV 24 3.309 0.354618859336252
1YSV 25 2.2957 0.707926179314702
1YSV 26 2.1866 0.251594903588542
1YSV 27 3.4643 0.261612101427774
1YSV 28 1.9051 0.451458590599804
1YSV 29 1.035 0.326260460560371
1YSV 30 3.4049 0.291287373836576
1YSV 31 3.5447 0.318878376418841
1YSV 32 2.1708 0.344723455790018
1YSV 33 3.1831 0.323155033312603
1YSV 34 2.622 0.333240795204898
1YSV 35 3.0637 0.34148186906556
1YSV 36 3.9522 0.352455776768598
1YSV 37 4.0429 0.362886437772228
1YSV 38 3.7257 0.358148722922192
1YSV 39 2.1123 0.467183735671444
1YSV 40 3.7965 0.388491365225477
1YSV 41 1.6442 0.40515763601044
1YSV 42 0.1042 0.418840927379028
1YSV 43 2.4286 0.422097370103746
1YSV 44 0.5337 0.432169347177068
1YSV 45 1.4363 0.455384077302389
1YSV 46 3.31 0.460483117610376
1YSV 47 3.3825 0.461904199638381
1YSV 48 3.1835 0.479334035259479
1YSV 49 0.3906 0.484173146703796
1YSV 50 1.7006 0.481907707248184
1YSV 51 3.7609 0.501067033933772
1YSV 52 4.5387 0.512115947078408
1YSV 53 1.6204 0.426426991179718
1YSV 54 3.4374 0.46473913131484
1YSV 55 4.5251 0.65506848868201
1YSV 56 3.019 0.401278231369104
1YSV 57 3.3843 0.434767713958051
1YSV 58 4.2299 0.475463970889489
1YSV 59 3.9347 0.482115382968398
1YSV 60 2.2044 0.600857248846767
1YSV 61 2.7045 0.443575334670267
1YSV 62 0.0141 0.478509879769242
1YSV 63 2.8665 0.629918175892445
1YSV 64 0.652 0.582573859035029
1YSV 65 2.7872 0.457350806127261
1YSV 66 2.2587 0.568046334056363
1YSV 67 1.1597 0.448134445536814
1YSV 68 2.3094 0.475855889413699
1YSV 69 1.6794 0.668901848575536
1YSV 70 2.5441 0.408345708078554
1YSV 71 4.2625 0.453146387914587
1YSV 72 2.387 0.486564066952763
1YSV 73 3.4718 0.728657507918832
1YSV 74 2.93 0.73381085235897
1YSV 75 0.5263 0.447749976009141
1YSV 76 4.7762 0.486908569640419
1YSV 77 2.8342 0.483846570097346
1YSV 78 3.5041 0.781010858944227
1YSV 79 2.8314 0.661650130177589
1YSV 80 4.0019 0.801203867583153
1YSV 81 0.1242 0.748952723540267
1YSV 82 0.4529 0.473545244608389
1YSV 83 0.3943 0.486013947175789
1YSV 84 2.5795 0.839062712421881
1YSV 85 1.4088 0.415037962695993
1YSV 86 0.6126 0.859140266171257
1YSV 87 4.4784 0.485756940276049
1YSV 88 0.9491 0.439658796954887
1YSV 89 1.8967 0.48483290429697
1YSV 90 0.2297 0.484045881479676
1YSV 91 0.2282 0.482247813360251
1YSV 92 2.3587 0.48686579434001
1YSV 93 3.4657 0.448813863122712
1YSV 94 4.8268 0.667194673420284
1YSV 95 3.2026 0.485967101235122
1YSV 96 2.4772 0.48602433626419
1YSV 97 2.695 0.936386652126725
1YSV 98 1.4757 0.977256998753794
1YSV 99 0.1379 0.484365380495786
1YSV 100 3.3753 1
