1YSV 1 1.1964 0.734354035297219
1YSV 2 3.882 0.182143491042807
1YSV 3 1.4596 0.463382126710821
1YSV 4 4.5913 0.343678024615708
1YSV 5 2.2545 0.501337542077444
1YSV 6 1.5547 0.494696434871977
1YSV 7 4.2407 0.248162235057836
1YSV 8 2.0588 0.482845661028451
1YSV 9 3.8815 0.501230108670007
1YSV 10 3.6115 0.431207351551947
1YSV 11 4.2706 0.507137623348471
1YSV 12 3.2447 0.503457387004203
1YSV 13 4.0013 0.726447567113965
1YSV 14 2.3696 0.498151822399735
1YSV 15 0.7522 0.478462085773848
1YSV 16 1.8126 0.466673511028343
1YSV 17 3.4601 0.165598315641043
1YSV 18 1.2253 0.504200453973436
1YSV 19 4.197 0.5053473075204
1YSV 20 0.949 0.449955688525866
1YSV 21 4.1546 0.209195684453086
1YSV 22 3.5157 0.345218221321125
1YSV 23 3.5363 0.454110200682837
1YSV 24 3.309 0.395830568672634
1YSV 25 2.2957 0.483845522295547
1YSV 26 2.1866 0.455534904552685
1YSV 27 3.4643 0.271092369351902
1YSV 28 1.9051 0.492381287238326
1YSV 29 1.035 0.403530075663265
1YSV 30 3.4049 0.299921051441607
1YSV 31 3.5447 0.449396773337197
1YSV 32 2.1708 0.45128249495286
1YSV 33 3.1831 0.419177609186025
1YSV 34 2.622 0.343130675629243
1YSV 35 3.0637 0.351619745106743
1YSV 36 3.9522 0.361969127468469
1YSV 37 4.0429 0.3723089892462
1YSV 38 3.7257 0.382326735368677
1YSV 39 2.1123 0.496028578363019
1YSV 40 3.7965 0.40269966233457
1YSV 41 1.6442 0.487041562347828
1YSV 42 0.1042 0.429124743028825
1YSV 43 2.4286 0.434156040987421
1YSV 44 0.5337 0.444861853096312
1YSV 45 1.4363 0.463075360882427
1YSV 46 3.31 0.474439785151642
1YSV 47 3.3825 0.474889144411725
1YSV 48 3.1835 0.495434933806563
1YSV 49 0.3906 0.497187244201595
1YSV 50 1.7006 0.512106353074933
1YSV 51 3.7609 0.469049473507091
1YSV 52 4.5387 0.529553061644474
1YSV 53 1.6204 0.538529495815096
1YSV 54 3.4374 0.49616105136778
1YSV 55 4.5251 0.496768015513476
1YSV 56 3.019 0.459957731067957
1YSV 57 3.3843 0.431561643397375
1YSV 58 4.2299 0.573023971261679
1YSV 59 3.9347 0.511993813312268
1YSV 60 2.2044 0.511309992368152
1YSV 61 2.7045 0.48164645195981
1YSV 62 0.0141 0.621214122086801
1YSV 63 2.8665 0.650169955497807
1YSV 64 0.652 0.652099727117607
1YSV 65 2.7872 0.502258347122031
1YSV 66 2.2587 0.475989425538113
1YSV 67 1.1597 0.481251878354314
1YSV 68 2.3094 0.700838503518002
1YSV 69 1.6794 0.693407110938028
1YSV 70 2.5441 0.679451272912846
1YSV 71 4.2625 0.700496193150655
1YSV 72 2.387 0.512185855334495
1YSV 73 3.4718 0.512436697344788
1YSV 74 2.93 0.709030804549332
1YSV 75 0.5263 0.51093638250415
1YSV 76 4.7762 0.512495712661085
1YSV 77 2.8342 0.51249191365584
1YSV 78 3.5041 0.512477163671912
1YSV 79 2.8314 0.740302493101037
1YSV 80 4.0019 0.824221565368576
1YSV 81 0.1242 0.815703749572035
1YSV 82 0.4529 0.725156751262977
1YSV 83 0.3943 0.512302993892984
1YSV 84 2.5795 0.866499941092348
1YSV 85 1.4088 0.674434032811716
1YSV 86 0.6126 0.498862743939971
1YSV 87 4.4784 0.512486207457678
1YSV 88 0.9491 0.47696224773144
1YSV 89 1.8967 0.508739373167211
1YSV 90 0.2297 0.511181733644513
1YSV 91 0.2282 0.938696898135288
1YSV 92 2.3587 0.949540320365344
1YSV 93 3.4657 0.492016951868911
1YSV 94 4.8268 0.469735140121771
1YSV 95 3.2026 0.51249112924585
1YSV 96 2.4772 0.504739620487066
1YSV 97 2.695 1
1YSV 98 1.4757 0.512275001222757
1YSV 99 0.1379 0.511401306919327
1YSV 100 3.3753 0.512418086833263
