1Z2J 1 1.2122 0.640858886000801
1Z2J 2 4.3018 0.429640570253541
1Z2J 3 1.4426 0.506357754331111
1Z2J 4 4.9114 0.50980888947703
1Z2J 5 2.2508 0.484102250278481
1Z2J 6 1.5734 0.513441314290224
1Z2J 7 4.1592 0.415446224021332
1Z2J 8 2.0846 0.77057116162945
1Z2J 9 4.0909 0.453509307948018
1Z2J 10 3.6177 0.500793229989064
1Z2J 11 4.5739 0.102528844690739
1Z2J 12 3.3312 0.454621896716156
1Z2J 13 4.0159 0.484695083600342
1Z2J 14 2.4247 0.364652958106072
1Z2J 15 0.7553 0.510600518488694
1Z2J 16 1.8555 0.489456582041765
1Z2J 17 3.5462 0.469426970692343
1Z2J 18 1.2386 0.446925734504542
1Z2J 19 4.4852 0.494885906160657
1Z2J 20 0.9506 0.690727581520523
1Z2J 21 4.169 0.502663962304706
1Z2J 22 4.0249 0.344338918078273
1Z2J 23 3.6598 0.225999514707333
1Z2J 24 3.2975 0.23537237153937
1Z2J 25 2.2853 0.494385819723938
1Z2J 26 2.1681 0.294686991597593
1Z2J 27 3.5169 0.426204399468705
1Z2J 28 1.9374 0.276855241376996
1Z2J 29 1.0517 0.497155895041555
1Z2J 30 3.5271 0.498914543730172
1Z2J 31 3.7648 0.449082604263087
1Z2J 32 2.2215 0.312045335073076
1Z2J 33 3.2825 0.304397063037857
1Z2J 34 2.6429 0.423371841263168
1Z2J 35 3.1013 0.464828534343533
1Z2J 36 4.2259 0.359148237100679
1Z2J 37 4.1891 0.370509759333999
1Z2J 38 3.8194 0.439816870665865
1Z2J 39 2.1791 0.388788234726923
1Z2J 40 3.9332 0.495419747132367
1Z2J 41 1.6877 0.401322999419401
1Z2J 42 0.1047 0.468033367326728
1Z2J 43 2.5713 0.401317794955358
1Z2J 44 0.5407 0.47518673411307
1Z2J 45 1.4861 0.490228255395242
1Z2J 46 3.6069 0.442673644366784
1Z2J 47 3.3422 0.470494151512375
1Z2J 48 3.1535 0.489602726583413
1Z2J 49 0.3931 0.499925470148396
1Z2J 50 1.7408 0.501995747613166
1Z2J 51 3.8714 0.516547345469331
1Z2J 52 4.2923 0.523520449584803
1Z2J 53 1.6197 0.515751143546739
1Z2J 54 3.7054 0.747392397517803
1Z2J 55 4.8095 0.357447445081662
1Z2J 56 3.1354 0.431468642028496
1Z2J 57 3.6073 0.506264556323741
1Z2J 58 4.5692 0.421927237356317
1Z2J 59 4.0794 0.515198426542303
1Z2J 60 2.3055 0.516645700282319
1Z2J 61 2.8149 0.515406381312004
1Z2J 62 0.0142 0.652084525751806
1Z2J 63 2.8835 0.639865779122003
1Z2J 64 0.6588 0.51344597846097
1Z2J 65 2.8257 0.655742729224347
1Z2J 66 2.3789 0.666080635054831
1Z2J 67 1.1624 0.683139492143479
1Z2J 68 2.3199 0.514825220671082
1Z2J 69 1.7159 0.517300856366621
1Z2J 70 2.5698 0.682717833470665
1Z2J 71 4.5039 0.587047603678169
1Z2J 72 2.4571 0.514833763584164
1Z2J 73 3.5858 0.487169211143685
1Z2J 74 2.9531 0.376498051395169
1Z2J 75 0.5369 0.515149029230878
1Z2J 76 4.8111 0.51570182711781
1Z2J 77 2.9356 0.758114522267281
1Z2J 78 3.7048 0.51697716047211
1Z2J 79 2.9059 0.513999506874611
1Z2J 80 3.9277 0.667315078608906
1Z2J 81 0.125 0.514985631195262
1Z2J 82 0.4546 0.51664531766571
1Z2J 83 0.3961 0.510807354593874
1Z2J 84 2.6186 0.515571609615592
1Z2J 85 1.4438 0.867150215467558
1Z2J 86 0.6147 0.51716145733402
1Z2J 87 4.4788 0.487855919422228
1Z2J 88 0.9645 0.517087490779335
1Z2J 89 1.9138 0.909037585008907
1Z2J 90 0.2302 0.918222457537617
1Z2J 91 0.2286 0.92822412427099
1Z2J 92 2.3391 0.517282283972707
1Z2J 93 3.5633 0.492069187421835
1Z2J 94 4.8487 0.516500660928859
1Z2J 95 3.1421 0.516510910646589
1Z2J 96 2.5105 0.979883089211565
1Z2J 97 2.7539 0.752984092443878
1Z2J 98 1.4785 1
1Z2J 99 0.1401 0.516945739413636
1Z2J 100 3.4511 0.517273226701919
