1Z2J 1 1.2122 1
1Z2J 2 4.3018 1
1Z2J 3 1.4426 0
1Z2J 4 4.9114 0
1Z2J 5 2.2508 1
1Z2J 6 1.5734 1
1Z2J 7 4.1592 1
1Z2J 8 2.0846 0
1Z2J 9 4.0909 0
1Z2J 10 3.6177 1
1Z2J 11 4.5739 0
1Z2J 12 3.3312 0
1Z2J 13 4.0159 0
1Z2J 14 2.4247 0
1Z2J 15 0.7553 0
1Z2J 16 1.8555 0
1Z2J 17 3.5462 0
1Z2J 18 1.2386 0
1Z2J 19 4.4852 1
1Z2J 20 0.9506 0
1Z2J 21 4.169 0
1Z2J 22 4.0249 0
1Z2J 23 3.6598 1
1Z2J 24 3.2975 0
1Z2J 25 2.2853 0
1Z2J 26 2.1681 0
1Z2J 27 3.5169 1
1Z2J 28 1.9374 0
1Z2J 29 1.0517 0
1Z2J 30 3.5271 0
1Z2J 31 3.7648 0
1Z2J 32 2.2215 0
1Z2J 33 3.2825 1
1Z2J 34 2.6429 1
1Z2J 35 3.1013 1
1Z2J 36 4.2259 0
1Z2J 37 4.1891 0
1Z2J 38 3.8194 0
1Z2J 39 2.1791 0
1Z2J 40 3.9332 0
1Z2J 41 1.6877 0
1Z2J 42 0.1047 0
1Z2J 43 2.5713 0
1Z2J 44 0.5407 1
1Z2J 45 1.4861 0
1Z2J 46 3.6069 0
1Z2J 47 3.3422 0
1Z2J 48 3.1535 0
1Z2J 49 0.3931 0
1Z2J 50 1.7408 0
1Z2J 51 3.8714 0
1Z2J 52 4.2923 0
1Z2J 53 1.6197 0
1Z2J 54 3.7054 0
1Z2J 55 4.8095 0
1Z2J 56 3.1354 0
1Z2J 57 3.6073 0
1Z2J 58 4.5692 0
1Z2J 59 4.0794 0
1Z2J 60 2.3055 0
1Z2J 61 2.8149 0
1Z2J 62 0.0142 0
1Z2J 63 2.8835 0
1Z2J 64 0.6588 1
1Z2J 65 2.8257 0
1Z2J 66 2.3789 0
1Z2J 67 1.1624 0
1Z2J 68 2.3199 0
1Z2J 69 1.7159 0
1Z2J 70 2.5698 0
1Z2J 71 4.5039 1
1Z2J 72 2.4571 0
1Z2J 73 3.5858 0
1Z2J 74 2.9531 1
1Z2J 75 0.5369 0
1Z2J 76 4.8111 0
1Z2J 77 2.9356 0
1Z2J 78 3.7048 0
1Z2J 79 2.9059 0
1Z2J 80 3.9277 0
1Z2J 81 0.125 1
1Z2J 82 0.4546 0
1Z2J 83 0.3961 1
1Z2J 84 2.6186 0
1Z2J 85 1.4438 1
1Z2J 86 0.6147 1
1Z2J 87 4.4788 0
1Z2J 88 0.9645 1
1Z2J 89 1.9138 0
1Z2J 90 0.2302 0
1Z2J 91 0.2286 0
1Z2J 92 2.3391 0
1Z2J 93 3.5633 0
1Z2J 94 4.8487 1
1Z2J 95 3.1421 1
1Z2J 96 2.5105 0
1Z2J 97 2.7539 0
1Z2J 98 1.4785 0
1Z2J 99 0.1401 1
1Z2J 100 3.4511 1
