1Z2J 1 1.2122 0.396599892411697
1Z2J 2 4.3018 0.473780516583062
1Z2J 3 1.4426 0.457257411796807
1Z2J 4 4.9114 0.447948680206725
1Z2J 5 2.2508 0.40457656060357
1Z2J 6 1.5734 0.461826113320243
1Z2J 7 4.1592 0.0603365671937488
1Z2J 8 2.0846 0.406946911049077
1Z2J 9 4.0909 0.445714298406709
1Z2J 10 3.6177 0.378757857477609
1Z2J 11 4.5739 0.100138470075017
1Z2J 12 3.3312 0.468968022577623
1Z2J 13 4.0159 0.599847630444109
1Z2J 14 2.4247 0.131541458093706
1Z2J 15 0.7553 0.469807358025017
1Z2J 16 1.8555 0.406723153854821
1Z2J 17 3.5462 0.472644542600791
1Z2J 18 1.2386 0.402528861771153
1Z2J 19 4.4852 0.449174753355024
1Z2J 20 0.9506 0.402452760473573
1Z2J 21 4.169 0.341986694362669
1Z2J 22 4.0249 0.211040466182983
1Z2J 23 3.6598 0.220833324264782
1Z2J 24 3.2975 0.230751104750835
1Z2J 25 2.2853 0.240904702362533
1Z2J 26 2.1681 0.373621727983343
1Z2J 27 3.5169 0.458403403422951
1Z2J 28 1.9374 0.270190598494891
1Z2J 29 1.0517 0.362219070308386
1Z2J 30 3.5271 0.436625865538593
1Z2J 31 3.7648 0.449006421160651
1Z2J 32 2.2215 0.310423260062716
1Z2J 33 3.2825 0.321281163630431
1Z2J 34 2.6429 0.462296823324629
1Z2J 35 3.1013 0.403206692525505
1Z2J 36 4.2259 0.35079053372009
1Z2J 37 4.1891 0.360232252514034
1Z2J 38 3.8194 0.459000452016365
1Z2J 39 2.1791 0.380422172730954
1Z2J 40 3.9332 0.419141752672065
1Z2J 41 1.6877 0.388011238603849
1Z2J 42 0.1047 0.451614899349065
1Z2J 43 2.5713 0.420504465290221
1Z2J 44 0.5407 0.439746764099782
1Z2J 45 1.4861 0.460363865273304
1Z2J 46 3.6069 0.450486587671781
1Z2J 47 3.3422 0.428704040965485
1Z2J 48 3.1535 0.47993270647728
1Z2J 49 0.3931 0.480828898016539
1Z2J 50 1.7408 0.491111234277778
1Z2J 51 3.8714 0.591402473421864
1Z2J 52 4.2923 0.510552305800744
1Z2J 53 1.6197 0.529442347281839
1Z2J 54 3.7054 0.474535969170224
1Z2J 55 4.8095 0.410562892899968
1Z2J 56 3.1354 0.534954212957399
1Z2J 57 3.6073 0.411457325388666
1Z2J 58 4.5692 0.388462315815108
1Z2J 59 4.0794 0.590094201927854
1Z2J 60 2.3055 0.480397736835363
1Z2J 61 2.8149 0.609863425823715
1Z2J 62 0.0142 0.480152781591124
1Z2J 63 2.8835 0.48052174989992
1Z2J 64 0.6588 0.480061728363775
1Z2J 65 2.8257 0.575438284590589
1Z2J 66 2.3789 0.369597273722071
1Z2J 67 1.1624 0.692773307487017
1Z2J 68 2.3199 0.480527608432721
1Z2J 69 1.7159 0.480819819526779
1Z2J 70 2.5698 0.475523586617036
1Z2J 71 4.5039 0.617898947673344
1Z2J 72 2.4571 0.468164136471197
1Z2J 73 3.5858 0.456623900172271
1Z2J 74 2.9531 0.467279945234495
1Z2J 75 0.5369 0.480716616924791
1Z2J 76 4.8111 0.457386165353555
1Z2J 77 2.9356 0.469079632845004
1Z2J 78 3.7048 0.480827511646182
1Z2J 79 2.9059 0.789824047538968
1Z2J 80 3.9277 0.470474366146255
1Z2J 81 0.125 0.809694953501585
1Z2J 82 0.4546 0.81978686508598
1Z2J 83 0.3961 0.479146649391796
1Z2J 84 2.6186 0.479469196654429
1Z2J 85 1.4438 0.849131063309392
1Z2J 86 0.6147 0.480142927926541
1Z2J 87 4.4788 0.743808671230797
1Z2J 88 0.9645 0.879646163103759
1Z2J 89 1.9138 0.48086087397801
1Z2J 90 0.2302 0.899728274391375
1Z2J 91 0.2286 0.480809160872955
1Z2J 92 2.3391 0.480841211370467
1Z2J 93 3.5633 0.475482919753217
1Z2J 94 4.8487 0.480493292039572
1Z2J 95 3.1421 0.769094471479992
1Z2J 96 2.5105 0.960164093776953
1Z2J 97 2.7539 0.456941140468804
1Z2J 98 1.4785 0.480641424966908
1Z2J 99 0.1401 0.988646506297505
1Z2J 100 3.4511 1
