1ZC5 1 1.1981 0.762255021037321
1ZC5 2 4.1692 0.505398154531205
1ZC5 3 1.4533 0.266191478354175
1ZC5 4 4.56 0.423028885062974
1ZC5 5 2.2294 0.739646643789999
1ZC5 6 1.5464 0.521102638762603
1ZC5 7 4.2383 0.422138037233188
1ZC5 8 2.0363 0.482830971895124
1ZC5 9 3.8772 0.0863808209556638
1ZC5 10 3.6651 0.36146951405702
1ZC5 11 4.6578 0.411650853666634
1ZC5 12 3.4029 0.117634019426152
1ZC5 13 4.0286 0.772833616647728
1ZC5 14 2.3702 0.368233719032813
1ZC5 15 0.7511 0.684566793360227
1ZC5 16 1.8306 0.271975380308456
1ZC5 17 3.47 0.332270758571252
1ZC5 18 1.231 0.458695769145547
1ZC5 19 4.2772 0.517501116060058
1ZC5 20 0.9399 0.433028528068857
1ZC5 21 4.0134 0.705799593735394
1ZC5 22 3.737 0.502528171208321
1ZC5 23 3.6411 0.235699333540535
1ZC5 24 3.2415 0.864539621203293
1ZC5 25 2.2335 0.485105019822928
1ZC5 26 2.1871 0.512339093634968
1ZC5 27 3.5078 0.520221805782476
1ZC5 28 1.8097 0.498316414538543
1ZC5 29 1.0347 0.487442685458762
1ZC5 30 3.5167 0.411683487113216
1ZC5 31 3.6852 0.323221626591503
1ZC5 32 2.2245 0.330384221880542
1ZC5 33 3.243 0.34104630689909
1ZC5 34 2.6207 0.382190589496288
1ZC5 35 3.0896 0.456991327832743
1ZC5 36 4.135 0.420793764973812
1ZC5 37 4.157 0.383609997431684
1ZC5 38 3.8325 0.395772641054041
1ZC5 39 2.2075 0.407799507796978
1ZC5 40 3.9265 0.418796910618631
1ZC5 41 1.642 0.509256733917383
1ZC5 42 0.1028 0.445217910715706
1ZC5 43 2.595 0.45835169547452
1ZC5 44 0.5359 0.46813422416501
1ZC5 45 1.4132 0.451019531178964
1ZC5 46 3.5144 0.511314737676718
1ZC5 47 3.4067 0.426355834619813
1ZC5 48 3.1217 0.509795419164516
1ZC5 49 0.3921 0.521483010126097
1ZC5 50 1.7278 0.52927079427075
1ZC5 51 3.9366 0.517207985997149
1ZC5 52 4.409 0.528394863431828
1ZC5 53 1.617 0.678431515026171
1ZC5 54 3.4562 0.503551916838092
1ZC5 55 4.7483 0.578727019583398
1ZC5 56 3.075 0.528923044164674
1ZC5 57 3.5382 0.723096755336848
1ZC5 58 4.4939 0.527944656852464
1ZC5 59 4.1755 0.480998460160489
1ZC5 60 2.2029 0.510909273983656
1ZC5 61 2.7095 0.641932540080198
1ZC5 62 0.0141 0.508580286760616
1ZC5 63 2.9109 0.527830596812208
1ZC5 64 0.6565 0.527183002130349
1ZC5 65 2.8153 0.529869577759406
1ZC5 66 2.3494 0.701242737048051
1ZC5 67 1.1603 0.529690519345461
1ZC5 68 2.3043 0.716649966572048
1ZC5 69 1.6663 0.41483623979081
1ZC5 70 2.5832 0.528912160144646
1ZC5 71 4.3255 0.525586791038234
1ZC5 72 2.4247 0.375033931129657
1ZC5 73 3.4453 0.529941463479871
1ZC5 74 2.9857 0.529789798865582
1ZC5 75 0.5322 0.796774239177968
1ZC5 76 4.7831 0.409515190272106
1ZC5 77 2.9033 0.817016504062754
1ZC5 78 3.4902 0.463806195823447
1ZC5 79 2.8814 0.840502404471321
1ZC5 80 3.9453 0.841212385308126
1ZC5 81 0.1235 0.52432691246392
1ZC5 82 0.4448 0.492567841612914
1ZC5 83 0.394 0.78869099222648
1ZC5 84 2.5439 0.528917554895536
1ZC5 85 1.4014 0.518198306212743
1ZC5 86 0.6073 0.527134438624457
1ZC5 87 4.3513 0.925345850891136
1ZC5 88 0.955 0.516106048911787
1ZC5 89 1.9263 0.859958444010708
1ZC5 90 0.2295 0.505916173407111
1ZC5 91 0.2268 0.517730474730658
1ZC5 92 2.2946 0.471672045081718
1ZC5 93 3.6275 0.49044812006223
1ZC5 94 4.7738 1
1ZC5 95 3.1181 0.529934577347409
1ZC5 96 2.509 0.975122930348643
1ZC5 97 2.6951 0.529971760807609
1ZC5 98 1.4762 0.904636722920045
1ZC5 99 0.1401 0.49634828960592
1ZC5 100 3.4131 0.722371623839402
