1ZC5 1 1.1981 0.653137188976301
1ZC5 2 4.1692 0.482703047373617
1ZC5 3 1.4533 0.0207594529219572
1ZC5 4 4.56 0.622063193390239
1ZC5 5 2.2294 0.410700940842259
1ZC5 6 1.5464 0.429462443170446
1ZC5 7 4.2383 0.430074702244487
1ZC5 8 2.0363 0.369532345091148
1ZC5 9 3.8772 0.0827246529022354
1ZC5 10 3.6651 0.342261656963973
1ZC5 11 4.6578 0.474914194385196
1ZC5 12 3.4029 0.113474150718121
1ZC5 13 4.0286 0.248069219061853
1ZC5 14 2.3702 0.482466541967541
1ZC5 15 0.7511 0.748573995931763
1ZC5 16 1.8306 0.156685223319534
1ZC5 17 3.47 0.443072758499771
1ZC5 18 1.231 0.212793822398283
1ZC5 19 4.2772 0.46963583560396
1ZC5 20 0.9399 0.421793786491499
1ZC5 21 4.0134 0.438020810662726
1ZC5 22 3.737 0.323373413058789
1ZC5 23 3.6411 0.22769976267874
1ZC5 24 3.2415 0.734977769828538
1ZC5 25 2.2335 0.313427325935716
1ZC5 26 2.1871 0.473716057045417
1ZC5 27 3.5078 0.463275279832081
1ZC5 28 1.8097 0.459163238557194
1ZC5 29 1.0347 0.804210275599859
1ZC5 30 3.5167 0.465838028628109
1ZC5 31 3.6852 0.310959498883256
1ZC5 32 2.2245 0.320071986265755
1ZC5 33 3.243 0.330207502035063
1ZC5 34 2.6207 0.393287164409269
1ZC5 35 3.0896 0.457244307472515
1ZC5 36 4.135 0.361449830839405
1ZC5 37 4.157 0.372319891561203
1ZC5 38 3.8325 0.381828767105292
1ZC5 39 2.2075 0.341795375793078
1ZC5 40 3.9265 0.402486491820037
1ZC5 41 1.642 0.422509248762618
1ZC5 42 0.1028 0.43768967543816
1ZC5 43 2.595 0.470587050421745
1ZC5 44 0.5359 0.46476572636114
1ZC5 45 1.4132 0.453929836237867
1ZC5 46 3.5144 0.473851003253536
1ZC5 47 3.4067 0.443539055035144
1ZC5 48 3.1217 0.489982552559996
1ZC5 49 0.3921 0.483651911426306
1ZC5 50 1.7278 0.485215585056343
1ZC5 51 3.9366 0.518229576426085
1ZC5 52 4.409 0.489946799420261
1ZC5 53 1.617 0.54644570232741
1ZC5 54 3.4562 0.549161235490229
1ZC5 55 4.7483 0.481612799396631
1ZC5 56 3.075 0.599453073758266
1ZC5 57 3.5382 0.463505562624666
1ZC5 58 4.4939 0.597931990460565
1ZC5 59 4.1755 0.470680804465003
1ZC5 60 2.2029 0.455133458696205
1ZC5 61 2.7095 0.433459665703073
1ZC5 62 0.0141 0.630122814570128
1ZC5 63 2.9109 0.383397495648511
1ZC5 64 0.6565 0.756312161508071
1ZC5 65 2.8153 0.669130811365958
1ZC5 66 2.3494 0.680170972220978
1ZC5 67 1.1603 0.490483096516284
1ZC5 68 2.3043 0.462606418021992
1ZC5 69 1.6663 0.481544581115401
1ZC5 70 2.5832 0.490442227005457
1ZC5 71 4.3255 0.484122341006195
1ZC5 72 2.4247 0.471332965087774
1ZC5 73 3.4453 0.490397470281758
1ZC5 74 2.9857 0.762723650523707
1ZC5 75 0.5322 0.488834703155908
1ZC5 76 4.7831 0.470598020658862
1ZC5 77 2.9033 0.49032061716403
1ZC5 78 3.4902 0.488047749969797
1ZC5 79 2.8814 0.814432646761914
1ZC5 80 3.9453 0.464999711992864
1ZC5 81 0.1235 0.48583375945432
1ZC5 82 0.4448 0.762430066082772
1ZC5 83 0.394 0.4249921176388
1ZC5 84 2.5439 0.490216753294409
1ZC5 85 1.4014 0.875377261307345
1ZC5 86 0.6073 0.483563350576528
1ZC5 87 4.3513 0.490488212887377
1ZC5 88 0.955 0.490463061237292
1ZC5 89 1.9263 0.485984838364081
1ZC5 90 0.2295 0.45091657022512
1ZC5 91 0.2268 0.913775841457519
1ZC5 92 2.2946 0.481890112855623
1ZC5 93 3.6275 0.470240504625991
1ZC5 94 4.7738 0.969000875514036
1ZC5 95 3.1181 0.490439430670506
1ZC5 96 2.509 0.489443028923645
1ZC5 97 2.6951 1
1ZC5 98 1.4762 0.773756866634781
1ZC5 99 0.1401 0.386100476033005
1ZC5 100 3.4131 0.944296823395761
