1ZC5 1 1.1981 0
1ZC5 2 4.1692 0
1ZC5 3 1.4533 0
1ZC5 4 4.56 0
1ZC5 5 2.2294 0
1ZC5 6 1.5464 0
1ZC5 7 4.2383 0
1ZC5 8 2.0363 0
1ZC5 9 3.8772 0
1ZC5 10 3.6651 1
1ZC5 11 4.6578 1
1ZC5 12 3.4029 0
1ZC5 13 4.0286 0
1ZC5 14 2.3702 1
1ZC5 15 0.7511 0
1ZC5 16 1.8306 1
1ZC5 17 3.47 0
1ZC5 18 1.231 0
1ZC5 19 4.2772 0
1ZC5 20 0.9399 0
1ZC5 21 4.0134 0
1ZC5 22 3.737 1
1ZC5 23 3.6411 0
1ZC5 24 3.2415 0
1ZC5 25 2.2335 0
1ZC5 26 2.1871 0
1ZC5 27 3.5078 1
1ZC5 28 1.8097 1
1ZC5 29 1.0347 1
1ZC5 30 3.5167 0
1ZC5 31 3.6852 0
1ZC5 32 2.2245 0
1ZC5 33 3.243 0
1ZC5 34 2.6207 0
1ZC5 35 3.0896 0
1ZC5 36 4.135 1
1ZC5 37 4.157 0
1ZC5 38 3.8325 0
1ZC5 39 2.2075 0
1ZC5 40 3.9265 0
1ZC5 41 1.642 1
1ZC5 42 0.1028 0
1ZC5 43 2.595 0
1ZC5 44 0.5359 0
1ZC5 45 1.4132 0
1ZC5 46 3.5144 0
1ZC5 47 3.4067 1
1ZC5 48 3.1217 0
1ZC5 49 0.3921 1
1ZC5 50 1.7278 0
1ZC5 51 3.9366 0
1ZC5 52 4.409 1
1ZC5 53 1.617 1
1ZC5 54 3.4562 1
1ZC5 55 4.7483 0
1ZC5 56 3.075 0
1ZC5 57 3.5382 0
1ZC5 58 4.4939 1
1ZC5 59 4.1755 0
1ZC5 60 2.2029 0
1ZC5 61 2.7095 1
1ZC5 62 0.0141 1
1ZC5 63 2.9109 0
1ZC5 64 0.6565 0
1ZC5 65 2.8153 1
1ZC5 66 2.3494 0
1ZC5 67 1.1603 0
1ZC5 68 2.3043 1
1ZC5 69 1.6663 0
1ZC5 70 2.5832 0
1ZC5 71 4.3255 0
1ZC5 72 2.4247 0
1ZC5 73 3.4453 0
1ZC5 74 2.9857 1
1ZC5 75 0.5322 0
1ZC5 76 4.7831 0
1ZC5 77 2.9033 0
1ZC5 78 3.4902 0
1ZC5 79 2.8814 0
1ZC5 80 3.9453 0
1ZC5 81 0.1235 0
1ZC5 82 0.4448 0
1ZC5 83 0.394 0
1ZC5 84 2.5439 0
1ZC5 85 1.4014 0
1ZC5 86 0.6073 1
1ZC5 87 4.3513 1
1ZC5 88 0.955 0
1ZC5 89 1.9263 0
1ZC5 90 0.2295 0
1ZC5 91 0.2268 1
1ZC5 92 2.2946 1
1ZC5 93 3.6275 0
1ZC5 94 4.7738 1
1ZC5 95 3.1181 0
1ZC5 96 2.509 0
1ZC5 97 2.6951 0
1ZC5 98 1.4762 1
1ZC5 99 0.1401 0
1ZC5 100 3.4131 0
