28SR 1 1.1786 0.674486570376926
28SR 2 4.3562 0.495968588431998
28SR 3 1.4039 0.403437833769363
28SR 4 4.4354 0.422941468513066
28SR 5 2.2232 0.402734057670371
28SR 6 1.5565 0.403921869302447
28SR 7 4.2715 0.328069991015743
28SR 8 2.0518 0.71062051626643
28SR 9 3.5603 0.249561949086227
28SR 10 3.2765 0.247994025917043
28SR 11 4.4357 0.764211050685435
28SR 12 3.2617 0.458324456653946
28SR 13 3.7399 0.699494305991047
28SR 14 2.3407 0.135950215726628
28SR 15 0.7458 0.355582660260285
28SR 16 1.8588 0.414381380327065
28SR 17 3.4868 0.497193383637211
28SR 18 1.221 0.389788967596483
28SR 19 4.1539 0.401701222600131
28SR 20 0.9619 0.47661110020829
28SR 21 4.0836 0.490040723282408
28SR 22 3.8785 0.220757357663456
28SR 23 3.6923 0.237986432702893
28SR 24 3.1958 0.430231460891869
28SR 25 2.2389 0.385630670814548
28SR 26 2.1351 0.269632292184343
28SR 27 3.49 0.273938367800345
28SR 28 1.8665 0.781613135470751
28SR 29 1.0426 0.409184061227261
28SR 30 3.3944 0.40831714699607
28SR 31 3.6204 0.693213037071749
28SR 32 2.1495 0.331784142911367
28SR 33 3.1286 0.422677857563217
28SR 34 2.6046 0.486600955609514
28SR 35 3.0121 0.479645198969447
28SR 36 3.9411 0.473228105973436
28SR 37 3.9917 0.492933059452796
28SR 38 3.7482 0.395942169817375
28SR 39 2.1671 0.473216897416802
28SR 40 3.9223 0.493568138448092
28SR 41 1.642 0.394429931876849
28SR 42 0.105 0.435287468230504
28SR 43 2.553 0.732251133976359
28SR 44 0.5376 0.449651661067674
28SR 45 1.479 0.461703144688817
28SR 46 3.3077 0.494037110054159
28SR 47 3.4045 0.446244197667576
28SR 48 3.0232 0.498712026467242
28SR 49 0.3908 0.711830698374228
28SR 50 1.7385 0.50016839262893
28SR 51 3.8154 0.494576317802907
28SR 52 4.2118 0.479267217213557
28SR 53 1.5667 0.673423669636048
28SR 54 3.4909 0.501029383891914
28SR 55 4.6415 0.482160486134844
28SR 56 3.1261 0.500655583969221
28SR 57 3.4803 0.490247296514795
28SR 58 4.2476 0.500967013948481
28SR 59 4.0763 0.501045955766216
28SR 60 2.2144 0.497661764501043
28SR 61 2.7529 0.404632407845455
28SR 62 0.014 0.489010764194106
28SR 63 2.8098 0.584046592399796
28SR 64 0.6576 0.500810125247303
28SR 65 2.7391 0.500025137636723
28SR 66 2.3045 0.469179298601172
28SR 67 1.1692 0.500683271125067
28SR 68 2.2256 0.697901975840011
28SR 69 1.7054 0.483308904587294
28SR 70 2.5794 0.720465235627801
28SR 71 4.3476 0.482630437129356
28SR 72 2.4028 0.752731016902441
28SR 73 3.4466 0.48053606935289
28SR 74 2.9341 0.486046248649999
28SR 75 0.5308 0.50118150001766
28SR 76 4.5189 0.501060708776266
28SR 77 2.7732 0.446673434085354
28SR 78 3.3985 0.497504875799865
28SR 79 2.8293 0.497596705125852
28SR 80 3.9191 0.833546560188799
28SR 81 0.1235 0.380700786943278
28SR 82 0.4532 0.726593548945544
28SR 83 0.396 0.824580398899006
28SR 84 2.4661 0.473278070329915
28SR 85 1.4216 0.500063178327545
28SR 86 0.6168 0.479053710532822
28SR 87 4.1539 0.338888766594882
28SR 88 0.9494 0.494911719480266
28SR 89 1.8917 0.498544613226756
28SR 90 0.2282 0.918446184377243
28SR 91 0.2261 0.471168343255316
28SR 92 2.3404 0.499834996366002
28SR 93 3.5378 0.448389104996908
28SR 94 4.7946 0.979986912261222
28SR 95 3.0479 0.491862416879458
28SR 96 2.481 1
28SR 97 2.7732 0.501032088869521
28SR 98 1.4237 0.500761420104538
28SR 99 0.1389 0.468391543829592
28SR 100 3.3255 0.466671317984482
