28SR 1 1.1786 1
28SR 2 4.3562 0
28SR 3 1.4039 0
28SR 4 4.4354 0
28SR 5 2.2232 0
28SR 6 1.5565 1
28SR 7 4.2715 0
28SR 8 2.0518 0
28SR 9 3.5603 0
28SR 10 3.2765 0
28SR 11 4.4357 0
28SR 12 3.2617 1
28SR 13 3.7399 0
28SR 14 2.3407 0
28SR 15 0.7458 0
28SR 16 1.8588 0
28SR 17 3.4868 1
28SR 18 1.221 0
28SR 19 4.1539 0
28SR 20 0.9619 0
28SR 21 4.0836 0
28SR 22 3.8785 0
28SR 23 3.6923 0
28SR 24 3.1958 0
28SR 25 2.2389 1
28SR 26 2.1351 0
28SR 27 3.49 0
28SR 28 1.8665 1
28SR 29 1.0426 1
28SR 30 3.3944 1
28SR 31 3.6204 0
28SR 32 2.1495 0
28SR 33 3.1286 0
28SR 34 2.6046 0
28SR 35 3.0121 0
28SR 36 3.9411 1
28SR 37 3.9917 0
28SR 38 3.7482 0
28SR 39 2.1671 0
28SR 40 3.9223 0
28SR 41 1.642 0
28SR 42 0.105 1
28SR 43 2.553 0
28SR 44 0.5376 0
28SR 45 1.479 1
28SR 46 3.3077 1
28SR 47 3.4045 0
28SR 48 3.0232 0
28SR 49 0.3908 0
28SR 50 1.7385 0
28SR 51 3.8154 0
28SR 52 4.2118 0
28SR 53 1.5667 0
28SR 54 3.4909 0
28SR 55 4.6415 0
28SR 56 3.1261 0
28SR 57 3.4803 0
28SR 58 4.2476 0
28SR 59 4.0763 1
28SR 60 2.2144 0
28SR 61 2.7529 0
28SR 62 0.014 0
28SR 63 2.8098 0
28SR 64 0.6576 0
28SR 65 2.7391 0
28SR 66 2.3045 0
28SR 67 1.1692 0
28SR 68 2.2256 0
28SR 69 1.7054 1
28SR 70 2.5794 0
28SR 71 4.3476 0
28SR 72 2.4028 0
28SR 73 3.4466 0
28SR 74 2.9341 1
28SR 75 0.5308 1
28SR 76 4.5189 0
28SR 77 2.7732 0
28SR 78 3.3985 0
28SR 79 2.8293 0
28SR 80 3.9191 0
28SR 81 0.1235 0
28SR 82 0.4532 0
28SR 83 0.396 0
28SR 84 2.4661 0
28SR 85 1.4216 1
28SR 86 0.6168 0
28SR 87 4.1539 0
28SR 88 0.9494 0
28SR 89 1.8917 1
28SR 90 0.2282 0
28SR 91 0.2261 0
28SR 92 2.3404 0
28SR 93 3.5378 0
28SR 94 4.7946 0
28SR 95 3.0479 0
28SR 96 2.481 0
28SR 97 2.7732 0
28SR 98 1.4237 0
28SR 99 0.1389 1
28SR 100 3.3255 0
