2FDT 1 1.1886 0
2FDT 2 4.3379 1
2FDT 3 1.4353 0
2FDT 4 4.8426 1
2FDT 5 2.1391 0
2FDT 6 1.5662 0
2FDT 7 4.0474 1
2FDT 8 2.0308 0
2FDT 9 4.0342 1
2FDT 10 3.3139 0
2FDT 11 4.5369 0
2FDT 12 3.1278 0
2FDT 13 4.0003 0
2FDT 14 2.3628 0
2FDT 15 0.7565 1
2FDT 16 1.8617 0
2FDT 17 3.5554 0
2FDT 18 1.2183 0
2FDT 19 4.343 0
2FDT 20 0.9605 0
2FDT 21 4.2899 0
2FDT 22 3.9796 0
2FDT 23 3.7291 1
2FDT 24 3.2034 0
2FDT 25 2.3511 1
2FDT 26 2.1149 1
2FDT 27 3.6426 0
2FDT 28 1.8233 0
2FDT 29 1.0374 0
2FDT 30 3.4247 0
2FDT 31 3.5115 0
2FDT 32 2.1824 0
2FDT 33 3.2939 0
2FDT 34 2.6273 0
2FDT 35 3.1515 0
2FDT 36 4.3162 0
2FDT 37 4.3517 1
2FDT 38 3.574 0
2FDT 39 2.1464 0
2FDT 40 3.9093 0
2FDT 41 1.7202 1
2FDT 42 0.1049 1
2FDT 43 2.5692 0
2FDT 44 0.5419 0
2FDT 45 1.5198 0
2FDT 46 3.3962 0
2FDT 47 3.4986 0
2FDT 48 2.9603 1
2FDT 49 0.3888 0
2FDT 50 1.753 0
2FDT 51 3.9183 0
2FDT 52 4.2382 0
2FDT 53 1.6215 1
2FDT 54 3.5518 0
2FDT 55 4.4401 0
2FDT 56 3.1034 0
2FDT 57 3.74 0
2FDT 58 4.387 0
2FDT 59 3.6033 0
2FDT 60 2.2415 0
2FDT 61 2.9183 0
2FDT 62 0.0141 0
2FDT 63 2.9104 0
2FDT 64 0.6552 0
2FDT 65 2.8519 0
2FDT 66 2.2678 0
2FDT 67 1.1819 0
2FDT 68 2.3317 0
2FDT 69 1.7407 0
2FDT 70 2.4977 0
2FDT 71 4.6782 0
2FDT 72 2.4368 1
2FDT 73 3.4848 1
2FDT 74 2.8199 1
2FDT 75 0.5291 0
2FDT 76 4.3374 0
2FDT 77 2.9333 0
2FDT 78 3.7004 0
2FDT 79 2.9124 0
2FDT 80 3.8998 0
2FDT 81 0.1247 0
2FDT 82 0.4564 0
2FDT 83 0.4006 0
2FDT 84 2.5661 0
2FDT 85 1.4246 0
2FDT 86 0.6155 1
2FDT 87 4.4012 0
2FDT 88 0.9471 0
2FDT 89 1.8788 1
2FDT 90 0.2284 0
2FDT 91 0.2269 0
2FDT 92 2.2757 0
2FDT 93 3.6927 0
2FDT 94 4.5979 0
2FDT 95 3.0853 0
2FDT 96 2.4169 0
2FDT 97 2.7224 0
2FDT 98 1.4545 0
2FDT 99 0.14 1
2FDT 100 3.488 0
