2FDT 1 1.1886 0.361311955779514
2FDT 2 4.3379 0.437167279521849
2FDT 3 1.4353 0.354911450178697
2FDT 4 4.8426 0.407200759003849
2FDT 5 2.1391 0.46130456611322
2FDT 6 1.5662 0.471442465120361
2FDT 7 4.0474 0.673580828147322
2FDT 8 2.0308 0.322564598376157
2FDT 9 4.0342 0.364092293240941
2FDT 10 3.3139 0.0912177394174668
2FDT 11 4.5369 0.638586999384948
2FDT 12 3.1278 0.113106458274562
2FDT 13 4.0003 0.374986725342073
2FDT 14 2.3628 0.487023181029122
2FDT 15 0.7565 0.473915690762428
2FDT 16 1.8617 0.336286839576823
2FDT 17 3.5554 0.375603781309568
2FDT 18 1.2183 0.315701956152387
2FDT 19 4.343 0.182711811677255
2FDT 20 0.9605 0.489228947454652
2FDT 21 4.2899 0.367612621791079
2FDT 22 3.9796 0.450121341936281
2FDT 23 3.7291 0.494897732969399
2FDT 24 3.2034 0.471702933908437
2FDT 25 2.3511 0.332219118294546
2FDT 26 2.1149 0.444403804209247
2FDT 27 3.6426 0.479561591663311
2FDT 28 1.8233 0.375698573929996
2FDT 29 1.0374 0.432597527964539
2FDT 30 3.4247 0.29323530663537
2FDT 31 3.5115 0.303865548750517
2FDT 32 2.1824 0.751587727429033
2FDT 33 3.2939 0.324125136202246
2FDT 34 2.6273 0.33443003714795
2FDT 35 3.1515 0.344553397871761
2FDT 36 4.3162 0.445318857321061
2FDT 37 4.3517 0.425523274624029
2FDT 38 3.574 0.375598900062108
2FDT 39 2.1464 0.492981496833027
2FDT 40 3.9093 0.396642424895266
2FDT 41 1.7202 0.421760495717798
2FDT 42 0.1049 0.412197484123705
2FDT 43 2.5692 0.43440648211584
2FDT 44 0.5419 0.441101595105796
2FDT 45 1.5198 0.433122171673021
2FDT 46 3.3962 0.465212049901716
2FDT 47 3.4986 0.474943178287187
2FDT 48 2.9603 0.797436878050544
2FDT 49 0.3888 0.491514712102443
2FDT 50 1.753 0.501612416145931
2FDT 51 3.9183 0.483923031465591
2FDT 52 4.2382 0.462101294170864
2FDT 53 1.6215 0.476113698414988
2FDT 54 3.5518 0.537564717017588
2FDT 55 4.4401 0.464076451785064
2FDT 56 3.1034 0.563932688501461
2FDT 57 3.74 0.50158101948017
2FDT 58 4.387 0.577984082462951
2FDT 59 3.6033 0.471855518088299
2FDT 60 2.2415 0.473309240962254
2FDT 61 2.9183 0.616475581145278
2FDT 62 0.0141 0.460023871409261
2FDT 63 2.9104 0.497361753542953
2FDT 64 0.6552 0.644485158333581
2FDT 65 2.8519 0.654045789566258
2FDT 66 2.2678 0.469517415620519
2FDT 67 1.1819 0.707131962039262
2FDT 68 2.3317 0.49973108695513
2FDT 69 1.7407 0.689288531817937
2FDT 70 2.4977 0.705325418380533
2FDT 71 4.6782 0.715502081121361
2FDT 72 2.4368 0.498096095039696
2FDT 73 3.4848 0.502036903888011
2FDT 74 2.8199 0.502223536275465
2FDT 75 0.5291 0.502115516077044
2FDT 76 4.3374 0.443516049925821
2FDT 77 2.9333 0.502127312425072
2FDT 78 3.7004 0.500634569702594
2FDT 79 2.9124 0.797094015613212
2FDT 80 3.8998 0.502298924430681
2FDT 81 0.1247 0.789511344192351
2FDT 82 0.4564 0.501766687670594
2FDT 83 0.4006 0.838181554534193
2FDT 84 2.5661 0.502036949084747
2FDT 85 1.4246 0.501632212316186
2FDT 86 0.6155 0.865814552520302
2FDT 87 4.4012 0.498477495227036
2FDT 88 0.9471 0.619776359018764
2FDT 89 1.8788 0.757222314080403
2FDT 90 0.2284 0.501313258952061
2FDT 91 0.2269 0.918913575931834
2FDT 92 2.2757 0.462317590682542
2FDT 93 3.6927 0.481025092097765
2FDT 94 4.5979 0.441031012870147
2FDT 95 3.0853 0.483779727682134
2FDT 96 2.4169 0.380454912678023
2FDT 97 2.7224 0.465317614410829
2FDT 98 1.4545 0.930435489380839
2FDT 99 0.14 1
2FDT 100 3.488 0.939941824268312
