2FDT 1 1.1886 0.422926723282089
2FDT 2 4.3379 0.406568791016856
2FDT 3 1.4353 0.442582263973112
2FDT 4 4.8426 0.478092371191838
2FDT 5 2.1391 0.392134236368724
2FDT 6 1.5662 0.472536722205525
2FDT 7 4.0474 0.480191172589755
2FDT 8 2.0308 0.682087578857066
2FDT 9 4.0342 0.402604719904838
2FDT 10 3.3139 0.0913676249527873
2FDT 11 4.5369 0.45178376192734
2FDT 12 3.1278 0.111314684674812
2FDT 13 4.0003 0.407091279920597
2FDT 14 2.3628 0.441359692380137
2FDT 15 0.7565 0.4318369734559
2FDT 16 1.8617 0.465547031656631
2FDT 17 3.5554 0.449308600343367
2FDT 18 1.2183 0.455567255497436
2FDT 19 4.343 0.410562759971081
2FDT 20 0.9605 0.413935941823621
2FDT 21 4.2899 0.39731988448824
2FDT 22 3.9796 0.409015004135667
2FDT 23 3.7291 0.686169297375391
2FDT 24 3.2034 0.37217509092621
2FDT 25 2.3511 0.437139334674155
2FDT 26 2.1149 0.774270974873395
2FDT 27 3.6426 0.339767834213572
2FDT 28 1.8233 0.472069508143123
2FDT 29 1.0374 0.751640372840559
2FDT 30 3.4247 0.294610895858703
2FDT 31 3.5115 0.303865558927502
2FDT 32 2.1824 0.450216747300424
2FDT 33 3.2939 0.324736166611995
2FDT 34 2.6273 0.334338889389196
2FDT 35 3.1515 0.314226803825429
2FDT 36 4.3162 0.460529528760579
2FDT 37 4.3517 0.463119489619722
2FDT 38 3.574 0.374226348124447
2FDT 39 2.1464 0.474982211989445
2FDT 40 3.9093 0.394651562349117
2FDT 41 1.7202 0.414582316897115
2FDT 42 0.1049 0.459651656382653
2FDT 43 2.5692 0.434685421052638
2FDT 44 0.5419 0.723354030355713
2FDT 45 1.5198 0.446634883331507
2FDT 46 3.3962 0.464857196211702
2FDT 47 3.4986 0.475274137896323
2FDT 48 2.9603 0.475422451688161
2FDT 49 0.3888 0.485965479686164
2FDT 50 1.753 0.570006324960852
2FDT 51 3.9183 0.469438226778268
2FDT 52 4.2382 0.516302898535524
2FDT 53 1.6215 0.451631952016857
2FDT 54 3.5518 0.474703592430686
2FDT 55 4.4401 0.521208344801205
2FDT 56 3.1034 0.496618138128754
2FDT 57 3.74 0.497114602045856
2FDT 58 4.387 0.493401000709712
2FDT 59 3.6033 0.549194232055237
2FDT 60 2.2415 0.459913985836862
2FDT 61 2.9183 0.496530087175116
2FDT 62 0.0141 0.472694650323638
2FDT 63 2.9104 0.628588328774515
2FDT 64 0.6552 0.646475466349074
2FDT 65 2.8519 0.497023778308465
2FDT 66 2.2678 0.49516268283947
2FDT 67 1.1819 0.69329807919625
2FDT 68 2.3317 0.494877116251852
2FDT 69 1.7407 0.496472401217469
2FDT 70 2.4977 0.496952273640483
2FDT 71 4.6782 0.717824617328717
2FDT 72 2.4368 0.728089764172331
2FDT 73 3.4848 0.497079912109988
2FDT 74 2.8199 0.496978584947184
2FDT 75 0.5291 0.496138627373186
2FDT 76 4.3374 0.425448012534911
2FDT 77 2.9333 0.497095855616569
2FDT 78 3.7004 0.450771575301634
2FDT 79 2.9124 0.497170781055811
2FDT 80 3.8998 0.808421950899304
2FDT 81 0.1247 0.495484310685356
2FDT 82 0.4564 0.790945923724577
2FDT 83 0.4006 0.497035758542615
2FDT 84 2.5661 0.495123396713142
2FDT 85 1.4246 0.639936971008617
2FDT 86 0.6155 0.497176838985532
2FDT 87 4.4012 0.494622592786687
2FDT 88 0.9471 0.45171846588385
2FDT 89 1.8788 0.785199525299421
2FDT 90 0.2284 0.496028740747492
2FDT 91 0.2269 0.497082910935895
2FDT 92 2.2757 0.489245547240821
2FDT 93 3.6927 0.864518259564627
2FDT 94 4.5979 0.495410259275775
2FDT 95 3.0853 0.446803134041309
2FDT 96 2.4169 0.422213500008981
2FDT 97 2.7224 0.490573348991123
2FDT 98 1.4545 0.496971924238386
2FDT 99 0.14 1
2FDT 100 3.488 0.824540745635307
