2JWV 1 1.1903 0.362888317487007
2JWV 2 4.2438 0.389606766009671
2JWV 3 1.4299 0.441352783737841
2JWV 4 4.5562 0.403162903538516
2JWV 5 2.1975 0.443627235702897
2JWV 6 1.5726 0.479755836235744
2JWV 7 4.3837 0.411484022502559
2JWV 8 2.0176 0.428905061278348
2JWV 9 3.8019 0.423221545092951
2JWV 10 3.4042 0.450564172650629
2JWV 11 4.707 0.103492574678007
2JWV 12 3.2599 0.111986214618371
2JWV 13 3.7822 0.411427224487086
2JWV 14 2.36 0.133860430500199
2JWV 15 0.75 0.43373498956666
2JWV 16 1.85 0.478880589601745
2JWV 17 3.5519 0.455592819101197
2JWV 18 1.2178 0.171755251599631
2JWV 19 4.2888 0.313553444416192
2JWV 20 0.955 0.443357954394309
2JWV 21 4.1525 0.20152524539978
2JWV 22 4.0525 0.211425654752903
2JWV 23 3.5303 0.695461967377808
2JWV 24 3.2629 0.231449216942297
2JWV 25 2.2976 0.248785088651637
2JWV 26 2.2028 0.398575924567442
2JWV 27 3.4763 0.418456922539729
2JWV 28 1.8889 0.452496218857852
2JWV 29 1.0318 0.467000412923969
2JWV 30 3.5218 0.291987049213683
2JWV 31 3.7327 0.635373681213589
2JWV 32 2.2198 0.448448761120249
2JWV 33 3.2369 0.323083468398375
2JWV 34 2.6115 0.330141894983106
2JWV 35 3.1883 0.423099621082944
2JWV 36 4.1134 0.354440616236899
2JWV 37 4.1083 0.362659028451971
2JWV 38 3.7026 0.372690318886107
2JWV 39 2.2148 0.741484386776751
2JWV 40 3.822 0.393429772728852
2JWV 41 1.702 0.402454171550617
2JWV 42 0.1055 0.442844884979226
2JWV 43 2.5474 0.430704414020626
2JWV 44 0.5412 0.438475886366583
2JWV 45 1.4724 0.464315763054976
2JWV 46 3.393 0.462092552126558
2JWV 47 3.4198 0.448363084788892
2JWV 48 3.062 0.48145977669992
2JWV 49 0.3897 0.617595108516563
2JWV 50 1.7618 0.482776511072857
2JWV 51 4.0427 0.378927660657501
2JWV 52 4.6153 0.483598434675452
2JWV 53 1.6131 0.482124457273393
2JWV 54 3.658 0.483282975022533
2JWV 55 4.4647 0.510721778755673
2JWV 56 3.1196 0.435117434090936
2JWV 57 3.6015 0.482127707581768
2JWV 58 4.4644 0.449352241999808
2JWV 59 3.9333 0.759497326179499
2JWV 60 2.2482 0.482732774204402
2JWV 61 2.8477 0.441795469747148
2JWV 62 0.0141 0.482977026640666
2JWV 63 2.841 0.633025236053271
2JWV 64 0.6547 0.602356479563139
2JWV 65 2.8868 0.482911810775854
2JWV 66 2.3514 0.473922581189408
2JWV 67 1.1833 0.672222951502883
2JWV 68 2.2738 0.478713311058286
2JWV 69 1.6865 0.693066714781216
2JWV 70 2.5637 0.4836630364267
2JWV 71 4.5872 0.475315121141539
2JWV 72 2.4753 0.483395462653388
2JWV 73 3.5027 0.689855185431141
2JWV 74 2.8816 0.743725961198567
2JWV 75 0.5329 0.466012334156385
2JWV 76 4.7591 0.48359127501
2JWV 77 2.8762 0.453662735061703
2JWV 78 3.5373 0.48368978781268
2JWV 79 2.8824 0.483572132640861
2JWV 80 3.8995 0.483056367117448
2JWV 81 0.1238 0.774627286988869
2JWV 82 0.4501 0.450330704647683
2JWV 83 0.3938 0.832596956249471
2JWV 84 2.5435 0.844105594221078
2JWV 85 1.4226 0.439866389259088
2JWV 86 0.6159 0.834998859246609
2JWV 87 4.308 0.874416592114279
2JWV 88 0.9649 0.463914132784174
2JWV 89 1.9198 0.768027723063421
2JWV 90 0.23 0.410138319943461
2JWV 91 0.2284 0.479012054839562
2JWV 92 2.2692 0.924130508059447
2JWV 93 3.5894 0.432169629070614
2JWV 94 4.6427 0.466090521297938
2JWV 95 3.0896 0.450037742520936
2JWV 96 2.4948 0.439794028707203
2JWV 97 2.7082 0.925615958900285
2JWV 98 1.4568 0.477137825177626
2JWV 99 0.139 0.483467209091709
2JWV 100 3.5888 1
