2JWV 1 1.1903 0
2JWV 2 4.2438 0
2JWV 3 1.4299 0
2JWV 4 4.5562 0
2JWV 5 2.1975 0
2JWV 6 1.5726 1
2JWV 7 4.3837 0
2JWV 8 2.0176 0
2JWV 9 3.8019 0
2JWV 10 3.4042 0
2JWV 11 4.707 0
2JWV 12 3.2599 0
2JWV 13 3.7822 1
2JWV 14 2.36 0
2JWV 15 0.75 0
2JWV 16 1.85 0
2JWV 17 3.5519 0
2JWV 18 1.2178 0
2JWV 19 4.2888 0
2JWV 20 0.955 0
2JWV 21 4.1525 0
2JWV 22 4.0525 0
2JWV 23 3.5303 0
2JWV 24 3.2629 0
2JWV 25 2.2976 0
2JWV 26 2.2028 0
2JWV 27 3.4763 0
2JWV 28 1.8889 1
2JWV 29 1.0318 0
2JWV 30 3.5218 0
2JWV 31 3.7327 0
2JWV 32 2.2198 0
2JWV 33 3.2369 1
2JWV 34 2.6115 0
2JWV 35 3.1883 0
2JWV 36 4.1134 0
2JWV 37 4.1083 0
2JWV 38 3.7026 0
2JWV 39 2.2148 0
2JWV 40 3.822 0
2JWV 41 1.702 0
2JWV 42 0.1055 1
2JWV 43 2.5474 0
2JWV 44 0.5412 0
2JWV 45 1.4724 0
2JWV 46 3.393 1
2JWV 47 3.4198 0
2JWV 48 3.062 0
2JWV 49 0.3897 0
2JWV 50 1.7618 0
2JWV 51 4.0427 0
2JWV 52 4.6153 0
2JWV 53 1.6131 0
2JWV 54 3.658 1
2JWV 55 4.4647 0
2JWV 56 3.1196 1
2JWV 57 3.6015 0
2JWV 58 4.4644 1
2JWV 59 3.9333 0
2JWV 60 2.2482 1
2JWV 61 2.8477 0
2JWV 62 0.0141 0
2JWV 63 2.841 1
2JWV 64 0.6547 0
2JWV 65 2.8868 0
2JWV 66 2.3514 0
2JWV 67 1.1833 1
2JWV 68 2.2738 0
2JWV 69 1.6865 0
2JWV 70 2.5637 0
2JWV 71 4.5872 0
2JWV 72 2.4753 0
2JWV 73 3.5027 0
2JWV 74 2.8816 0
2JWV 75 0.5329 0
2JWV 76 4.7591 1
2JWV 77 2.8762 0
2JWV 78 3.5373 0
2JWV 79 2.8824 1
2JWV 80 3.8995 1
2JWV 81 0.1238 1
2JWV 82 0.4501 0
2JWV 83 0.3938 0
2JWV 84 2.5435 1
2JWV 85 1.4226 0
2JWV 86 0.6159 1
2JWV 87 4.308 0
2JWV 88 0.9649 1
2JWV 89 1.9198 0
2JWV 90 0.23 0
2JWV 91 0.2284 0
2JWV 92 2.2692 0
2JWV 93 3.5894 0
2JWV 94 4.6427 0
2JWV 95 3.0896 0
2JWV 96 2.4948 0
2JWV 97 2.7082 0
2JWV 98 1.4568 0
2JWV 99 0.139 0
2JWV 100 3.5888 0
