2JWV 1 1.1903 0.402645821273871
2JWV 2 4.2438 0.463994152522597
2JWV 3 1.4299 0.265580701606619
2JWV 4 4.5562 0.430131255669836
2JWV 5 2.1975 0.404620466337933
2JWV 6 1.5726 0.468743483118025
2JWV 7 4.3837 0.743536446102374
2JWV 8 2.0176 0.390062676597063
2JWV 9 3.8019 0.42431640741506
2JWV 10 3.4042 0.479237691235441
2JWV 11 4.707 0.104085580946773
2JWV 12 3.2599 0.413464367299939
2JWV 13 3.7822 0.460906194360442
2JWV 14 2.36 0.135466902829323
2JWV 15 0.75 0.434345366827979
2JWV 16 1.85 0.351151537518868
2JWV 17 3.5519 0.363051214878033
2JWV 18 1.2178 0.447496434654136
2JWV 19 4.2888 0.391737753869089
2JWV 20 0.955 0.47089991488982
2JWV 21 4.1525 0.443137580117384
2JWV 22 4.0525 0.429835595024431
2JWV 23 3.5303 0.63642588363551
2JWV 24 3.2629 0.234291555576447
2JWV 25 2.2976 0.623388257276598
2JWV 26 2.2028 0.464120523364379
2JWV 27 3.4763 0.423955712164862
2JWV 28 1.8889 0.463750313764752
2JWV 29 1.0318 0.451401747013508
2JWV 30 3.5218 0.290403848044327
2JWV 31 3.7327 0.434058161725091
2JWV 32 2.2198 0.388055223431522
2JWV 33 3.2369 0.320753444612051
2JWV 34 2.6115 0.33037892402789
2JWV 35 3.1883 0.40488138022132
2JWV 36 4.1134 0.359753374343062
2JWV 37 4.1083 0.36100000763534
2JWV 38 3.7026 0.370576573154431
2JWV 39 2.2148 0.434093982206795
2JWV 40 3.822 0.390381288000729
2JWV 41 1.702 0.392167868079459
2JWV 42 0.1055 0.4109232158
2JWV 43 2.5474 0.467409356584216
2JWV 44 0.5412 0.433092887728529
2JWV 45 1.4724 0.449010364496814
2JWV 46 3.393 0.471564293857512
2JWV 47 3.4198 0.457857650658381
2JWV 48 3.062 0.479772791370539
2JWV 49 0.3897 0.469643558469286
2JWV 50 1.7618 0.48609254139428
2JWV 51 4.0427 0.448726440204074
2JWV 52 4.6153 0.6019722470901
2JWV 53 1.6131 0.583951114855079
2JWV 54 3.658 0.530563565040451
2JWV 55 4.4647 0.442515001653528
2JWV 56 3.1196 0.48505312108838
2JWV 57 3.6015 0.487052834524526
2JWV 58 4.4644 0.570525055487447
2JWV 59 3.9333 0.487819559856055
2JWV 60 2.2482 0.487907530306335
2JWV 61 2.8477 0.481136236416849
2JWV 62 0.0141 0.458753878514106
2JWV 63 2.841 0.487860599808448
2JWV 64 0.6547 0.593508696413633
2JWV 65 2.8868 0.48761753651482
2JWV 66 2.3514 0.468724871976823
2JWV 67 1.1833 0.486478573446483
2JWV 68 2.2738 0.434849179964486
2JWV 69 1.6865 0.486218703457234
2JWV 70 2.5637 0.487721359243223
2JWV 71 4.5872 0.709119480066752
2JWV 72 2.4753 0.487787542131567
2JWV 73 3.5027 0.687332917286839
2JWV 74 2.8816 0.487560927626998
2JWV 75 0.5329 0.483243918332404
2JWV 76 4.7591 0.759391542739531
2JWV 77 2.8762 0.467221903022592
2JWV 78 3.5373 0.487930302111315
2JWV 79 2.8824 0.789248555489118
2JWV 80 3.8995 0.487756717428952
2JWV 81 0.1238 0.487428994320739
2JWV 82 0.4501 0.759933070279964
2JWV 83 0.3938 0.487538946199008
2JWV 84 2.5435 0.840493646800626
2JWV 85 1.4226 0.402957483325133
2JWV 86 0.6159 0.487874453774936
2JWV 87 4.308 0.870374236644955
2JWV 88 0.9649 0.487627811415692
2JWV 89 1.9198 0.46728731044672
2JWV 90 0.23 0.486711197798732
2JWV 91 0.2284 0.487405238272714
2JWV 92 2.2692 0.919912754907018
2JWV 93 3.5894 0.482963155547623
2JWV 94 4.6427 0.487629526384633
2JWV 95 3.0896 0.482261748163581
2JWV 96 2.4948 0.682736189101602
2JWV 97 2.7082 0.440956721222762
2JWV 98 1.4568 0.487657517660303
2JWV 99 0.139 0.880227866581024
2JWV 100 3.5888 1
