2K66 1 1.1538 0.726394403538989
2K66 2 3.527 0.0103692242798278
2K66 3 1.3892 0.313836055825409
2K66 4 4.0696 0.0311559350147141
2K66 5 2.0593 0.324205786019421
2K66 6 1.5713 0.442823294057021
2K66 7 3.684 0.177635099991924
2K66 8 1.9822 0.706778381371681
2K66 9 3.6888 0.446791578702957
2K66 10 3.6534 0.438301612450956
2K66 11 4.0965 0.103481255541863
2K66 12 2.9512 0.816348541995734
2K66 13 3.7287 0.42095709016382
2K66 14 2.2942 0.391698005878337
2K66 15 0.756 0.373453554441794
2K66 16 1.8101 0.432566168686413
2K66 17 3.4851 0.461999476662366
2K66 18 1.2035 0.431540168777993
2K66 19 3.9998 0.183385252081737
2K66 20 0.9363 0.34853099230474
2K66 21 3.8604 0.447102502416927
2K66 22 3.7413 0.210302742180467
2K66 23 3.1769 0.220356931605394
2K66 24 3.2207 0.231636997128829
2K66 25 2.3778 0.386135110625885
2K66 26 2.0986 0.340924072518422
2K66 27 3.4073 0.4341382565909
2K66 28 1.886 0.468872530536213
2K66 29 1.0168 0.462002477794461
2K66 30 2.6466 0.290939130089902
2K66 31 3.3047 0.303971837436379
2K66 32 2.1422 0.408302252160319
2K66 33 3.0634 0.449085974543326
2K66 34 2.4214 0.375711482083677
2K66 35 3.1761 0.41968006378079
2K66 36 3.8269 0.3830298105402
2K66 37 3.953 0.362987803118567
2K66 38 3.4431 0.369243229619066
2K66 39 2.1609 0.430879164718187
2K66 40 3.4273 0.333475787356166
2K66 41 1.7391 0.407706302114897
2K66 42 0.1024 0.470481900878805
2K66 43 2.4332 0.428241986369483
2K66 44 0.5269 0.43644552711883
2K66 45 1.4064 0.457314309867101
2K66 46 3.3351 0.459714539501921
2K66 47 3.2038 0.462516235623366
2K66 48 2.8576 0.476148926756113
2K66 49 0.3883 0.484506307404333
2K66 50 1.7823 0.481831599402505
2K66 51 3.5371 0.501961344723786
2K66 52 4.2936 0.48456833570493
2K66 53 1.6584 0.481438719095682
2K66 54 3.197 0.48020353452722
2K66 55 4.0951 0.483176217074189
2K66 56 2.9965 0.483984212314035
2K66 57 3.3939 0.569646128995885
2K66 58 3.9132 0.572133426882955
2K66 59 3.732 0.440246000036604
2K66 60 2.167 0.482448487927958
2K66 61 2.8627 0.355100520210707
2K66 62 0.0139 0.485669315700738
2K66 63 2.8579 0.485245532111964
2K66 64 0.6538 0.483265824560311
2K66 65 2.7357 0.483043615210881
2K66 66 2.1783 0.479846181080369
2K66 67 1.1221 0.482012343079929
2K66 68 2.2488 0.481670004271636
2K66 69 1.5819 0.689757392250828
2K66 70 2.4766 0.484332286709014
2K66 71 4.377 0.706374810306754
2K66 72 2.3789 0.483927790570651
2K66 73 3.2923 0.485544360854608
2K66 74 2.3394 0.46730427289251
2K66 75 0.5343 0.4843525662761
2K66 76 4.1416 0.759409699407834
2K66 77 2.7092 0.485044366222088
2K66 78 3.4782 0.484910266180217
2K66 79 2.7983 0.481185075158434
2K66 80 3.5565 0.485509484574767
2K66 81 0.1228 0.485598228485018
2K66 82 0.4413 0.485626653140956
2K66 83 0.3957 0.485696588837914
2K66 84 2.5072 0.839261810150743
2K66 85 1.4133 0.48536525512416
2K66 86 0.6067 0.485707327472812
2K66 87 4.3837 0.649075901308964
2K66 88 0.9231 0.485580460454752
2K66 89 1.9042 0.48539948899718
2K66 90 0.2233 0.485296262602122
2K66 91 0.2271 0.485693341651467
2K66 92 2.3398 0.918473990811674
2K66 93 3.4249 0.930697086129468
2K66 94 4.2961 0.94094821698444
2K66 95 2.9317 0.846072916915311
2K66 96 2.3362 0.945850055496771
2K66 97 2.6462 0.485585579897767
2K66 98 1.4414 0.97862065058407
2K66 99 0.1363 0.989856774745908
2K66 100 3.4615 1
