2K66 1 1.1538 0.694108041132448
2K66 2 3.527 0.0110392231915899
2K66 3 1.3892 0.463596210497872
2K66 4 4.0696 0.0319601117599596
2K66 5 2.0593 0.473604829217534
2K66 6 1.5713 0.432826750497202
2K66 7 3.684 0.284425983513187
2K66 8 1.9822 0.330418502603732
2K66 9 3.6888 0.39294551767226
2K66 10 3.6534 0.443515286636752
2K66 11 4.0965 0.723448060250493
2K66 12 2.9512 0.464155513696636
2K66 13 3.7287 0.467349825117925
2K66 14 2.2942 0.445630036300173
2K66 15 0.756 0.477573010679494
2K66 16 1.8101 0.445430835613708
2K66 17 3.4851 0.410096943816177
2K66 18 1.2035 0.410827558673078
2K66 19 3.9998 0.18772229264655
2K66 20 0.9363 0.438517106648328
2K66 21 3.8604 0.209604909885966
2K66 22 3.7413 0.219035239115712
2K66 23 3.1769 0.229446656197172
2K66 24 3.2207 0.239834705535675
2K66 25 2.3778 0.452788877973584
2K66 26 2.0986 0.412330256808388
2K66 27 3.4073 0.453355747722096
2K66 28 1.886 0.421286286111786
2K66 29 1.0168 0.45656376283307
2K66 30 2.6466 0.288154397016834
2K66 31 3.3047 0.312985653635235
2K66 32 2.1422 0.377412789377024
2K66 33 3.0634 0.465569168923114
2K66 34 2.4214 0.427959019690866
2K66 35 3.1761 0.364875078594234
2K66 36 3.8269 0.45932791512438
2K66 37 3.953 0.375830479330206
2K66 38 3.4431 0.386242704338949
2K66 39 2.1609 0.431090095265192
2K66 40 3.4273 0.40348144877769
2K66 41 1.7391 0.443063826193214
2K66 42 0.1024 0.471497366436724
2K66 43 2.4332 0.453173078470807
2K66 44 0.5269 0.458581141721819
2K66 45 1.4064 0.468375737396785
2K66 46 3.3351 0.479258440214344
2K66 47 3.2038 0.479830841157332
2K66 48 2.8576 0.485654225643028
2K66 49 0.3883 0.484271535783379
2K66 50 1.7823 0.528165277311407
2K66 51 3.5371 0.429768046562962
2K66 52 4.2936 0.484527322453785
2K66 53 1.6584 0.485318096819147
2K66 54 3.197 0.597949312755301
2K66 55 4.0951 0.572559902680808
2K66 56 2.9965 0.574769754707684
2K66 57 3.3939 0.59418059610988
2K66 58 3.9132 0.595415870314496
2K66 59 3.732 0.57914415268533
2K66 60 2.167 0.483444389153216
2K66 61 2.8627 0.462926096964822
2K66 62 0.0139 0.485566068346795
2K66 63 2.8579 0.48493754753176
2K66 64 0.6538 0.485954386165749
2K66 65 2.7357 0.484657134616285
2K66 66 2.1783 0.686670449009317
2K66 67 1.1221 0.485042251800233
2K66 68 2.2488 0.484725016045125
2K66 69 1.5819 0.484159653391738
2K66 70 2.4766 0.72936608098775
2K66 71 4.377 0.48556748221954
2K66 72 2.3789 0.485792054930106
2K66 73 3.2923 0.738809383665214
2K66 74 2.3394 0.584161567557916
2K66 75 0.5343 0.48504798497653
2K66 76 4.1416 0.485978701669557
2K66 77 2.7092 0.485554881661337
2K66 78 3.4782 0.812501534284985
2K66 79 2.7983 0.485294962132138
2K66 80 3.5565 0.484937702902392
2K66 81 0.1228 0.844268380516597
2K66 82 0.4413 0.485771623692082
2K66 83 0.3957 0.48514450121273
2K66 84 2.5072 0.875845534744385
2K66 85 1.4133 0.48597321708627
2K66 86 0.6067 0.896578937571894
2K66 87 4.3837 0.415099101292764
2K66 88 0.9231 0.486016208139967
2K66 89 1.9042 0.485948684063578
2K66 90 0.2233 0.937505581689932
2K66 91 0.2271 0.4859000375189
2K66 92 2.3398 0.958359194774923
2K66 93 3.4249 0.485833771944626
2K66 94 4.2961 0.483701216806851
2K66 95 2.9317 0.47301381487291
2K66 96 2.3362 1
2K66 97 2.6462 0.485978794891936
2K66 98 1.4414 0.485754362014938
2K66 99 0.1363 0.48600993116646
2K66 100 3.4615 0.485975283515667
