2K66 1 1.1538 1
2K66 2 3.527 0
2K66 3 1.3892 0
2K66 4 4.0696 0
2K66 5 2.0593 0
2K66 6 1.5713 1
2K66 7 3.684 0
2K66 8 1.9822 0
2K66 9 3.6888 0
2K66 10 3.6534 1
2K66 11 4.0965 0
2K66 12 2.9512 0
2K66 13 3.7287 1
2K66 14 2.2942 0
2K66 15 0.756 0
2K66 16 1.8101 0
2K66 17 3.4851 0
2K66 18 1.2035 0
2K66 19 3.9998 0
2K66 20 0.9363 0
2K66 21 3.8604 0
2K66 22 3.7413 0
2K66 23 3.1769 0
2K66 24 3.2207 0
2K66 25 2.3778 0
2K66 26 2.0986 0
2K66 27 3.4073 1
2K66 28 1.886 0
2K66 29 1.0168 1
2K66 30 2.6466 0
2K66 31 3.3047 0
2K66 32 2.1422 0
2K66 33 3.0634 0
2K66 34 2.4214 0
2K66 35 3.1761 0
2K66 36 3.8269 0
2K66 37 3.953 1
2K66 38 3.4431 0
2K66 39 2.1609 0
2K66 40 3.4273 1
2K66 41 1.7391 0
2K66 42 0.1024 0
2K66 43 2.4332 0
2K66 44 0.5269 0
2K66 45 1.4064 0
2K66 46 3.3351 0
2K66 47 3.2038 0
2K66 48 2.8576 0
2K66 49 0.3883 0
2K66 50 1.7823 0
2K66 51 3.5371 0
2K66 52 4.2936 0
2K66 53 1.6584 0
2K66 54 3.197 0
2K66 55 4.0951 0
2K66 56 2.9965 1
2K66 57 3.3939 0
2K66 58 3.9132 1
2K66 59 3.732 1
2K66 60 2.167 0
2K66 61 2.8627 0
2K66 62 0.0139 0
2K66 63 2.8579 0
2K66 64 0.6538 0
2K66 65 2.7357 0
2K66 66 2.1783 0
2K66 67 1.1221 0
2K66 68 2.2488 0
2K66 69 1.5819 0
2K66 70 2.4766 0
2K66 71 4.377 0
2K66 72 2.3789 1
2K66 73 3.2923 1
2K66 74 2.3394 0
2K66 75 0.5343 0
2K66 76 4.1416 0
2K66 77 2.7092 0
2K66 78 3.4782 0
2K66 79 2.7983 1
2K66 80 3.5565 0
2K66 81 0.1228 0
2K66 82 0.4413 0
2K66 83 0.3957 0
2K66 84 2.5072 0
2K66 85 1.4133 1
2K66 86 0.6067 1
2K66 87 4.3837 0
2K66 88 0.9231 0
2K66 89 1.9042 0
2K66 90 0.2233 0
2K66 91 0.2271 0
2K66 92 2.3398 0
2K66 93 3.4249 0
2K66 94 4.2961 0
2K66 95 2.9317 0
2K66 96 2.3362 0
2K66 97 2.6462 1
2K66 98 1.4414 0
2K66 99 0.1363 0
2K66 100 3.4615 0
