2KOC 1 1.053 0
2KOC 2 3.7633 0
2KOC 3 1.2463 0
2KOC 4 4.0054 0
2KOC 5 2.2018 0
2KOC 6 1.4199 0
2KOC 7 3.8412 0
2KOC 8 1.9512 1
2KOC 9 3.4259 0
2KOC 10 3.2774 0
2KOC 11 3.9005 0
2KOC 12 2.8756 0
2KOC 13 3.7423 0
2KOC 14 1.9831 0
2KOC 15 0.7245 0
2KOC 16 1.768 0
2KOC 17 3.1024 1
2KOC 18 1.1119 0
2KOC 19 4.1069 0
2KOC 20 0.924 1
2KOC 21 3.8929 0
2KOC 22 3.6092 0
2KOC 23 3.4921 0
2KOC 24 3.0092 0
2KOC 25 2.1976 0
2KOC 26 2.0845 0
2KOC 27 3.3925 0
2KOC 28 1.6397 0
2KOC 29 0.9999 1
2KOC 30 3.2215 0
2KOC 31 3.4747 0
2KOC 32 2.0992 1
2KOC 33 2.9218 0
2KOC 34 2.459 1
2KOC 35 2.9206 0
2KOC 36 3.5805 0
2KOC 37 3.7457 0
2KOC 38 2.7385 1
2KOC 39 1.9888 0
2KOC 40 3.4533 0
2KOC 41 1.5496 0
2KOC 42 0.0989 0
2KOC 43 2.197 0
2KOC 44 0.5306 1
2KOC 45 1.3711 1
2KOC 46 2.7507 0
2KOC 47 3.0794 0
2KOC 48 2.9261 0
2KOC 49 0.3793 0
2KOC 50 1.5836 0
2KOC 51 3.5828 1
2KOC 52 4.1092 1
2KOC 53 1.5217 1
2KOC 54 3.0386 0
2KOC 55 3.7953 1
2KOC 56 2.9383 0
2KOC 57 3.1445 0
2KOC 58 3.7003 0
2KOC 59 3.5958 0
2KOC 60 2.1727 0
2KOC 61 2.54 0
2KOC 62 0.0137 0
2KOC 63 2.6135 0
2KOC 64 0.6187 0
2KOC 65 2.5867 0
2KOC 66 2.2013 0
2KOC 67 1.12 0
2KOC 68 2.1282 0
2KOC 69 1.6242 0
2KOC 70 2.3434 0
2KOC 71 3.8826 0
2KOC 72 2.3 0
2KOC 73 2.7239 0
2KOC 74 2.5685 0
2KOC 75 0.5236 0
2KOC 76 4.5524 0
2KOC 77 2.3312 0
2KOC 78 3.2354 1
2KOC 79 2.6816 0
2KOC 80 3.7846 1
2KOC 81 0.1195 0
2KOC 82 0.434 0
2KOC 83 0.3792 0
2KOC 84 2.4635 0
2KOC 85 1.3706 0
2KOC 86 0.6029 0
2KOC 87 4.0154 0
2KOC 88 0.9131 0
2KOC 89 1.5514 0
2KOC 90 0.2189 0
2KOC 91 0.2228 0
2KOC 92 2.097 0
2KOC 93 3.3809 0
2KOC 94 4.1252 0
2KOC 95 2.8032 1
2KOC 96 2.1075 0
2KOC 97 2.1896 0
2KOC 98 1.2833 0
2KOC 99 0.129 0
2KOC 100 2.9265 0
