2KOC 1 1.053 0.649730651554104
2KOC 2 3.7633 0.487472258333413
2KOC 3 1.2463 0.489246187081574
2KOC 4 4.0054 0.319211653158272
2KOC 5 2.2018 0.649467078050737
2KOC 6 1.4199 0.405904935047625
2KOC 7 3.8412 0.660014398908485
2KOC 8 1.9512 0.407179212816691
2KOC 9 3.4259 0.410417483683166
2KOC 10 3.2774 0.476417876550137
2KOC 11 3.9005 0.149143440484732
2KOC 12 2.8756 0.115249724127073
2KOC 13 3.7423 0.351071393591111
2KOC 14 1.9831 0.389992719766467
2KOC 15 0.7245 0.759314547332664
2KOC 16 1.768 0.460485621791208
2KOC 17 3.1024 0.374146370675813
2KOC 18 1.1119 0.434126951023749
2KOC 19 4.1069 0.187970860735183
2KOC 20 0.924 0.448498798446894
2KOC 21 3.8929 0.370623275138845
2KOC 22 3.6092 0.482780799104468
2KOC 23 3.4921 0.232210850724765
2KOC 24 3.0092 0.452364802070932
2KOC 25 2.1976 0.434930487478938
2KOC 26 2.0845 0.468895118732741
2KOC 27 3.3925 0.271846048343143
2KOC 28 1.6397 0.381952415250291
2KOC 29 0.9999 0.319479747194997
2KOC 30 3.2215 0.390448579049565
2KOC 31 3.4747 0.361204580776067
2KOC 32 2.0992 0.420740393458835
2KOC 33 2.9218 0.335339347196147
2KOC 34 2.459 0.41548820167979
2KOC 35 2.9206 0.379570933032648
2KOC 36 3.5805 0.336021233147129
2KOC 37 3.7457 0.375433231372781
2KOC 38 2.7385 0.386217188947498
2KOC 39 1.9888 0.444118510364643
2KOC 40 3.4533 0.408470003736819
2KOC 41 1.5496 0.476420408670197
2KOC 42 0.0989 0.437461582262794
2KOC 43 2.197 0.440852168694809
2KOC 44 0.5306 0.485730315077291
2KOC 45 1.3711 0.469062440604891
2KOC 46 2.7507 0.478873660180323
2KOC 47 3.0794 0.44811764447279
2KOC 48 2.9261 0.487716304996813
2KOC 49 0.3793 0.812084177923533
2KOC 50 1.5836 0.497883046656176
2KOC 51 3.5828 0.419886245671415
2KOC 52 4.1092 0.49821567091822
2KOC 53 1.5217 0.576041328549025
2KOC 54 3.0386 0.495866360606364
2KOC 55 3.7953 0.46907143506817
2KOC 56 2.9383 0.692447501422764
2KOC 57 3.1445 0.5843615954438
2KOC 58 3.7003 0.492475370277897
2KOC 59 3.5958 0.463447503209229
2KOC 60 2.1727 0.626826243047641
2KOC 61 2.54 0.626338460410419
2KOC 62 0.0137 0.646183353299022
2KOC 63 2.6135 0.49792127700873
2KOC 64 0.6187 0.49831119242893
2KOC 65 2.5867 0.451934714488317
2KOC 66 2.2013 0.687898835123799
2KOC 67 1.12 0.496433120534274
2KOC 68 2.1282 0.732596595137382
2KOC 69 1.6242 0.496366166930248
2KOC 70 2.3434 0.407782074873547
2KOC 71 3.8826 0.713173090523214
2KOC 72 2.3 0.497896126687404
2KOC 73 2.7239 0.498077678142219
2KOC 74 2.5685 0.497771850856264
2KOC 75 0.5236 0.498357454107072
2KOC 76 4.5524 0.463824027908623
2KOC 77 2.3312 0.498365361156828
2KOC 78 3.2354 0.357971374149711
2KOC 79 2.6816 0.497666853313431
2KOC 80 3.7846 0.833952219205167
2KOC 81 0.1195 0.84378235977589
2KOC 82 0.434 0.853448502852946
2KOC 83 0.3792 0.498401028320365
2KOC 84 2.4635 0.87511122492706
2KOC 85 1.3706 0.498340335111332
2KOC 86 0.6029 0.498414387972212
2KOC 87 4.0154 0.732531241584682
2KOC 88 0.9131 0.91736410651464
2KOC 89 1.5514 0.498273490248658
2KOC 90 0.2189 0.498450381359806
2KOC 91 0.2228 0.498410721835194
2KOC 92 2.097 0.470825992321152
2KOC 93 3.3809 0.439217801705018
2KOC 94 4.1252 0.730940013842774
2KOC 95 2.8032 0.496182860079318
2KOC 96 2.1075 1
2KOC 97 2.1896 0.498507051138805
2KOC 98 1.2833 0.498456160185954
2KOC 99 0.129 0.498229900500886
2KOC 100 2.9265 0.461466577529827
