2KOC 1 1.053 0.360680395754382
2KOC 2 3.7633 0.407368229878303
2KOC 3 1.2463 0.327557678832007
2KOC 4 4.0054 0.0311162707834337
2KOC 5 2.2018 0.439276411028305
2KOC 6 1.4199 0.484645919776039
2KOC 7 3.8412 0.223963789663881
2KOC 8 1.9512 0.399431337917267
2KOC 9 3.4259 0.503106480509214
2KOC 10 3.2774 0.4761946361354
2KOC 11 3.9005 0.453843119420603
2KOC 12 2.8756 0.114057754102523
2KOC 13 3.7423 0.443013528995595
2KOC 14 1.9831 0.49925868017493
2KOC 15 0.7245 0.675475097705526
2KOC 16 1.768 0.436655936761391
2KOC 17 3.1024 0.705324959509309
2KOC 18 1.1119 0.507762144475667
2KOC 19 4.1069 0.18756456485642
2KOC 20 0.924 0.762339291533143
2KOC 21 3.8929 0.485562916476072
2KOC 22 3.6092 0.430499909135513
2KOC 23 3.4921 0.235167439295185
2KOC 24 3.0092 0.458194835211931
2KOC 25 2.1976 0.502172601195203
2KOC 26 2.0845 0.431628917445829
2KOC 27 3.3925 0.273596948725338
2KOC 28 1.6397 0.455787125129378
2KOC 29 0.9999 0.3955811987361
2KOC 30 3.2215 0.818508808667556
2KOC 31 3.4747 0.368647446852174
2KOC 32 2.0992 0.45277988761897
2KOC 33 2.9218 0.331732943081018
2KOC 34 2.459 0.456768088877586
2KOC 35 2.9206 0.400391381955157
2KOC 36 3.5805 0.364167660098329
2KOC 37 3.7457 0.364952664180746
2KOC 38 2.7385 0.382190896486207
2KOC 39 1.9888 0.464488049052055
2KOC 40 3.4533 0.405776941335227
2KOC 41 1.5496 0.424042575001235
2KOC 42 0.0989 0.465806041935079
2KOC 43 2.197 0.434774345151385
2KOC 44 0.5306 0.453431804835276
2KOC 45 1.3711 0.481945531250022
2KOC 46 2.7507 0.470944219779781
2KOC 47 3.0794 0.443447633574503
2KOC 48 2.9261 0.345692109780784
2KOC 49 0.3793 0.511540404620289
2KOC 50 1.5836 0.515240557596218
2KOC 51 3.5828 0.425160172499932
2KOC 52 4.1092 0.519713642296138
2KOC 53 1.5217 0.51783821978414
2KOC 54 3.0386 0.782050245904045
2KOC 55 3.7953 0.557567458044824
2KOC 56 2.9383 0.765496274504932
2KOC 57 3.1445 0.450129773100841
2KOC 58 3.7003 0.479188233060228
2KOC 59 3.5958 0.401575718483454
2KOC 60 2.1727 0.646412304800635
2KOC 61 2.54 0.514090627301327
2KOC 62 0.0137 0.518311401751864
2KOC 63 2.6135 0.709290663468967
2KOC 64 0.6187 0.519555363826977
2KOC 65 2.5867 0.490812334307818
2KOC 66 2.2013 0.518395081227921
2KOC 67 1.12 0.714952713228795
2KOC 68 2.1282 0.51466053866336
2KOC 69 1.6242 0.708221737907432
2KOC 70 2.3434 0.774443107718441
2KOC 71 3.8826 0.516067285699751
2KOC 72 2.3 0.519491414609596
2KOC 73 2.7239 0.519457187941139
2KOC 74 2.5685 0.745954370369486
2KOC 75 0.5236 0.519639166397716
2KOC 76 4.5524 0.513805717221037
2KOC 77 2.3312 0.519638322808087
2KOC 78 3.2354 0.517608177325684
2KOC 79 2.6816 0.510452647832506
2KOC 80 3.7846 0.825146358530268
2KOC 81 0.1195 0.518994309927915
2KOC 82 0.434 0.844044735241152
2KOC 83 0.3792 0.855754106992395
2KOC 84 2.4635 0.51949060742963
2KOC 85 1.3706 0.875828206410371
2KOC 86 0.6029 0.518806354073844
2KOC 87 4.0154 0.517291397316505
2KOC 88 0.9131 0.908290779344918
2KOC 89 1.5514 0.489052736471861
2KOC 90 0.2189 0.927852886750565
2KOC 91 0.2228 0.517320575583233
2KOC 92 2.097 0.519035519413917
2KOC 93 3.3809 0.459571851027696
2KOC 94 4.1252 0.635499180355581
2KOC 95 2.8032 0.4157427547161
2KOC 96 2.1075 0.987473684839597
2KOC 97 2.1896 1
2KOC 98 1.2833 0.51968235424736
2KOC 99 0.129 0.51967964892119
2KOC 100 2.9265 0.733032571225524
