2L1V 1 1.2169 0.683330896778158
2L1V 2 3.2357 0.149025453746704
2L1V 3 1.4186 0.488824054587272
2L1V 4 4.1609 0.0349068002989992
2L1V 5 2.2688 0.473278748995419
2L1V 6 1.4668 0.432138212973965
2L1V 7 3.8909 0.0622355604379822
2L1V 8 2.0333 0.475016908168425
2L1V 9 3.646 0.309090716848249
2L1V 10 3.5366 0.436870344336459
2L1V 11 3.8578 0.468601096400785
2L1V 12 3.3042 0.434905065935242
2L1V 13 3.2652 0.474202751513399
2L1V 14 2.3308 0.330126698908658
2L1V 15 0.7751 0.339136882367994
2L1V 16 1.7941 0.421478096571967
2L1V 17 3.0555 0.319535415302176
2L1V 18 1.2175 0.43273676050346
2L1V 19 3.8679 0.283656639077137
2L1V 20 0.9493 0.432336406704047
2L1V 21 3.6693 0.426120985242722
2L1V 22 3.8939 0.217943605366164
2L1V 23 3.4132 0.231119486641473
2L1V 24 3.2867 0.357518543784776
2L1V 25 2.2155 0.459475551926036
2L1V 26 2.2171 0.372221837738002
2L1V 27 3.2971 0.411429080284445
2L1V 28 1.8478 0.469676459372328
2L1V 29 1.0337 0.357455540707639
2L1V 30 3.3405 0.309305116855943
2L1V 31 3.6929 0.396096582417343
2L1V 32 2.1011 0.42340016167499
2L1V 33 2.7849 0.436664695378889
2L1V 34 2.5983 0.341330462075706
2L1V 35 3.0559 0.444837631582255
2L1V 36 3.516 0.313137185216868
2L1V 37 3.3296 0.378034551525614
2L1V 38 3.2865 0.433487185603213
2L1V 39 2.1098 0.436304243556155
2L1V 40 3.2962 0.45543040181912
2L1V 41 1.6386 0.453403037352721
2L1V 42 0.106 0.439633695508001
2L1V 43 2.4669 0.443507366815113
2L1V 44 0.5393 0.451317150075791
2L1V 45 1.4611 0.461818318608714
2L1V 46 2.9146 0.470910214527965
2L1V 47 3.1399 0.483959803810763
2L1V 48 3.1446 0.493567669070732
2L1V 49 0.3945 0.491336608660736
2L1V 50 1.7283 0.490941845853399
2L1V 51 3.889 0.616784919968816
2L1V 52 3.4861 0.528095868940278
2L1V 53 1.5467 0.492811250248664
2L1V 54 3.6672 0.491592731522694
2L1V 55 3.0308 0.434084680078692
2L1V 56 2.6481 0.489603173622274
2L1V 57 3.1834 0.483233688704354
2L1V 58 3.794 0.49359733761709
2L1V 59 3.0475 0.491527157529039
2L1V 60 2.2012 0.490567264929041
2L1V 61 2.7396 0.491968828087561
2L1V 62 0.0142 0.694406642742493
2L1V 63 2.838 0.35974440637466
2L1V 64 0.6851 0.490844397517966
2L1V 65 2.583 0.670705937476476
2L1V 66 2.3149 0.6812025589327
2L1V 67 1.157 0.689917204816443
2L1V 68 2.2326 0.705092283167817
2L1V 69 1.7138 0.492658221474355
2L1V 70 2.5227 0.381931259847766
2L1V 71 3.367 0.486655836709032
2L1V 72 2.3443 0.492834848618657
2L1V 73 2.9609 0.491591455761744
2L1V 74 2.9553 0.763834627744904
2L1V 75 0.532 0.774701984013449
2L1V 76 4.6756 0.490845962201561
2L1V 77 2.842 0.382866436002421
2L1V 78 3.2845 0.804599979287388
2L1V 79 2.8025 0.485479387356135
2L1V 80 3.7309 0.476684724313797
2L1V 81 0.1243 0.493488394176851
2L1V 82 0.4477 0.493939609530232
2L1V 83 0.3948 0.492015710505689
2L1V 84 2.4946 0.867232919032381
2L1V 85 1.4057 0.877352356983016
2L1V 86 0.6131 0.887044276804572
2L1V 87 3.6966 0.582000289293265
2L1V 88 0.9588 0.907380694043015
2L1V 89 1.8367 0.493312726454243
2L1V 90 0.2307 0.49382023756914
2L1V 91 0.2296 0.493653098253761
2L1V 92 2.2714 0.945291740748539
2L1V 93 2.8665 0.399386091551835
2L1V 94 4.2209 0.969500477794649
2L1V 95 2.8912 0.39630325699197
2L1V 96 2.4133 0.987564876496206
2L1V 97 2.4446 1
2L1V 98 1.4685 0.493837686773338
2L1V 99 0.1413 0.492045575418231
2L1V 100 3.0805 0.493940949210677
