2L1V 1 1.2169 0
2L1V 2 3.2357 0
2L1V 3 1.4186 0
2L1V 4 4.1609 0
2L1V 5 2.2688 0
2L1V 6 1.4668 0
2L1V 7 3.8909 0
2L1V 8 2.0333 1
2L1V 9 3.646 0
2L1V 10 3.5366 1
2L1V 11 3.8578 0
2L1V 12 3.3042 0
2L1V 13 3.2652 0
2L1V 14 2.3308 0
2L1V 15 0.7751 0
2L1V 16 1.7941 0
2L1V 17 3.0555 0
2L1V 18 1.2175 0
2L1V 19 3.8679 0
2L1V 20 0.9493 1
2L1V 21 3.6693 0
2L1V 22 3.8939 0
2L1V 23 3.4132 0
2L1V 24 3.2867 1
2L1V 25 2.2155 1
2L1V 26 2.2171 0
2L1V 27 3.2971 1
2L1V 28 1.8478 0
2L1V 29 1.0337 0
2L1V 30 3.3405 0
2L1V 31 3.6929 1
2L1V 32 2.1011 1
2L1V 33 2.7849 0
2L1V 34 2.5983 0
2L1V 35 3.0559 0
2L1V 36 3.516 0
2L1V 37 3.3296 1
2L1V 38 3.2865 0
2L1V 39 2.1098 0
2L1V 40 3.2962 0
2L1V 41 1.6386 0
2L1V 42 0.106 0
2L1V 43 2.4669 0
2L1V 44 0.5393 1
2L1V 45 1.4611 1
2L1V 46 2.9146 0
2L1V 47 3.1399 0
2L1V 48 3.1446 1
2L1V 49 0.3945 1
2L1V 50 1.7283 0
2L1V 51 3.889 0
2L1V 52 3.4861 0
2L1V 53 1.5467 0
2L1V 54 3.6672 0
2L1V 55 3.0308 1
2L1V 56 2.6481 1
2L1V 57 3.1834 0
2L1V 58 3.794 0
2L1V 59 3.0475 0
2L1V 60 2.2012 0
2L1V 61 2.7396 1
2L1V 62 0.0142 0
2L1V 63 2.838 0
2L1V 64 0.6851 0
2L1V 65 2.583 0
2L1V 66 2.3149 1
2L1V 67 1.157 0
2L1V 68 2.2326 0
2L1V 69 1.7138 0
2L1V 70 2.5227 1
2L1V 71 3.367 0
2L1V 72 2.3443 0
2L1V 73 2.9609 0
2L1V 74 2.9553 0
2L1V 75 0.532 0
2L1V 76 4.6756 1
2L1V 77 2.842 0
2L1V 78 3.2845 0
2L1V 79 2.8025 0
2L1V 80 3.7309 0
2L1V 81 0.1243 0
2L1V 82 0.4477 0
2L1V 83 0.3948 0
2L1V 84 2.4946 0
2L1V 85 1.4057 0
2L1V 86 0.6131 1
2L1V 87 3.6966 0
2L1V 88 0.9588 0
2L1V 89 1.8367 0
2L1V 90 0.2307 0
2L1V 91 0.2296 0
2L1V 92 2.2714 0
2L1V 93 2.8665 0
2L1V 94 4.2209 0
2L1V 95 2.8912 1
2L1V 96 2.4133 0
2L1V 97 2.4446 0
2L1V 98 1.4685 0
2L1V 99 0.1413 0
2L1V 100 3.0805 0
