2L1V 1 1.2169 0.281567503326755
2L1V 2 3.2357 0.0776519941501762
2L1V 3 1.4186 0.417525141452739
2L1V 4 4.1609 0.0305373730798978
2L1V 5 2.2688 0.462853838272789
2L1V 6 1.4668 0.459877894028275
2L1V 7 3.8909 0.0600657241467061
2L1V 8 2.0333 0.310601716789102
2L1V 9 3.646 0.460332162594552
2L1V 10 3.5366 0.375255227050744
2L1V 11 3.8578 0.394392887029731
2L1V 12 3.3042 0.111828821695839
2L1V 13 3.2652 0.386991047321776
2L1V 14 2.3308 0.274047770500283
2L1V 15 0.7751 0.270676534057377
2L1V 16 1.7941 0.329265061900371
2L1V 17 3.0555 0.390032332075971
2L1V 18 1.2175 0.446378043943311
2L1V 19 3.8679 0.443797034193669
2L1V 20 0.9493 0.408981884716299
2L1V 21 3.6693 0.371695898173493
2L1V 22 3.8939 0.211711627589619
2L1V 23 3.4132 0.22109280482201
2L1V 24 3.2867 0.280469308806954
2L1V 25 2.2155 0.38037575294169
2L1V 26 2.2171 0.424808521678272
2L1V 27 3.2971 0.380585531151945
2L1V 28 1.8478 0.279268155290604
2L1V 29 1.0337 0.423810901464887
2L1V 30 3.3405 0.395615785939244
2L1V 31 3.6929 0.323467060446574
2L1V 32 2.1011 0.421301551653782
2L1V 33 2.7849 0.376379116606742
2L1V 34 2.5983 0.330316069364138
2L1V 35 3.0559 0.432636684364992
2L1V 36 3.516 0.35022235968636
2L1V 37 3.3296 0.391267795321628
2L1V 38 3.2865 0.447287445526039
2L1V 39 2.1098 0.389414339627658
2L1V 40 3.2962 0.44373375047923
2L1V 41 1.6386 0.422975753171217
2L1V 42 0.106 0.445397608403207
2L1V 43 2.4669 0.440094474865224
2L1V 44 0.5393 0.439567085737703
2L1V 45 1.4611 0.450680710544061
2L1V 46 2.9146 0.450237635117102
2L1V 47 3.1399 0.4668893152483
2L1V 48 3.1446 0.412200262521594
2L1V 49 0.3945 0.463474617827696
2L1V 50 1.7283 0.624467522912513
2L1V 51 3.889 0.746236523016858
2L1V 52 3.4861 0.410924021074639
2L1V 53 1.5467 0.463092724606996
2L1V 54 3.6672 0.589429330386015
2L1V 55 3.0308 0.549850449374735
2L1V 56 2.6481 0.55976388944511
2L1V 57 3.1834 0.558406643055154
2L1V 58 3.794 0.453677908339397
2L1V 59 3.0475 0.43617774055409
2L1V 60 2.2012 0.440701020800892
2L1V 61 2.7396 0.439984630075912
2L1V 62 0.0142 0.620091422759939
2L1V 63 2.838 0.455030072358504
2L1V 64 0.6851 0.449384363178411
2L1V 65 2.583 0.457866616560352
2L1V 66 2.3149 0.659693569404342
2L1V 67 1.157 0.668723839483467
2L1V 68 2.2326 0.453374069007656
2L1V 69 1.7138 0.451647762010786
2L1V 70 2.5227 0.637201231674569
2L1V 71 3.367 0.700867644168044
2L1V 72 2.3443 0.454600515143744
2L1V 73 2.9609 0.729336850016002
2L1V 74 2.9553 0.452640881121542
2L1V 75 0.532 0.43896323748275
2L1V 76 4.6756 0.75941262160746
2L1V 77 2.842 0.611577840511357
2L1V 78 3.2845 0.77827216709953
2L1V 79 2.8025 0.749538841914882
2L1V 80 3.7309 0.454571734914685
2L1V 81 0.1243 0.459279813742585
2L1V 82 0.4477 0.449954438259337
2L1V 83 0.3948 0.829777882061602
2L1V 84 2.4946 0.441136316176288
2L1V 85 1.4057 0.850145565211878
2L1V 86 0.6131 0.859596733099712
2L1V 87 3.6966 0.345074186294169
2L1V 88 0.9588 0.441713291954289
2L1V 89 1.8367 0.43659158862259
2L1V 90 0.2307 0.458507040000241
2L1V 91 0.2296 0.448274006738926
2L1V 92 2.2714 0.919576325219629
2L1V 93 2.8665 0.349954245993695
2L1V 94 4.2209 0.455309975363021
2L1V 95 2.8912 0.855046997696732
2L1V 96 2.4133 0.45517269173285
2L1V 97 2.4446 0.438531280673543
2L1V 98 1.4685 0.980128868952946
2L1V 99 0.1413 0.453688058176781
2L1V 100 3.0805 1
