2L3E 1 1.1917 0.451677444581111
2L3E 2 4.149 0.433267671500749
2L3E 3 1.4253 0.434002588613184
2L3E 4 4.7267 0.445328563496764
2L3E 5 2.2453 0.588043821887109
2L3E 6 1.5463 0.666921109245168
2L3E 7 4.2811 0.486044248372657
2L3E 8 2.0666 0.483763756085062
2L3E 9 3.896 0.489620289925671
2L3E 10 3.5279 0.0958790647539767
2L3E 11 4.3817 0.426227677545113
2L3E 12 3.2512 0.495318445027728
2L3E 13 3.9331 0.254956962488409
2L3E 14 2.3391 0.136369903392076
2L3E 15 0.7498 0.243672679301011
2L3E 16 1.8547 0.480856630147806
2L3E 17 3.3404 0.435869255089307
2L3E 18 1.2293 0.398291988757284
2L3E 19 4.6324 0.445846059345613
2L3E 20 0.9421 0.462186936369897
2L3E 21 4.2011 0.488233186689575
2L3E 22 3.8039 0.612441028928694
2L3E 23 3.5574 0.453581872798449
2L3E 24 3.3278 0.478307533981528
2L3E 25 2.3183 0.409967745166435
2L3E 26 2.1902 0.263153978680196
2L3E 27 3.4955 0.272919279905497
2L3E 28 1.8768 0.281875165741579
2L3E 29 1.0437 0.48745454300309
2L3E 30 3.5238 0.469694004696809
2L3E 31 3.59 0.435088856126492
2L3E 32 2.203 0.487978656088367
2L3E 33 3.216 0.366272703955653
2L3E 34 2.6481 0.354829156624829
2L3E 35 3.2654 0.463264722636516
2L3E 36 4.279 0.451041055944416
2L3E 37 4.2134 0.382697756576663
2L3E 38 3.7451 0.490943069274326
2L3E 39 2.1306 0.36400859942494
2L3E 40 3.9541 0.415354812489266
2L3E 41 1.6557 0.392133656121919
2L3E 42 0.1039 0.427867835707627
2L3E 43 2.5293 0.433044720340055
2L3E 44 0.5472 0.452526330387617
2L3E 45 1.4802 0.481117078981594
2L3E 46 3.4268 0.379375204885795
2L3E 47 3.4826 0.488059445399784
2L3E 48 3.1915 0.497575839121499
2L3E 49 0.3901 0.450794478453657
2L3E 50 1.7003 0.690572572381382
2L3E 51 4.0506 0.547562645035532
2L3E 52 4.2804 0.460996734751091
2L3E 53 1.6277 0.66686051337825
2L3E 54 3.6592 0.497621398638974
2L3E 55 4.5872 0.490696833518782
2L3E 56 3.0659 0.629239116603286
2L3E 57 3.6574 0.60771009321791
2L3E 58 4.3062 0.602141626629797
2L3E 59 3.9863 0.497717115565902
2L3E 60 2.2611 0.495219108814209
2L3E 61 2.6679 0.622720346517022
2L3E 62 0.0142 0.451537100141839
2L3E 63 2.8322 0.647227343763009
2L3E 64 0.6469 0.435932615904779
2L3E 65 2.8576 0.676755456517238
2L3E 66 2.3676 0.566954394255071
2L3E 67 1.1631 0.496025650520941
2L3E 68 2.2818 0.479285937434371
2L3E 69 1.721 0.486092805839969
2L3E 70 2.5367 0.479854087762077
2L3E 71 4.3953 0.474357603036895
2L3E 72 2.4397 0.497956252549034
2L3E 73 3.4707 0.411877765414557
2L3E 74 2.8364 0.749651709682639
2L3E 75 0.534 0.442110784716011
2L3E 76 4.6117 0.496006373548153
2L3E 77 2.8347 0.433936711383859
2L3E 78 3.565 0.714181147748164
2L3E 79 2.8755 0.497653568349404
2L3E 80 3.8047 0.56272785972105
2L3E 81 0.1248 0.466267487833605
2L3E 82 0.4462 0.491462770868651
2L3E 83 0.3946 0.783736488721619
2L3E 84 2.6016 0.748796905643552
2L3E 85 1.4353 0.497683749782221
2L3E 86 0.6065 0.687351298581389
2L3E 87 4.2477 0.489379102531251
2L3E 88 0.9661 0.495153464586166
2L3E 89 1.9325 0.495942158394645
2L3E 90 0.2281 0.474368212361967
2L3E 91 0.2295 0.874142772747573
2L3E 92 2.3698 0.496840223005217
2L3E 93 3.8079 0.491571660134761
2L3E 94 4.8472 0.724528688112063
2L3E 95 3.0314 0.497935297967011
2L3E 96 2.4324 1
2L3E 97 2.7223 0.422255735745976
2L3E 98 1.4495 0.805796832698617
2L3E 99 0.1389 0.769219840873172
2L3E 100 3.3795 0.497806805526318
