2L3E 1 1.1917 0
2L3E 2 4.149 0
2L3E 3 1.4253 0
2L3E 4 4.7267 0
2L3E 5 2.2453 0
2L3E 6 1.5463 0
2L3E 7 4.2811 0
2L3E 8 2.0666 0
2L3E 9 3.896 1
2L3E 10 3.5279 0
2L3E 11 4.3817 1
2L3E 12 3.2512 1
2L3E 13 3.9331 0
2L3E 14 2.3391 1
2L3E 15 0.7498 0
2L3E 16 1.8547 0
2L3E 17 3.3404 0
2L3E 18 1.2293 1
2L3E 19 4.6324 0
2L3E 20 0.9421 0
2L3E 21 4.2011 0
2L3E 22 3.8039 0
2L3E 23 3.5574 0
2L3E 24 3.3278 0
2L3E 25 2.3183 0
2L3E 26 2.1902 1
2L3E 27 3.4955 0
2L3E 28 1.8768 0
2L3E 29 1.0437 0
2L3E 30 3.5238 0
2L3E 31 3.59 0
2L3E 32 2.203 0
2L3E 33 3.216 0
2L3E 34 2.6481 0
2L3E 35 3.2654 1
2L3E 36 4.279 0
2L3E 37 4.2134 0
2L3E 38 3.7451 1
2L3E 39 2.1306 0
2L3E 40 3.9541 0
2L3E 41 1.6557 0
2L3E 42 0.1039 0
2L3E 43 2.5293 0
2L3E 44 0.5472 0
2L3E 45 1.4802 0
2L3E 46 3.4268 1
2L3E 47 3.4826 0
2L3E 48 3.1915 0
2L3E 49 0.3901 0
2L3E 50 1.7003 1
2L3E 51 4.0506 0
2L3E 52 4.2804 0
2L3E 53 1.6277 0
2L3E 54 3.6592 1
2L3E 55 4.5872 0
2L3E 56 3.0659 0
2L3E 57 3.6574 0
2L3E 58 4.3062 1
2L3E 59 3.9863 0
2L3E 60 2.2611 1
2L3E 61 2.6679 1
2L3E 62 0.0142 1
2L3E 63 2.8322 0
2L3E 64 0.6469 1
2L3E 65 2.8576 0
2L3E 66 2.3676 0
2L3E 67 1.1631 0
2L3E 68 2.2818 0
2L3E 69 1.721 0
2L3E 70 2.5367 0
2L3E 71 4.3953 0
2L3E 72 2.4397 1
2L3E 73 3.4707 0
2L3E 74 2.8364 1
2L3E 75 0.534 0
2L3E 76 4.6117 1
2L3E 77 2.8347 0
2L3E 78 3.565 0
2L3E 79 2.8755 0
2L3E 80 3.8047 0
2L3E 81 0.1248 0
2L3E 82 0.4462 0
2L3E 83 0.3946 0
2L3E 84 2.6016 0
2L3E 85 1.4353 0
2L3E 86 0.6065 0
2L3E 87 4.2477 0
2L3E 88 0.9661 0
2L3E 89 1.9325 0
2L3E 90 0.2281 0
2L3E 91 0.2295 0
2L3E 92 2.3698 0
2L3E 93 3.8079 0
2L3E 94 4.8472 0
2L3E 95 3.0314 0
2L3E 96 2.4324 0
2L3E 97 2.7223 0
2L3E 98 1.4495 0
2L3E 99 0.1389 0
2L3E 100 3.3795 1
