2L3E 1 1.1917 0.406495977881123
2L3E 2 4.149 0.396240622809441
2L3E 3 1.4253 0.304814052471539
2L3E 4 4.7267 0.419092995501863
2L3E 5 2.2453 0.467135461996946
2L3E 6 1.5463 0.645349141011184
2L3E 7 4.2811 0.674457039929283
2L3E 8 2.0666 0.65873034073022
2L3E 9 3.896 0.482766596234349
2L3E 10 3.5279 0.0935261031340769
2L3E 11 4.3817 0.479485856027362
2L3E 12 3.2512 0.328141846291769
2L3E 13 3.9331 0.379794924549514
2L3E 14 2.3391 0.133085667650474
2L3E 15 0.7498 0.408692449170668
2L3E 16 1.8547 0.350217068771061
2L3E 17 3.3404 0.63614995717567
2L3E 18 1.2293 0.44181195646215
2L3E 19 4.6324 0.430015707828068
2L3E 20 0.9421 0.470986083496157
2L3E 21 4.2011 0.203415970375668
2L3E 22 3.8039 0.42643492559101
2L3E 23 3.5574 0.344503684468951
2L3E 24 3.3278 0.374449497448635
2L3E 25 2.3183 0.418498315990405
2L3E 26 2.1902 0.250584079429786
2L3E 27 3.4955 0.262639298509885
2L3E 28 1.8768 0.270767680010587
2L3E 29 1.0437 0.463818427707503
2L3E 30 3.5238 0.419785927319629
2L3E 31 3.59 0.463566071115261
2L3E 32 2.203 0.384169981356994
2L3E 33 3.216 0.45805714895187
2L3E 34 2.6481 0.457677964621884
2L3E 35 3.2654 0.469892453661519
2L3E 36 4.279 0.418016355657285
2L3E 37 4.2134 0.405842176787386
2L3E 38 3.7451 0.432153550215185
2L3E 39 2.1306 0.415005708517222
2L3E 40 3.9541 0.44985655252857
2L3E 41 1.6557 0.411704066740742
2L3E 42 0.1039 0.410963628641457
2L3E 43 2.5293 0.426938877361176
2L3E 44 0.5472 0.423218487569598
2L3E 45 1.4802 0.450486585551856
2L3E 46 3.4268 0.387916736985518
2L3E 47 3.4826 0.473268057134619
2L3E 48 3.1915 0.479170152749864
2L3E 49 0.3901 0.449317426402886
2L3E 50 1.7003 0.481527939366816
2L3E 51 4.0506 0.507918679039918
2L3E 52 4.2804 0.468791388840019
2L3E 53 1.6277 0.483447031899498
2L3E 54 3.6592 0.483680248625961
2L3E 55 4.5872 0.420723795672467
2L3E 56 3.0659 0.47921794269554
2L3E 57 3.6574 0.457977946933184
2L3E 58 4.3062 0.47998916582075
2L3E 59 3.9863 0.482340771545009
2L3E 60 2.2611 0.482281709681499
2L3E 61 2.6679 0.439213727147568
2L3E 62 0.0142 0.414827179254368
2L3E 63 2.8322 0.540887276999662
2L3E 64 0.6469 0.633891005123034
2L3E 65 2.8576 0.483644745817208
2L3E 66 2.3676 0.578189203276363
2L3E 67 1.1631 0.681270563411958
2L3E 68 2.2818 0.435841139472351
2L3E 69 1.721 0.46733583339992
2L3E 70 2.5367 0.665143554368028
2L3E 71 4.3953 0.470664259044736
2L3E 72 2.4397 0.721249308904534
2L3E 73 3.4707 0.592805252791345
2L3E 74 2.8364 0.481687881162514
2L3E 75 0.534 0.482977955891
2L3E 76 4.6117 0.573814519711195
2L3E 77 2.8347 0.474815848214952
2L3E 78 3.565 0.415152810777375
2L3E 79 2.8755 0.483839309569802
2L3E 80 3.8047 0.410892623023951
2L3E 81 0.1248 0.477488487116929
2L3E 82 0.4462 0.445493439475086
2L3E 83 0.3946 0.455518041219567
2L3E 84 2.6016 0.442432046310234
2L3E 85 1.4353 0.483569291151338
2L3E 86 0.6065 0.460429432300234
2L3E 87 4.2477 0.774100390477149
2L3E 88 0.9661 0.845138793587685
2L3E 89 1.9325 0.483804448737826
2L3E 90 0.2281 0.655717722870748
2L3E 91 0.2295 0.838330600005231
2L3E 92 2.3698 0.475463438556612
2L3E 93 3.8079 0.449109664802127
2L3E 94 4.8472 0.703891570659786
2L3E 95 3.0314 0.482836706070305
2L3E 96 2.4324 0.961324183701147
2L3E 97 2.7223 0.610170082640028
2L3E 98 1.4495 0.906648395111804
2L3E 99 0.1389 0.448069348899389
2L3E 100 3.3795 1
