2LBJ 1 1.2211 0.484340454952148
2LBJ 2 4.0431 0.336114386205446
2LBJ 3 1.4329 0.368200228000841
2LBJ 4 4.3037 0.0313086618335025
2LBJ 5 2.1942 0.432734796821014
2LBJ 6 1.5257 0.45710685001747
2LBJ 7 4.0835 0.296083641736991
2LBJ 8 1.9779 0.466383521052725
2LBJ 9 3.6987 0.351297234653554
2LBJ 10 3.5133 0.488112741589218
2LBJ 11 4.6408 0.441656541037514
2LBJ 12 3.2381 0.112729880291783
2LBJ 13 3.7405 0.901819725655595
2LBJ 14 2.2828 0.6356452394236
2LBJ 15 0.7495 0.321400032010496
2LBJ 16 1.8215 0.634754019401385
2LBJ 17 3.4478 0.422602977793321
2LBJ 18 1.2172 0.231598302242323
2LBJ 19 4.406 0.184991212054656
2LBJ 20 0.9415 0.372275269653669
2LBJ 21 4.1774 0.241215934762743
2LBJ 22 3.4521 0.215963577678189
2LBJ 23 3.3712 0.476182809631799
2LBJ 24 3.1004 0.481275796036974
2LBJ 25 2.3082 0.370727419770759
2LBJ 26 2.1816 0.260443820740856
2LBJ 27 3.3899 0.267371449485452
2LBJ 28 1.8414 0.33158342824729
2LBJ 29 1.0437 0.40659832434902
2LBJ 30 3.4387 0.297309267465502
2LBJ 31 3.6197 0.388488701785944
2LBJ 32 2.2215 0.453771498419005
2LBJ 33 3.1202 0.321585377600514
2LBJ 34 2.6428 0.393666974300402
2LBJ 35 3.1238 0.349706086138117
2LBJ 36 4.0964 0.358445457734086
2LBJ 37 3.8726 0.395449856478755
2LBJ 38 3.3285 0.378787749889901
2LBJ 39 2.1943 0.472096668892887
2LBJ 40 3.8013 0.418785639234025
2LBJ 41 1.6925 0.42814686457069
2LBJ 42 0.104 0.428776127866106
2LBJ 43 2.4962 0.441948090245205
2LBJ 44 0.5357 0.460646528472678
2LBJ 45 1.4675 0.444893190049011
2LBJ 46 3.3411 0.470235117368109
2LBJ 47 3.4558 0.471763421882391
2LBJ 48 3.0919 0.490697319293233
2LBJ 49 0.3907 0.492928753960186
2LBJ 50 1.7539 0.489980894630857
2LBJ 51 3.9118 0.404258338180798
2LBJ 52 4.3617 0.49183082870564
2LBJ 53 1.5879 0.492061393923854
2LBJ 54 3.4892 0.411334798351713
2LBJ 55 4.4436 0.492579879802386
2LBJ 56 3.1315 0.601516815130664
2LBJ 57 3.4223 0.489627111261904
2LBJ 58 4.2602 0.583517482112557
2LBJ 59 3.9667 0.39475033962746
2LBJ 60 2.2689 0.604175442643902
2LBJ 61 2.778 0.659545108835534
2LBJ 62 0.0141 0.492455746891806
2LBJ 63 2.7762 0.477157730179571
2LBJ 64 0.6572 0.491698920336401
2LBJ 65 2.8802 0.664921929973731
2LBJ 66 2.2972 0.491096611964333
2LBJ 67 1.172 0.492669328068951
2LBJ 68 2.282 0.390446150634174
2LBJ 69 1.6604 0.4925908111825
2LBJ 70 2.4743 0.702903414197798
2LBJ 71 4.5067 0.725568266346842
2LBJ 72 2.4177 0.733657213203046
2LBJ 73 3.5021 0.746813914338778
2LBJ 74 2.7535 0.740121333135623
2LBJ 75 0.5281 0.492647617768698
2LBJ 76 4.5637 0.466867169827269
2LBJ 77 2.9059 0.492224160191768
2LBJ 78 3.456 0.74605890205706
2LBJ 79 2.8836 0.453580770991916
2LBJ 80 3.8996 0.817758098650934
2LBJ 81 0.1239 0.492603755034266
2LBJ 82 0.4458 0.836821160151488
2LBJ 83 0.395 0.485651580233906
2LBJ 84 2.4766 0.457365818528784
2LBJ 85 1.4114 0.479570500739233
2LBJ 86 0.6081 0.486555393449948
2LBJ 87 4.2636 0.49177043931006
2LBJ 88 0.9553 0.492892514224439
2LBJ 89 1.8797 0.489842765894692
2LBJ 90 0.2281 0.905577985975085
2LBJ 91 0.2266 0.928848668321589
2LBJ 92 2.2051 0.492697456934098
2LBJ 93 3.5761 0.94926557438853
2LBJ 94 4.6766 0.895386158701746
2LBJ 95 3.0043 0.348058573170405
2LBJ 96 2.4467 0.492905137910261
2LBJ 97 2.7347 0.990477609225146
2LBJ 98 1.4695 1
2LBJ 99 0.1373 0.482695228884042
2LBJ 100 3.3478 0.492861336159819
