2LBJ 1 1.2211 0.476351282187547
2LBJ 2 4.0431 0.445409811565215
2LBJ 3 1.4329 0.677400967086174
2LBJ 4 4.3037 0.202208616215383
2LBJ 5 2.1942 0.271167600030529
2LBJ 6 1.5257 0.439580096229202
2LBJ 7 4.0835 0.311968397903849
2LBJ 8 1.9779 0.47964122287483
2LBJ 9 3.6987 0.0833929687018275
2LBJ 10 3.5133 0.381030352544424
2LBJ 11 4.6408 0.480987539800049
2LBJ 12 3.2381 0.11296780201153
2LBJ 13 3.7405 0.35047282469112
2LBJ 14 2.2828 0.468504312104846
2LBJ 15 0.7495 0.316419247191094
2LBJ 16 1.8215 0.460387671012563
2LBJ 17 3.4478 0.369791611689321
2LBJ 18 1.2172 0.477252086786671
2LBJ 19 4.406 0.183804337909912
2LBJ 20 0.9415 0.454618201974856
2LBJ 21 4.1774 0.205012723209037
2LBJ 22 3.4521 0.214473247647208
2LBJ 23 3.3712 0.400254671034982
2LBJ 24 3.1004 0.459057491760281
2LBJ 25 2.3082 0.478094424642376
2LBJ 26 2.1816 0.25609810111151
2LBJ 27 3.3899 0.266133558666555
2LBJ 28 1.8414 0.322703144479567
2LBJ 29 1.0437 0.295507971508505
2LBJ 30 3.4387 0.296706220341322
2LBJ 31 3.6197 0.309068392674695
2LBJ 32 2.2215 0.468498395465098
2LBJ 33 3.1202 0.356408796184659
2LBJ 34 2.6428 0.469064613325994
2LBJ 35 3.1238 0.347151125793571
2LBJ 36 4.0964 0.358386414007999
2LBJ 37 3.8726 0.454671512572069
2LBJ 38 3.3285 0.377866380007245
2LBJ 39 2.1943 0.442392492602451
2LBJ 40 3.8013 0.407525962717139
2LBJ 41 1.6925 0.434874907482158
2LBJ 42 0.104 0.447647594228876
2LBJ 43 2.4962 0.432494684378298
2LBJ 44 0.5357 0.446909428778396
2LBJ 45 1.4675 0.449895080790119
2LBJ 46 3.3411 0.481455258537536
2LBJ 47 3.4558 0.472497374700248
2LBJ 48 3.0919 0.489759467756732
2LBJ 49 0.3907 0.588037683002504
2LBJ 50 1.7539 0.491677995231949
2LBJ 51 3.9118 0.412132272094003
2LBJ 52 4.3617 0.491762090607695
2LBJ 53 1.5879 0.565227074701668
2LBJ 54 3.4892 0.473969309948542
2LBJ 55 4.4436 0.491092536884469
2LBJ 56 3.1315 0.491980975858619
2LBJ 57 3.4223 0.490886929850768
2LBJ 58 4.2602 0.581898294696662
2LBJ 59 3.9667 0.591802795263975
2LBJ 60 2.2689 0.449897255801646
2LBJ 61 2.778 0.631900623327884
2LBJ 62 0.0141 0.632001738549074
2LBJ 63 2.7762 0.46957569540518
2LBJ 64 0.6572 0.4481385384391
2LBJ 65 2.8802 0.662146516138023
2LBJ 66 2.2972 0.491805271430944
2LBJ 67 1.172 0.683733459911906
2LBJ 68 2.282 0.656668468225165
2LBJ 69 1.6604 0.489765825482733
2LBJ 70 2.4743 0.490516554286508
2LBJ 71 4.5067 0.724642247868025
2LBJ 72 2.4177 0.490996577809486
2LBJ 73 3.5021 0.491972367071737
2LBJ 74 2.7535 0.676200299883897
2LBJ 75 0.5281 0.765398815437009
2LBJ 76 4.5637 0.441882018918098
2LBJ 77 2.9059 0.785053177815041
2LBJ 78 3.456 0.490153996595848
2LBJ 79 2.8836 0.764486147138648
2LBJ 80 3.8996 0.491920349313544
2LBJ 81 0.1239 0.491806457800867
2LBJ 82 0.4458 0.491839767417956
2LBJ 83 0.395 0.762518050694439
2LBJ 84 2.4766 0.474523937887876
2LBJ 85 1.4114 0.487101223424211
2LBJ 86 0.6081 0.797652669762768
2LBJ 87 4.2636 0.846576101417472
2LBJ 88 0.9553 0.896892635560027
2LBJ 89 1.8797 0.486859051861066
2LBJ 90 0.2281 0.491370040977521
2LBJ 91 0.2266 0.928828922993002
2LBJ 92 2.2051 0.93779387942022
2LBJ 93 3.5761 0.491980443513141
2LBJ 94 4.6766 0.484348358485339
2LBJ 95 3.0043 0.491794518052276
2LBJ 96 2.4467 0.491680307132313
2LBJ 97 2.7347 0.491862049878703
2LBJ 98 1.4695 1
2LBJ 99 0.1373 0.978264577467203
2LBJ 100 3.3478 0.491351378466029
