2LBJ 1 1.2211 0
2LBJ 2 4.0431 0
2LBJ 3 1.4329 1
2LBJ 4 4.3037 1
2LBJ 5 2.1942 0
2LBJ 6 1.5257 0
2LBJ 7 4.0835 0
2LBJ 8 1.9779 0
2LBJ 9 3.6987 0
2LBJ 10 3.5133 0
2LBJ 11 4.6408 0
2LBJ 12 3.2381 0
2LBJ 13 3.7405 0
2LBJ 14 2.2828 1
2LBJ 15 0.7495 0
2LBJ 16 1.8215 0
2LBJ 17 3.4478 1
2LBJ 18 1.2172 0
2LBJ 19 4.406 0
2LBJ 20 0.9415 0
2LBJ 21 4.1774 0
2LBJ 22 3.4521 0
2LBJ 23 3.3712 0
2LBJ 24 3.1004 0
2LBJ 25 2.3082 0
2LBJ 26 2.1816 0
2LBJ 27 3.3899 1
2LBJ 28 1.8414 1
2LBJ 29 1.0437 1
2LBJ 30 3.4387 1
2LBJ 31 3.6197 0
2LBJ 32 2.2215 0
2LBJ 33 3.1202 0
2LBJ 34 2.6428 1
2LBJ 35 3.1238 0
2LBJ 36 4.0964 0
2LBJ 37 3.8726 1
2LBJ 38 3.3285 0
2LBJ 39 2.1943 0
2LBJ 40 3.8013 0
2LBJ 41 1.6925 1
2LBJ 42 0.104 0
2LBJ 43 2.4962 0
2LBJ 44 0.5357 0
2LBJ 45 1.4675 0
2LBJ 46 3.3411 0
2LBJ 47 3.4558 0
2LBJ 48 3.0919 1
2LBJ 49 0.3907 0
2LBJ 50 1.7539 0
2LBJ 51 3.9118 0
2LBJ 52 4.3617 0
2LBJ 53 1.5879 0
2LBJ 54 3.4892 0
2LBJ 55 4.4436 0
2LBJ 56 3.1315 1
2LBJ 57 3.4223 0
2LBJ 58 4.2602 0
2LBJ 59 3.9667 0
2LBJ 60 2.2689 1
2LBJ 61 2.778 0
2LBJ 62 0.0141 0
2LBJ 63 2.7762 1
2LBJ 64 0.6572 0
2LBJ 65 2.8802 0
2LBJ 66 2.2972 0
2LBJ 67 1.172 1
2LBJ 68 2.282 0
2LBJ 69 1.6604 0
2LBJ 70 2.4743 0
2LBJ 71 4.5067 0
2LBJ 72 2.4177 0
2LBJ 73 3.5021 1
2LBJ 74 2.7535 0
2LBJ 75 0.5281 0
2LBJ 76 4.5637 0
2LBJ 77 2.9059 0
2LBJ 78 3.456 0
2LBJ 79 2.8836 1
2LBJ 80 3.8996 0
2LBJ 81 0.1239 0
2LBJ 82 0.4458 0
2LBJ 83 0.395 0
2LBJ 84 2.4766 0
2LBJ 85 1.4114 0
2LBJ 86 0.6081 1
2LBJ 87 4.2636 0
2LBJ 88 0.9553 1
2LBJ 89 1.8797 0
2LBJ 90 0.2281 0
2LBJ 91 0.2266 0
2LBJ 92 2.2051 0
2LBJ 93 3.5761 0
2LBJ 94 4.6766 1
2LBJ 95 3.0043 0
2LBJ 96 2.4467 1
2LBJ 97 2.7347 0
2LBJ 98 1.4695 0
2LBJ 99 0.1373 0
2LBJ 100 3.3478 0
