2LBL 1 1.2094 0.292270802003844
2LBL 2 4.1502 0.288871630704938
2LBL 3 1.3799 0.624651930345697
2LBL 4 4.5105 0.492021228531342
2LBL 5 2.2305 0.468939008042689
2LBL 6 1.5739 0.351347464318013
2LBL 7 3.9647 0.0636945088218315
2LBL 8 2.0387 0.454809872933278
2LBL 9 3.8677 0.410077344019756
2LBL 10 3.4929 0.151437385579548
2LBL 11 4.4268 0.471594261199729
2LBL 12 3.3098 0.455370058578627
2LBL 13 3.8929 0.456608585464204
2LBL 14 2.3166 0.352511297106126
2LBL 15 0.7578 0.443792719273382
2LBL 16 1.8503 0.456118424028608
2LBL 17 3.5835 0.468192153646962
2LBL 18 1.2122 0.40831646973984
2LBL 19 4.1158 0.188808303849628
2LBL 20 0.9647 0.35378821512235
2LBL 21 4.1547 0.21088144830455
2LBL 22 3.803 0.220271886353942
2LBL 23 3.4561 0.480765049459534
2LBL 24 3.151 0.240604284337655
2LBL 25 2.2759 0.489321024375664
2LBL 26 2.1056 0.393760937648193
2LBL 27 3.4 0.271564569218995
2LBL 28 1.8161 0.488714080713054
2LBL 29 1.041 0.341692697781724
2LBL 30 3.4466 0.30807320495117
2LBL 31 3.5343 0.313850478749248
2LBL 32 2.1576 0.682424726658615
2LBL 33 3.1414 0.444397108957271
2LBL 34 2.5685 0.41702360008064
2LBL 35 3.0303 0.357639841121697
2LBL 36 4.094 0.372400327819321
2LBL 37 3.7035 0.428469968853935
2LBL 38 3.5335 0.387319913776291
2LBL 39 2.1257 0.436121307372515
2LBL 40 3.8153 0.407713818425124
2LBL 41 1.6673 0.420053235294245
2LBL 42 0.1044 0.466233093797698
2LBL 43 2.5344 0.470382339586029
2LBL 44 0.5359 0.45916023423997
2LBL 45 1.4517 0.469682884455242
2LBL 46 3.4103 0.470559722569932
2LBL 47 3.1849 0.491413143115961
2LBL 48 3.0246 0.495140519603226
2LBL 49 0.3914 0.44331710053688
2LBL 50 1.7276 0.474718621325915
2LBL 51 3.7946 0.346041146463255
2LBL 52 4.2463 0.491949059308389
2LBL 53 1.5808 0.492129524713861
2LBL 54 3.5819 0.445412261896894
2LBL 55 4.2747 0.487082355355243
2LBL 56 3.0909 0.643259623551747
2LBL 57 3.5401 0.61002679624178
2LBL 58 4.2987 0.638259681603056
2LBL 59 3.8211 0.487891117081225
2LBL 60 2.2109 0.616495619385567
2LBL 61 2.7844 0.496095404435581
2LBL 62 0.014 0.646669531480347
2LBL 63 2.8821 0.492413309337044
2LBL 64 0.6654 0.494782988434117
2LBL 65 2.7725 0.49619731210634
2LBL 66 2.2941 0.623714649735903
2LBL 67 1.1462 0.699137146918714
2LBL 68 2.306 0.492460927558216
2LBL 69 1.6804 0.495838358864305
2LBL 70 2.5462 0.480295610769941
2LBL 71 4.2272 0.420008986077859
2LBL 72 2.3877 0.751359489554165
2LBL 73 3.4639 0.398212429607563
2LBL 74 2.9973 0.731916151088284
2LBL 75 0.5312 0.485987285102098
2LBL 76 4.5089 0.604105190601647
2LBL 77 2.7811 0.479914071176586
2LBL 78 3.4923 0.496278078784502
2LBL 79 2.9379 0.703139543791259
2LBL 80 3.7136 0.834451832865616
2LBL 81 0.1243 0.844562489465829
2LBL 82 0.4489 0.495659363027282
2LBL 83 0.3949 0.863704798212017
2LBL 84 2.5517 0.647662919660932
2LBL 85 1.3987 0.88647395960039
2LBL 86 0.6141 0.894756278575073
2LBL 87 4.4088 0.476310816385558
2LBL 88 0.9578 0.446091815938689
2LBL 89 1.849 0.928242373475747
2LBL 90 0.2283 0.496321243461661
2LBL 91 0.2273 0.947408234641847
2LBL 92 2.2361 0.496387020991199
2LBL 93 3.3864 0.496434536708437
2LBL 94 4.4421 0.708003999061539
2LBL 95 3.0208 0.496313544449349
2LBL 96 2.482 1
2LBL 97 2.5665 0.470794999212014
2LBL 98 1.4683 0.495881569744515
2LBL 99 0.1398 0.496387818969314
2LBL 100 3.4414 0.486339452807161
