2LBL 1 1.2094 0.480338162376755
2LBL 2 4.1502 0.46112275577969
2LBL 3 1.3799 0.783630906900996
2LBL 4 4.5105 0.467172120634825
2LBL 5 2.2305 0.319238957577263
2LBL 6 1.5739 0.480721421106096
2LBL 7 3.9647 0.0626238457386876
2LBL 8 2.0387 0.464959863146469
2LBL 9 3.8677 0.0848259801266509
2LBL 10 3.4929 0.137080513503944
2LBL 11 4.4268 0.453852396398443
2LBL 12 3.3098 0.707760279415713
2LBL 13 3.8929 0.443946306126147
2LBL 14 2.3166 0.1356590824599
2LBL 15 0.7578 0.444741341985862
2LBL 16 1.8503 0.451376918417771
2LBL 17 3.5835 0.382354590404776
2LBL 18 1.2122 0.460104558772029
2LBL 19 4.1158 0.189705817160454
2LBL 20 0.9647 0.473400331279439
2LBL 21 4.1547 0.398533952259265
2LBL 22 3.803 0.402489187316593
2LBL 23 3.4561 0.350315906529605
2LBL 24 3.151 0.2605492066215
2LBL 25 2.2759 0.402779295255635
2LBL 26 2.1056 0.415732380963713
2LBL 27 3.4 0.271238465619312
2LBL 28 1.8161 0.353166550599674
2LBL 29 1.041 0.447129059091898
2LBL 30 3.4466 0.329637829043867
2LBL 31 3.5343 0.314578855134072
2LBL 32 2.1576 0.4536232706176
2LBL 33 3.1414 0.420117737504148
2LBL 34 2.5685 0.440484520177747
2LBL 35 3.0303 0.355809597485758
2LBL 36 4.094 0.460239306663616
2LBL 37 3.7035 0.679628523284575
2LBL 38 3.5335 0.386411379550312
2LBL 39 2.1257 0.410966390753725
2LBL 40 3.8153 0.390378963261682
2LBL 41 1.6673 0.385518315570273
2LBL 42 0.1044 0.437409984913517
2LBL 43 2.5344 0.447801586983779
2LBL 44 0.5359 0.458229877759509
2LBL 45 1.4517 0.468651660250907
2LBL 46 3.4103 0.46936067492058
2LBL 47 3.1849 0.483794387547611
2LBL 48 3.0246 0.483748285905855
2LBL 49 0.3914 0.58294656158019
2LBL 50 1.7276 0.424790048805298
2LBL 51 3.7946 0.450338699504373
2LBL 52 4.2463 0.483765247830652
2LBL 53 1.5808 0.483542428406465
2LBL 54 3.5819 0.423951878087377
2LBL 55 4.2747 0.463498186363277
2LBL 56 3.0909 0.433487306810744
2LBL 57 3.5401 0.483849141013645
2LBL 58 4.2987 0.604496143383313
2LBL 59 3.8211 0.465123020708802
2LBL 60 2.2109 0.48125589259908
2LBL 61 2.7844 0.482337867686611
2LBL 62 0.014 0.831692334418451
2LBL 63 2.8821 0.479549060084139
2LBL 64 0.6654 0.672136804571568
2LBL 65 2.7725 0.484263574269605
2LBL 66 2.2941 0.678198176356984
2LBL 67 1.1462 0.702574000047158
2LBL 68 2.306 0.68652317292499
2LBL 69 1.6804 0.768130006505488
2LBL 70 2.5462 0.483692445136949
2LBL 71 4.2272 0.417097147995248
2LBL 72 2.3877 0.484163387076436
2LBL 73 3.4639 0.650529859775519
2LBL 74 2.9973 0.390631512652959
2LBL 75 0.5312 0.752175374621661
2LBL 76 4.5089 0.473361328172145
2LBL 77 2.7811 0.422594178524507
2LBL 78 3.4923 0.380929074208514
2LBL 79 2.9379 0.329295033514247
2LBL 80 3.7136 0.484308557542693
2LBL 81 0.1243 0.844170998817853
2LBL 82 0.4489 0.844448540642278
2LBL 83 0.3949 0.484310499154964
2LBL 84 2.5517 0.793696846228316
2LBL 85 1.3987 0.48361850854168
2LBL 86 0.6141 0.48426894865237
2LBL 87 4.4088 0.407392643675347
2LBL 88 0.9578 0.480720582329595
2LBL 89 1.849 0.483673992053928
2LBL 90 0.2283 0.937017095787313
2LBL 91 0.2273 0.948499060710115
2LBL 92 2.2361 0.484006955259009
2LBL 93 3.3864 0.484298616487867
2LBL 94 4.4421 0.297121461951405
2LBL 95 3.0208 0.484356305671654
2LBL 96 2.482 1
2LBL 97 2.5665 0.765146695952186
2LBL 98 1.4683 0.484259489117387
2LBL 99 0.1398 0.484073995247492
2LBL 100 3.4414 0.465294721365126
