2LBL 1 1.2094 0
2LBL 2 4.1502 0
2LBL 3 1.3799 0
2LBL 4 4.5105 0
2LBL 5 2.2305 1
2LBL 6 1.5739 0
2LBL 7 3.9647 0
2LBL 8 2.0387 0
2LBL 9 3.8677 0
2LBL 10 3.4929 0
2LBL 11 4.4268 0
2LBL 12 3.3098 1
2LBL 13 3.8929 0
2LBL 14 2.3166 0
2LBL 15 0.7578 0
2LBL 16 1.8503 0
2LBL 17 3.5835 0
2LBL 18 1.2122 1
2LBL 19 4.1158 1
2LBL 20 0.9647 0
2LBL 21 4.1547 0
2LBL 22 3.803 0
2LBL 23 3.4561 0
2LBL 24 3.151 0
2LBL 25 2.2759 0
2LBL 26 2.1056 1
2LBL 27 3.4 0
2LBL 28 1.8161 0
2LBL 29 1.041 0
2LBL 30 3.4466 0
2LBL 31 3.5343 1
2LBL 32 2.1576 0
2LBL 33 3.1414 0
2LBL 34 2.5685 0
2LBL 35 3.0303 0
2LBL 36 4.094 1
2LBL 37 3.7035 0
2LBL 38 3.5335 1
2LBL 39 2.1257 1
2LBL 40 3.8153 0
2LBL 41 1.6673 1
2LBL 42 0.1044 0
2LBL 43 2.5344 0
2LBL 44 0.5359 0
2LBL 45 1.4517 0
2LBL 46 3.4103 0
2LBL 47 3.1849 0
2LBL 48 3.0246 1
2LBL 49 0.3914 0
2LBL 50 1.7276 0
2LBL 51 3.7946 0
2LBL 52 4.2463 0
2LBL 53 1.5808 1
2LBL 54 3.5819 0
2LBL 55 4.2747 0
2LBL 56 3.0909 0
2LBL 57 3.5401 0
2LBL 58 4.2987 1
2LBL 59 3.8211 0
2LBL 60 2.2109 0
2LBL 61 2.7844 1
2LBL 62 0.014 0
2LBL 63 2.8821 0
2LBL 64 0.6654 0
2LBL 65 2.7725 1
2LBL 66 2.2941 0
2LBL 67 1.1462 0
2LBL 68 2.306 1
2LBL 69 1.6804 0
2LBL 70 2.5462 0
2LBL 71 4.2272 0
2LBL 72 2.3877 0
2LBL 73 3.4639 0
2LBL 74 2.9973 0
2LBL 75 0.5312 0
2LBL 76 4.5089 1
2LBL 77 2.7811 0
2LBL 78 3.4923 0
2LBL 79 2.9379 0
2LBL 80 3.7136 0
2LBL 81 0.1243 0
2LBL 82 0.4489 0
2LBL 83 0.3949 1
2LBL 84 2.5517 0
2LBL 85 1.3987 0
2LBL 86 0.6141 0
2LBL 87 4.4088 0
2LBL 88 0.9578 0
2LBL 89 1.849 0
2LBL 90 0.2283 0
2LBL 91 0.2273 0
2LBL 92 2.2361 0
2LBL 93 3.3864 0
2LBL 94 4.4421 0
2LBL 95 3.0208 0
2LBL 96 2.482 0
2LBL 97 2.5665 0
2LBL 98 1.4683 0
2LBL 99 0.1398 0
2LBL 100 3.4414 1
