2LDL 1 1.172 0
2LDL 2 3.7563 0
2LDL 3 1.4211 0
2LDL 4 4.6225 1
2LDL 5 2.1792 1
2LDL 6 1.5411 0
2LDL 7 3.8522 0
2LDL 8 2.077 0
2LDL 9 3.6626 0
2LDL 10 3.4646 0
2LDL 11 3.8402 0
2LDL 12 3.1956 0
2LDL 13 3.6837 0
2LDL 14 2.3858 0
2LDL 15 0.7428 0
2LDL 16 1.8134 0
2LDL 17 3.3982 0
2LDL 18 1.215 0
2LDL 19 3.77 1
2LDL 20 0.9434 0
2LDL 21 4.0639 0
2LDL 22 4.0133 1
2LDL 23 3.6308 1
2LDL 24 3.104 1
2LDL 25 2.2847 0
2LDL 26 2.1728 0
2LDL 27 3.479 0
2LDL 28 1.8266 0
2LDL 29 1.0081 1
2LDL 30 3.3943 0
2LDL 31 3.2743 0
2LDL 32 2.1113 1
2LDL 33 3.0875 0
2LDL 34 2.593 0
2LDL 35 2.7849 0
2LDL 36 4.0642 0
2LDL 37 3.7407 0
2LDL 38 3.5415 0
2LDL 39 2.0436 0
2LDL 40 3.6349 0
2LDL 41 1.6394 0
2LDL 42 0.104 0
2LDL 43 2.452 0
2LDL 44 0.5388 0
2LDL 45 1.4433 0
2LDL 46 3.2153 0
2LDL 47 3.2425 0
2LDL 48 2.876 0
2LDL 49 0.391 0
2LDL 50 1.6556 0
2LDL 51 3.6471 1
2LDL 52 3.9362 0
2LDL 53 1.5414 0
2LDL 54 3.3969 1
2LDL 55 4.5141 0
2LDL 56 3.0129 0
2LDL 57 3.5023 1
2LDL 58 3.9938 0
2LDL 59 3.5739 0
2LDL 60 2.1583 0
2LDL 61 2.6428 1
2LDL 62 0.0141 0
2LDL 63 2.7518 0
2LDL 64 0.6366 1
2LDL 65 2.8035 0
2LDL 66 2.2894 0
2LDL 67 1.1311 0
2LDL 68 2.1775 0
2LDL 69 1.6737 0
2LDL 70 2.4108 0
2LDL 71 4.2342 0
2LDL 72 2.3265 0
2LDL 73 3.4659 0
2LDL 74 3.0531 0
2LDL 75 0.531 0
2LDL 76 4.5949 0
2LDL 77 2.7391 0
2LDL 78 3.5006 0
2LDL 79 2.7603 0
2LDL 80 3.5864 1
2LDL 81 0.1214 0
2LDL 82 0.4473 1
2LDL 83 0.3889 0
2LDL 84 2.5413 0
2LDL 85 1.3747 1
2LDL 86 0.6066 1
2LDL 87 3.9353 0
2LDL 88 0.9332 0
2LDL 89 1.912 0
2LDL 90 0.2294 0
2LDL 91 0.2257 1
2LDL 92 2.337 0
2LDL 93 3.471 1
2LDL 94 4.4322 0
2LDL 95 2.9325 0
2LDL 96 2.3436 0
2LDL 97 2.6409 0
2LDL 98 1.4284 0
2LDL 99 0.1381 0
2LDL 100 3.2537 0
