2LDL 1 1.172 0.462971094309925
2LDL 2 3.7563 0.0122250837723652
2LDL 3 1.4211 0.4284806876846
2LDL 4 4.6225 0.46114011900434
2LDL 5 2.1792 0.480306498796929
2LDL 6 1.5411 0.411853242198407
2LDL 7 3.8522 0.657046956410241
2LDL 8 2.077 0.257793857342388
2LDL 9 3.6626 0.697981971240431
2LDL 10 3.4646 0.490101923813194
2LDL 11 3.8402 0.274923392135909
2LDL 12 3.1956 0.439263719594186
2LDL 13 3.6837 0.432666003884284
2LDL 14 2.3858 0.484563127148621
2LDL 15 0.7428 0.454822735003869
2LDL 16 1.8134 0.333533810646453
2LDL 17 3.3982 0.738811790974575
2LDL 18 1.215 0.458338361777238
2LDL 19 3.77 0.18341789356038
2LDL 20 0.9434 0.38571068378274
2LDL 21 4.0639 0.203093267911469
2LDL 22 4.0133 0.214494114356138
2LDL 23 3.6308 0.493982670902329
2LDL 24 3.104 0.349933494408012
2LDL 25 2.2847 0.499735449736266
2LDL 26 2.1728 0.463033582974848
2LDL 27 3.479 0.444588118641458
2LDL 28 1.8266 0.479848226811555
2LDL 29 1.0081 0.473358375058279
2LDL 30 3.3943 0.293490575549016
2LDL 31 3.2743 0.304634253026884
2LDL 32 2.1113 0.386999850836373
2LDL 33 3.0875 0.323597135289052
2LDL 34 2.593 0.34735206710097
2LDL 35 2.7849 0.344760341611464
2LDL 36 4.0642 0.355411187768254
2LDL 37 3.7407 0.364105643719837
2LDL 38 3.5415 0.382109174257102
2LDL 39 2.0436 0.467131255815508
2LDL 40 3.6349 0.452408836113701
2LDL 41 1.6394 0.420993640039641
2LDL 42 0.104 0.428840301325342
2LDL 43 2.452 0.465957137109505
2LDL 44 0.5388 0.752631027664816
2LDL 45 1.4433 0.46686818751444
2LDL 46 3.2153 0.46431053470458
2LDL 47 3.2425 0.486283492231655
2LDL 48 2.876 0.477617673334708
2LDL 49 0.391 0.494215428556571
2LDL 50 1.6556 0.501349434416555
2LDL 51 3.6471 0.412790813911626
2LDL 52 3.9362 0.450500444783524
2LDL 53 1.5414 0.620479511670111
2LDL 54 3.3969 0.332754829586858
2LDL 55 4.5141 0.586961901454909
2LDL 56 3.0129 0.679633922472338
2LDL 57 3.5023 0.42750205470564
2LDL 58 3.9938 0.421982430816285
2LDL 59 3.5739 0.586768460885107
2LDL 60 2.1583 0.385908401896607
2LDL 61 2.6428 0.504535881583723
2LDL 62 0.0141 0.650498689523243
2LDL 63 2.7518 0.50245398128772
2LDL 64 0.6366 0.503487549636206
2LDL 65 2.8035 0.621530331638259
2LDL 66 2.2894 0.458401552951622
2LDL 67 1.1311 0.676210314806508
2LDL 68 2.1775 0.50215160001314
2LDL 69 1.6737 0.501598306511882
2LDL 70 2.4108 0.666078612568532
2LDL 71 4.2342 0.39996624564599
2LDL 72 2.3265 0.462128576377232
2LDL 73 3.4659 0.503470399821193
2LDL 74 3.0531 0.505256528971932
2LDL 75 0.531 0.504637439852758
2LDL 76 4.5949 0.447902014418953
2LDL 77 2.7391 0.504331315572655
2LDL 78 3.5006 0.505247672828353
2LDL 79 2.7603 0.503953538099631
2LDL 80 3.5864 0.496123006653438
2LDL 81 0.1214 0.817836932573924
2LDL 82 0.4473 0.828688707006568
2LDL 83 0.3889 0.837626223619866
2LDL 84 2.5413 0.505251013943311
2LDL 85 1.3747 0.441932405752846
2LDL 86 0.6066 0.505145328632329
2LDL 87 3.9353 0.750573759601675
2LDL 88 0.9332 0.505050377576215
2LDL 89 1.912 0.898085689406483
2LDL 90 0.2294 0.505140897652467
2LDL 91 0.2257 0.917521238270179
2LDL 92 2.337 0.847616073670284
2LDL 93 3.471 0.938807662615646
2LDL 94 4.4322 0.505248076308598
2LDL 95 2.9325 0.38543497871585
2LDL 96 2.3436 0.969735838434424
2LDL 97 2.6409 0.98004396864749
2LDL 98 1.4284 0.50446005436696
2LDL 99 0.1381 1
2LDL 100 3.2537 0.411771963977172
