2LDL 1 1.172 0.410663795875573
2LDL 2 3.7563 0.334914406534056
2LDL 3 1.4211 0.492469967232945
2LDL 4 4.6225 0.248701728189434
2LDL 5 2.1792 0.431277323304117
2LDL 6 1.5411 0.428809050431192
2LDL 7 3.8522 0.360962887980236
2LDL 8 2.077 0.44263377817862
2LDL 9 3.6626 0.825020390258771
2LDL 10 3.4646 0.262864020141807
2LDL 11 3.8402 0.17038102358141
2LDL 12 3.1956 0.589069626031234
2LDL 13 3.6837 0.432459923336824
2LDL 14 2.3858 0.570300125569991
2LDL 15 0.7428 0.464393819512367
2LDL 16 1.8134 0.453155705238048
2LDL 17 3.3982 0.319370394551697
2LDL 18 1.215 0.486602542342957
2LDL 19 3.77 0.183941317417683
2LDL 20 0.9434 0.462948458334635
2LDL 21 4.0639 0.385941513830841
2LDL 22 4.0133 0.379806765706384
2LDL 23 3.6308 0.383399548006426
2LDL 24 3.104 0.473985703810722
2LDL 25 2.2847 0.462711412167111
2LDL 26 2.1728 0.45825168080301
2LDL 27 3.479 0.458313740426417
2LDL 28 1.8266 0.46253672976229
2LDL 29 1.0081 0.463478801232531
2LDL 30 3.3943 0.297916469419661
2LDL 31 3.2743 0.306566145385092
2LDL 32 2.1113 0.378361891151526
2LDL 33 3.0875 0.326740632532485
2LDL 34 2.593 0.450214693449944
2LDL 35 2.7849 0.347354007891381
2LDL 36 4.0642 0.358141737488797
2LDL 37 3.7407 0.443015503409386
2LDL 38 3.5415 0.386632198965738
2LDL 39 2.0436 0.473387157675635
2LDL 40 3.6349 0.449307658826635
2LDL 41 1.6394 0.425441665763626
2LDL 42 0.104 0.484406367691453
2LDL 43 2.452 0.765657965373194
2LDL 44 0.5388 0.476322299575321
2LDL 45 1.4433 0.450512324165287
2LDL 46 3.2153 0.468486120192626
2LDL 47 3.2425 0.487715813823076
2LDL 48 2.876 0.47979336532899
2LDL 49 0.391 0.498553619955625
2LDL 50 1.6556 0.571434382661554
2LDL 51 3.6471 0.511201587144835
2LDL 52 3.9362 0.371262413179256
2LDL 53 1.5414 0.495631571252644
2LDL 54 3.3969 0.450324366080184
2LDL 55 4.5141 0.496732388228581
2LDL 56 3.0129 0.494286515214827
2LDL 57 3.5023 0.463967324977187
2LDL 58 3.9938 0.563388407992282
2LDL 59 3.5739 0.532456939730328
2LDL 60 2.1583 0.408152882673309
2LDL 61 2.6428 0.499471451523952
2LDL 62 0.0141 0.497608674369035
2LDL 63 2.7518 0.499276026819125
2LDL 64 0.6366 0.4993287645731
2LDL 65 2.8035 0.65314037053473
2LDL 66 2.2894 0.730363877424443
2LDL 67 1.1311 0.683410487896914
2LDL 68 2.1775 0.498903805941367
2LDL 69 1.6737 0.499211488460453
2LDL 70 2.4108 0.701591098645726
2LDL 71 4.2342 0.472858943752813
2LDL 72 2.3265 0.435664395790335
2LDL 73 3.4659 0.498950354460664
2LDL 74 3.0531 0.754979224092601
2LDL 75 0.531 0.765327502820816
2LDL 76 4.5949 0.371184355828865
2LDL 77 2.7391 0.499447013931496
2LDL 78 3.5006 0.497639301196171
2LDL 79 2.7603 0.499513270677191
2LDL 80 3.5864 0.815998843175773
2LDL 81 0.1214 0.499123303271496
2LDL 82 0.4473 0.499589655261453
2LDL 83 0.3889 0.84669843563824
2LDL 84 2.5413 0.499531914416054
2LDL 85 1.3747 0.806526881001942
2LDL 86 0.6066 0.876811632330506
2LDL 87 3.9353 0.491722332014819
2LDL 88 0.9332 0.499476682719848
2LDL 89 1.912 0.499480651737665
2LDL 90 0.2294 0.499565141634173
2LDL 91 0.2257 0.499204478049674
2LDL 92 2.337 0.420738197167484
2LDL 93 3.471 0.499580743980072
2LDL 94 4.4322 0.499534393151318
2LDL 95 2.9325 0.757294758210932
2LDL 96 2.3436 0.499526272632108
2LDL 97 2.6409 0.989851677652127
2LDL 98 1.4284 1
2LDL 99 0.1381 0.499511111288188
2LDL 100 3.2537 0.490181988134857
