2LDT 1 1.1868 0.627462717927548
2LDT 2 4.3167 0.404016221453945
2LDT 3 1.4119 0.503015519602587
2LDT 4 4.603 0.455882030737572
2LDT 5 2.2086 0.4420405755769
2LDT 6 1.5612 0.472860744025769
2LDT 7 4.3085 0.31615028700571
2LDT 8 2.0143 0.727594728240119
2LDT 9 3.7248 0.443535877048147
2LDT 10 3.471 0.447881588856798
2LDT 11 4.8006 0.50417659410579
2LDT 12 3.2686 0.3797905636248
2LDT 13 3.8444 0.12456692263443
2LDT 14 2.387 0.136285307046329
2LDT 15 0.7492 0.477152458451818
2LDT 16 1.8829 0.423085602306506
2LDT 17 3.5586 0.484315616862728
2LDT 18 1.2397 0.470680896060733
2LDT 19 4.2705 0.48474699678646
2LDT 20 0.9509 0.362588631834685
2LDT 21 4.1321 0.208665188207147
2LDT 22 4.0434 0.218186336542141
2LDT 23 3.8474 0.488732979659303
2LDT 24 3.312 0.429973559177639
2LDT 25 2.2934 0.249813985472726
2LDT 26 2.1821 0.395846126164432
2LDT 27 3.5894 0.461169777466613
2LDT 28 1.853 0.280182147620141
2LDT 29 1.0249 0.291832382520033
2LDT 30 3.5407 0.496604246880837
2LDT 31 3.768 0.489663156089562
2LDT 32 2.2412 0.435926698974437
2LDT 33 3.2705 0.496700465843021
2LDT 34 2.638 0.460923135768461
2LDT 35 3.1188 0.460686786734931
2LDT 36 4.2125 0.398306504789973
2LDT 37 4.2236 0.447461417751242
2LDT 38 3.8368 0.398786168848825
2LDT 39 2.238 0.404373508998239
2LDT 40 3.9963 0.404699748906734
2LDT 41 1.7049 0.416078834943425
2LDT 42 0.1054 0.484814676639072
2LDT 43 2.6199 0.445884135450725
2LDT 44 0.5426 0.470259087603168
2LDT 45 1.518 0.49729818490154
2LDT 46 3.6061 0.427758348357531
2LDT 47 3.4649 0.4787747180241
2LDT 48 3.0497 0.497499842874746
2LDT 49 0.3904 0.40815124494919
2LDT 50 1.7566 0.508874128035798
2LDT 51 3.9524 0.5090244846348
2LDT 52 4.1813 0.507904911894032
2LDT 53 1.5949 0.502165428918386
2LDT 54 3.644 0.507180750563057
2LDT 55 4.5726 0.562603779151982
2LDT 56 3.1807 0.498218422711694
2LDT 57 3.5981 0.58905322852667
2LDT 58 4.6209 0.635911198486028
2LDT 59 3.8285 0.450441655158288
2LDT 60 2.2813 0.67312457094405
2LDT 61 2.825 0.712937563072769
2LDT 62 0.0142 0.495585411104216
2LDT 63 2.8567 0.477147829241886
2LDT 64 0.6532 0.642280205747571
2LDT 65 2.8304 0.495638767197216
2LDT 66 2.3726 0.483337182840119
2LDT 67 1.1617 0.502861494544207
2LDT 68 2.2778 0.700564725371593
2LDT 69 1.693 0.506154184864233
2LDT 70 2.5387 0.509303112321086
2LDT 71 4.5957 0.509374968447969
2LDT 72 2.4941 0.509248595226465
2LDT 73 3.5364 0.399873263204728
2LDT 74 2.8355 0.448242194633306
2LDT 75 0.5317 0.725543873642522
2LDT 76 4.6447 0.787891759456764
2LDT 77 2.9484 0.607400675215043
2LDT 78 3.4917 0.491526950846279
2LDT 79 2.9021 0.677358883762374
2LDT 80 3.8501 0.507487539768381
2LDT 81 0.124 0.782768149977734
2LDT 82 0.4557 0.503240929253055
2LDT 83 0.3944 0.452714089150037
2LDT 84 2.5518 0.871214256048304
2LDT 85 1.4326 0.881587100487349
2LDT 86 0.6179 0.807291947592515
2LDT 87 4.2156 0.508988958176003
2LDT 88 0.9628 0.506780773503855
2LDT 89 1.9517 0.509369579720406
2LDT 90 0.23 0.505922968367312
2LDT 91 0.2282 0.923023398262545
2LDT 92 2.3024 0.509451845227321
2LDT 93 3.8031 0.499519474776646
2LDT 94 4.6466 0.505634666642852
2LDT 95 3.0219 0.509199629252575
2LDT 96 2.4867 0.993982061603719
2LDT 97 2.6888 0.793639847886441
2LDT 98 1.4468 0.509203373665975
2LDT 99 0.1384 1
2LDT 100 3.4435 0.509407080631174
