2LDT 1 1.1868 0.400896525481551
2LDT 2 4.3167 0.48997592126409
2LDT 3 1.4119 0.471143798504064
2LDT 4 4.603 0.169292245807171
2LDT 5 2.2086 0.397222377436538
2LDT 6 1.5612 0.47863066931419
2LDT 7 4.3085 0.498575878022192
2LDT 8 2.0143 0.355945172305543
2LDT 9 3.7248 0.484743347287506
2LDT 10 3.471 0.463504686521558
2LDT 11 4.8006 0.717285347479023
2LDT 12 3.2686 0.493971494948677
2LDT 13 3.8444 0.126042629950956
2LDT 14 2.387 0.333736317668235
2LDT 15 0.7492 0.370710686889247
2LDT 16 1.8829 0.422253152578765
2LDT 17 3.5586 0.496159074647001
2LDT 18 1.2397 0.349499436678155
2LDT 19 4.2705 0.445518548217744
2LDT 20 0.9509 0.198236518270012
2LDT 21 4.1321 0.210802883261134
2LDT 22 4.0434 0.2204810765139
2LDT 23 3.8474 0.483272899142483
2LDT 24 3.312 0.381253314308803
2LDT 25 2.2934 0.250837171147498
2LDT 26 2.1821 0.413086566073088
2LDT 27 3.5894 0.274200468280987
2LDT 28 1.853 0.282837899072442
2LDT 29 1.0249 0.292613621098294
2LDT 30 3.5407 0.326298847977087
2LDT 31 3.768 0.47804712733192
2LDT 32 2.2412 0.445189373078524
2LDT 33 3.2705 0.466677928030412
2LDT 34 2.638 0.447217862848268
2LDT 35 3.1188 0.466888437985693
2LDT 36 4.2125 0.424432610056018
2LDT 37 4.2236 0.465389150520349
2LDT 38 3.8368 0.442912976970444
2LDT 39 2.238 0.464774921140688
2LDT 40 3.9963 0.407454698739055
2LDT 41 1.7049 0.420580751541195
2LDT 42 0.1054 0.4292341938239
2LDT 43 2.6199 0.454655643140604
2LDT 44 0.5426 0.490414148480475
2LDT 45 1.518 0.482975778045882
2LDT 46 3.6061 0.461966201186267
2LDT 47 3.4649 0.480345902255608
2LDT 48 3.0497 0.500143187147745
2LDT 49 0.3904 0.500499415650455
2LDT 50 1.7566 0.500866173533443
2LDT 51 3.9524 0.504145687238829
2LDT 52 4.1813 0.485883890380517
2LDT 53 1.5949 0.504436052759587
2LDT 54 3.644 0.628641414562294
2LDT 55 4.5726 0.544210087910386
2LDT 56 3.1807 0.487992515256808
2LDT 57 3.5981 0.625470254081401
2LDT 58 4.6209 0.504088365789553
2LDT 59 3.8285 0.572654447760871
2LDT 60 2.2813 0.624613817895207
2LDT 61 2.825 0.626252813774989
2LDT 62 0.0142 0.63291451040851
2LDT 63 2.8567 0.470520064728045
2LDT 64 0.6532 0.500983813733461
2LDT 65 2.8304 0.665233977272752
2LDT 66 2.3726 0.480849122770617
2LDT 67 1.1617 0.365185029631509
2LDT 68 2.2778 0.494769740002268
2LDT 69 1.693 0.718539943328328
2LDT 70 2.5387 0.505227464587038
2LDT 71 4.5957 0.739945924954342
2LDT 72 2.4941 0.505222494968028
2LDT 73 3.5364 0.447928021404895
2LDT 74 2.8355 0.719610787514714
2LDT 75 0.5317 0.439059441209205
2LDT 76 4.6447 0.791711883728806
2LDT 77 2.9484 0.713212418568522
2LDT 78 3.4917 0.492939336140278
2LDT 79 2.9021 0.359291527386623
2LDT 80 3.8501 0.833406070954916
2LDT 81 0.124 0.488964044713277
2LDT 82 0.4557 0.505089060697591
2LDT 83 0.3944 0.504649466835977
2LDT 84 2.5518 0.504756065163757
2LDT 85 1.4326 0.885812287488608
2LDT 86 0.6179 0.493067816321763
2LDT 87 4.2156 0.505161026992889
2LDT 88 0.9628 0.505199681310757
2LDT 89 1.9517 0.927069847094452
2LDT 90 0.23 0.503648414736573
2LDT 91 0.2282 0.487903621196754
2LDT 92 2.3024 0.505247125642249
2LDT 93 3.8031 0.48849540964057
2LDT 94 4.6466 0.809863059973952
2LDT 95 3.0219 0.990019017178948
2LDT 96 2.4867 1
2LDT 97 2.6888 0.903412441695886
2LDT 98 1.4468 0.505103022220999
2LDT 99 0.1384 0.991762437178192
2LDT 100 3.4435 0.505218068901096
