2LDT 1 1.1868 0
2LDT 2 4.3167 1
2LDT 3 1.4119 0
2LDT 4 4.603 0
2LDT 5 2.2086 0
2LDT 6 1.5612 0
2LDT 7 4.3085 0
2LDT 8 2.0143 0
2LDT 9 3.7248 0
2LDT 10 3.471 0
2LDT 11 4.8006 0
2LDT 12 3.2686 0
2LDT 13 3.8444 0
2LDT 14 2.387 0
2LDT 15 0.7492 0
2LDT 16 1.8829 1
2LDT 17 3.5586 1
2LDT 18 1.2397 0
2LDT 19 4.2705 0
2LDT 20 0.9509 1
2LDT 21 4.1321 0
2LDT 22 4.0434 0
2LDT 23 3.8474 0
2LDT 24 3.312 0
2LDT 25 2.2934 0
2LDT 26 2.1821 0
2LDT 27 3.5894 0
2LDT 28 1.853 0
2LDT 29 1.0249 0
2LDT 30 3.5407 0
2LDT 31 3.768 0
2LDT 32 2.2412 1
2LDT 33 3.2705 1
2LDT 34 2.638 0
2LDT 35 3.1188 0
2LDT 36 4.2125 1
2LDT 37 4.2236 0
2LDT 38 3.8368 0
2LDT 39 2.238 0
2LDT 40 3.9963 0
2LDT 41 1.7049 0
2LDT 42 0.1054 0
2LDT 43 2.6199 1
2LDT 44 0.5426 0
2LDT 45 1.518 0
2LDT 46 3.6061 0
2LDT 47 3.4649 1
2LDT 48 3.0497 0
2LDT 49 0.3904 0
2LDT 50 1.7566 1
2LDT 51 3.9524 1
2LDT 52 4.1813 0
2LDT 53 1.5949 0
2LDT 54 3.644 1
2LDT 55 4.5726 1
2LDT 56 3.1807 0
2LDT 57 3.5981 0
2LDT 58 4.6209 0
2LDT 59 3.8285 0
2LDT 60 2.2813 0
2LDT 61 2.825 0
2LDT 62 0.0142 0
2LDT 63 2.8567 0
2LDT 64 0.6532 0
2LDT 65 2.8304 0
2LDT 66 2.3726 0
2LDT 67 1.1617 0
2LDT 68 2.2778 1
2LDT 69 1.693 0
2LDT 70 2.5387 0
2LDT 71 4.5957 0
2LDT 72 2.4941 1
2LDT 73 3.5364 0
2LDT 74 2.8355 0
2LDT 75 0.5317 1
2LDT 76 4.6447 0
2LDT 77 2.9484 0
2LDT 78 3.4917 0
2LDT 79 2.9021 0
2LDT 80 3.8501 0
2LDT 81 0.124 1
2LDT 82 0.4557 0
2LDT 83 0.3944 0
2LDT 84 2.5518 1
2LDT 85 1.4326 1
2LDT 86 0.6179 0
2LDT 87 4.2156 0
2LDT 88 0.9628 0
2LDT 89 1.9517 1
2LDT 90 0.23 1
2LDT 91 0.2282 0
2LDT 92 2.3024 0
2LDT 93 3.8031 0
2LDT 94 4.6466 0
2LDT 95 3.0219 0
2LDT 96 2.4867 0
2LDT 97 2.6888 0
2LDT 98 1.4468 0
2LDT 99 0.1384 0
2LDT 100 3.4435 1
