2LHP 1 1.1769 0
2LHP 2 3.9211 1
2LHP 3 1.4464 0
2LHP 4 4.4185 0
2LHP 5 2.1551 0
2LHP 6 1.5361 0
2LHP 7 4.0922 0
2LHP 8 1.9923 0
2LHP 9 3.6464 0
2LHP 10 3.3817 0
2LHP 11 4.4585 0
2LHP 12 3.2242 0
2LHP 13 3.8695 0
2LHP 14 2.3257 0
2LHP 15 0.7339 1
2LHP 16 1.8679 0
2LHP 17 3.5649 0
2LHP 18 1.2039 0
2LHP 19 4.0067 1
2LHP 20 0.9402 1
2LHP 21 4.0898 0
2LHP 22 3.9283 0
2LHP 23 3.4673 1
2LHP 24 3.1955 0
2LHP 25 2.2425 0
2LHP 26 2.1275 1
2LHP 27 3.3952 1
2LHP 28 1.7717 0
2LHP 29 1.0436 0
2LHP 30 3.3657 0
2LHP 31 3.4707 0
2LHP 32 2.1428 0
2LHP 33 3.0726 0
2LHP 34 2.5808 0
2LHP 35 2.9684 1
2LHP 36 4.2721 0
2LHP 37 3.9528 0
2LHP 38 3.7841 0
2LHP 39 2.1066 0
2LHP 40 3.9431 0
2LHP 41 1.6737 1
2LHP 42 0.1044 0
2LHP 43 2.5308 0
2LHP 44 0.5312 0
2LHP 45 1.3724 1
2LHP 46 3.3533 0
2LHP 47 3.3579 0
2LHP 48 3.0957 0
2LHP 49 0.3811 0
2LHP 50 1.7457 0
2LHP 51 3.966 0
2LHP 52 4.4533 0
2LHP 53 1.5548 0
2LHP 54 3.3669 0
2LHP 55 4.6854 0
2LHP 56 3.0959 0
2LHP 57 3.6211 0
2LHP 58 4.2672 0
2LHP 59 4.2743 0
2LHP 60 2.1336 0
2LHP 61 2.8134 0
2LHP 62 0.0137 1
2LHP 63 2.8147 0
2LHP 64 0.6486 1
2LHP 65 2.884 1
2LHP 66 2.2515 0
2LHP 67 1.1274 0
2LHP 68 2.239 0
2LHP 69 1.6248 0
2LHP 70 2.5315 1
2LHP 71 4.5957 0
2LHP 72 2.3936 1
2LHP 73 3.4797 0
2LHP 74 2.7811 0
2LHP 75 0.4917 1
2LHP 76 4.596 0
2LHP 77 2.8443 0
2LHP 78 3.3851 0
2LHP 79 2.7485 0
2LHP 80 3.721 1
2LHP 81 0.1224 0
2LHP 82 0.448 1
2LHP 83 0.3819 0
2LHP 84 2.4965 0
2LHP 85 1.3443 0
2LHP 86 0.586 0
2LHP 87 4.1773 1
2LHP 88 0.9214 0
2LHP 89 1.9134 0
2LHP 90 0.2235 0
2LHP 91 0.2128 1
2LHP 92 2.3097 0
2LHP 93 3.6768 1
2LHP 94 4.8109 1
2LHP 95 3.0515 0
2LHP 96 2.4509 0
2LHP 97 2.7012 0
2LHP 98 1.4646 0
2LHP 99 0.1373 0
2LHP 100 3.3377 0
