2LHP 1 1.1769 0.408817076416384
2LHP 2 3.9211 0.313635617786169
2LHP 3 1.4464 0.441140656430356
2LHP 4 4.4185 0.389039441960537
2LHP 5 2.1551 0.471091219784589
2LHP 6 1.5361 0.468032782396638
2LHP 7 4.0922 0.371589282796261
2LHP 8 1.9923 0.646350687356984
2LHP 9 3.6464 0.417425030819092
2LHP 10 3.3817 0.458033089123143
2LHP 11 4.4585 0.107465824267127
2LHP 12 3.2242 0.45886129788997
2LHP 13 3.8695 0.342531590635477
2LHP 14 2.3257 0.412859874813891
2LHP 15 0.7339 0.359315637825706
2LHP 16 1.8679 0.231054587932927
2LHP 17 3.5649 0.421119891657226
2LHP 18 1.2039 0.338143871519584
2LHP 19 4.0067 0.439648019177171
2LHP 20 0.9402 0.201974669990266
2LHP 21 4.0898 0.209285351923966
2LHP 22 3.9283 0.482480036607209
2LHP 23 3.4673 0.821658529377951
2LHP 24 3.1955 0.239916827340278
2LHP 25 2.2425 0.250572895903009
2LHP 26 2.1275 0.449724376125744
2LHP 27 3.3952 0.272365662695687
2LHP 28 1.7717 0.283685984349973
2LHP 29 1.0436 0.293613299730945
2LHP 30 3.3657 0.456616937380606
2LHP 31 3.4707 0.476451227525214
2LHP 32 2.1428 0.327555535519571
2LHP 33 3.0726 0.382375907927449
2LHP 34 2.5808 0.345429853954447
2LHP 35 2.9684 0.465592574479762
2LHP 36 4.2721 0.379183166896278
2LHP 37 3.9528 0.412737627942036
2LHP 38 3.7841 0.855549359102694
2LHP 39 2.1066 0.399675687688231
2LHP 40 3.9431 0.448636297156661
2LHP 41 1.6737 0.42406238442092
2LHP 42 0.1044 0.403249004404381
2LHP 43 2.5308 0.44114828887721
2LHP 44 0.5312 0.295805064717551
2LHP 45 1.3724 0.478139129087454
2LHP 46 3.3533 0.405412028440494
2LHP 47 3.3579 0.486286711627911
2LHP 48 3.0957 0.401378815677348
2LHP 49 0.3811 0.480805098394028
2LHP 50 1.7457 0.420534254033208
2LHP 51 3.966 0.528870072199016
2LHP 52 4.4533 0.413833083005165
2LHP 53 1.5548 0.560234101809407
2LHP 54 3.3669 0.487105514719353
2LHP 55 4.6854 0.696385679990148
2LHP 56 3.0959 0.575812049029675
2LHP 57 3.6211 0.486985214025124
2LHP 58 4.2672 0.483959805850544
2LHP 59 4.2743 0.338711932230591
2LHP 60 2.1336 0.476192546458257
2LHP 61 2.8134 0.922688424663031
2LHP 62 0.0137 0.690106732344064
2LHP 63 2.8147 0.438042046007449
2LHP 64 0.6486 0.61031085821417
2LHP 65 2.884 0.602764926108595
2LHP 66 2.2515 0.486926255813796
2LHP 67 1.1274 0.691757697363071
2LHP 68 2.239 0.425145570080919
2LHP 69 1.6248 0.351252846898897
2LHP 70 2.5315 0.487302039372955
2LHP 71 4.5957 0.427328806516759
2LHP 72 2.3936 0.745789783219838
2LHP 73 3.4797 0.281094427942964
2LHP 74 2.7811 0.468757172711144
2LHP 75 0.4917 0.762685088967425
2LHP 76 4.596 0.487305269418444
2LHP 77 2.8443 0.693699864569094
2LHP 78 3.3851 0.812425500439727
2LHP 79 2.7485 0.924783889812615
2LHP 80 3.721 0.26939598205344
2LHP 81 0.1224 0.318954042474718
2LHP 82 0.448 0.845964383718873
2LHP 83 0.3819 0.341936013646038
2LHP 84 2.4965 0.874244094221275
2LHP 85 1.3443 0.408623447067611
2LHP 86 0.586 0.729042995681087
2LHP 87 4.1773 0.48729714292386
2LHP 88 0.9214 0.484667518955011
2LHP 89 1.9134 0.487206308622437
2LHP 90 0.2235 0.889157349932098
2LHP 91 0.2128 0.435536939939822
2LHP 92 2.3097 0.486529600588208
2LHP 93 3.6768 0.487211161471054
2LHP 94 4.8109 0.48400286190351
2LHP 95 3.0515 0.990569139194011
2LHP 96 2.4509 1
2LHP 97 2.7012 0.375143356755703
2LHP 98 1.4646 0.963678463549568
2LHP 99 0.1373 0.377700114710048
2LHP 100 3.3377 0.453606479050119
