2LHP 1 1.1769 0.405378071436409
2LHP 2 3.9211 0.498559205361368
2LHP 3 1.4464 0.460573292625919
2LHP 4 4.4185 0.505331261033018
2LHP 5 2.1551 0.5113746570467
2LHP 6 1.5361 0.746535630638708
2LHP 7 4.0922 0.494409316485888
2LHP 8 1.9923 0.501704134824456
2LHP 9 3.6464 0.504704580956619
2LHP 10 3.3817 0.493674204542978
2LHP 11 4.4585 0.109652384912906
2LHP 12 3.2242 0.516069318459999
2LHP 13 3.8695 0.404929260938998
2LHP 14 2.3257 0.346070283476419
2LHP 15 0.7339 0.843870691431127
2LHP 16 1.8679 0.35005507459678
2LHP 17 3.5649 0.470372955034331
2LHP 18 1.2039 0.32585126809969
2LHP 19 4.0067 0.383248621219583
2LHP 20 0.9402 0.225567849633061
2LHP 21 4.0898 0.21856711139224
2LHP 22 3.9283 0.470041275442527
2LHP 23 3.4673 0.790238843144344
2LHP 24 3.1955 0.251675929303163
2LHP 25 2.2425 0.262000114556675
2LHP 26 2.1275 0.501247767535102
2LHP 27 3.3952 0.28356204508183
2LHP 28 1.7717 0.295241823740648
2LHP 29 1.0436 0.386228926081196
2LHP 30 3.3657 0.399062405819965
2LHP 31 3.4707 0.499401407243604
2LHP 32 2.1428 0.337760951739605
2LHP 33 3.0726 0.357349026507556
2LHP 34 2.5808 0.359323135825509
2LHP 35 2.9684 0.913304801076584
2LHP 36 4.2721 0.397933842499897
2LHP 37 3.9528 0.501823454964624
2LHP 38 3.7841 0.489439514570093
2LHP 39 2.1066 0.415563986469543
2LHP 40 3.9431 0.493520956945991
2LHP 41 1.6737 0.393394398542372
2LHP 42 0.1044 0.446553587068874
2LHP 43 2.5308 0.459322542281287
2LHP 44 0.5312 0.468800198376027
2LHP 45 1.3724 0.488883014747325
2LHP 46 3.3533 0.486215117474941
2LHP 47 3.3579 0.510834958325131
2LHP 48 3.0957 0.478845568021995
2LHP 49 0.3811 0.497436558611717
2LHP 50 1.7457 0.537114210715639
2LHP 51 3.966 0.518870594578011
2LHP 52 4.4533 0.501793667682583
2LHP 53 1.5548 0.50444687552744
2LHP 54 3.3669 0.521185571330289
2LHP 55 4.6854 0.610311162489476
2LHP 56 3.0959 0.602644383836699
2LHP 57 3.6211 0.625598658719305
2LHP 58 4.2672 0.520758918017917
2LHP 59 4.2743 0.477604979839328
2LHP 60 2.1336 0.522066645379828
2LHP 61 2.8134 0.706287764657573
2LHP 62 0.0137 0.513004477117501
2LHP 63 2.8147 0.501892904866456
2LHP 64 0.6486 0.686424917538781
2LHP 65 2.884 0.642932976911194
2LHP 66 2.2515 0.718289382225016
2LHP 67 1.1274 0.478944888602163
2LHP 68 2.239 0.517300721148561
2LHP 69 1.6248 0.521895179633328
2LHP 70 2.5315 0.76123128796109
2LHP 71 4.5957 0.471691882529232
2LHP 72 2.3936 0.503643405574669
2LHP 73 3.4797 0.757817419504006
2LHP 74 2.7811 0.52044503214586
2LHP 75 0.4917 0.507109466341782
2LHP 76 4.596 0.827337375554388
2LHP 77 2.8443 0.714540275469077
2LHP 78 3.3851 0.522880528613199
2LHP 79 2.7485 0.510040995139533
2LHP 80 3.721 0.469172682307865
2LHP 81 0.1224 0.459724871796072
2LHP 82 0.448 0.51925809567079
2LHP 83 0.3819 0.516566864322996
2LHP 84 2.4965 0.913447325775337
2LHP 85 1.3443 0.900907207860781
2LHP 86 0.586 0.521646218060779
2LHP 87 4.1773 0.946465060772507
2LHP 88 0.9214 0.956369925700148
2LHP 89 1.9134 0.522445103117138
2LHP 90 0.2235 0.822903492670399
2LHP 91 0.2128 0.477294502912953
2LHP 92 2.3097 1
2LHP 93 3.6768 0.52198929579855
2LHP 94 4.8109 0.521325996752784
2LHP 95 3.0515 0.52278583679636
2LHP 96 2.4509 0.522698189072811
2LHP 97 2.7012 0.470412207370143
2LHP 98 1.4646 0.468725963471646
2LHP 99 0.1373 0.496340251536897
2LHP 100 3.3377 0.460604972092204
