2LI4 1 1.2017 0.423646927818235
2LI4 2 4.1858 0.652751140525542
2LI4 3 1.4402 0.47890464618898
2LI4 4 4.7442 0.446121574722172
2LI4 5 2.2174 0.475826783407182
2LI4 6 1.5451 0.472732363111763
2LI4 7 4.0187 0.478301117359194
2LI4 8 2.0489 0.467511301733672
2LI4 9 3.8064 0.469906293870419
2LI4 10 3.7331 0.477279384518734
2LI4 11 4.7135 0.444575490783722
2LI4 12 3.3275 0.474455537862551
2LI4 13 3.9679 0.458081812643798
2LI4 14 2.351 0.131696956748388
2LI4 15 0.7586 0.472480599404666
2LI4 16 1.8282 0.413335027669172
2LI4 17 3.5539 0.473192557573645
2LI4 18 1.2275 0.441669662060103
2LI4 19 4.4536 0.392564954417389
2LI4 20 0.9455 0.411869866713955
2LI4 21 4.3676 0.337828812642351
2LI4 22 3.9629 0.210539078185937
2LI4 23 3.5569 0.270421638277666
2LI4 24 3.2704 0.23025555657105
2LI4 25 2.3637 0.240753542289851
2LI4 26 2.2083 0.449872671974429
2LI4 27 3.445 0.261812089195594
2LI4 28 1.8611 0.272301781240907
2LI4 29 1.0406 0.362439885970343
2LI4 30 3.5301 0.404117042169944
2LI4 31 3.6161 0.396798979150227
2LI4 32 2.2308 0.431418547377707
2LI4 33 3.3006 0.422460559592349
2LI4 34 2.6549 0.442662516210141
2LI4 35 3.1659 0.426928269017412
2LI4 36 4.0567 0.353008890295896
2LI4 37 4.1032 0.360487352364221
2LI4 38 3.7351 0.398232785246319
2LI4 39 2.2133 0.381345627938558
2LI4 40 3.9621 0.390485808040451
2LI4 41 1.7049 0.401072741915753
2LI4 42 0.1053 0.419701928656478
2LI4 43 2.55 0.385629220795503
2LI4 44 0.5415 0.440026709208637
2LI4 45 1.4525 0.472233236117856
2LI4 46 3.4534 0.377616517871054
2LI4 47 3.3668 0.433899027001441
2LI4 48 3.2049 0.480328637110331
2LI4 49 0.3952 0.480136197035367
2LI4 50 1.784 0.475177370872986
2LI4 51 3.9715 0.481216239173791
2LI4 52 4.3065 0.467093276723145
2LI4 53 1.6471 0.477373210429247
2LI4 54 3.7314 0.574503016159939
2LI4 55 4.6949 0.371178494158576
2LI4 56 3.1654 0.559816292745552
2LI4 57 3.4558 0.456033424458828
2LI4 58 4.4083 0.573641458617903
2LI4 59 4.2364 0.581651043956455
2LI4 60 2.2556 0.695678299503375
2LI4 61 2.87 0.602313090619376
2LI4 62 0.0142 0.620643317280849
2LI4 63 2.8947 0.621072201633642
2LI4 64 0.6622 0.632193122781526
2LI4 65 2.8986 0.447233777220385
2LI4 66 2.3693 0.478071087253309
2LI4 67 1.1602 0.467500830225058
2LI4 68 2.3398 0.447248813232753
2LI4 69 1.6761 0.477873202590532
2LI4 70 2.6217 0.475299762223663
2LI4 71 4.5886 0.477175803100196
2LI4 72 2.4762 0.481468689048119
2LI4 73 3.4895 0.408366744332344
2LI4 74 3.0766 0.410326557277787
2LI4 75 0.5361 0.748682137520115
2LI4 76 4.6625 0.760377738640722
2LI4 77 2.9018 0.428008743739526
2LI4 78 3.4702 0.416803498605611
2LI4 79 2.9368 0.467620238239948
2LI4 80 3.7907 0.579499984270362
2LI4 81 0.1242 0.810061288009581
2LI4 82 0.4462 0.822599248906432
2LI4 83 0.3958 0.480237466368669
2LI4 84 2.5787 0.478494198851353
2LI4 85 1.4611 0.481947514441993
2LI4 86 0.6139 0.74533426793288
2LI4 87 4.4691 0.478111287703043
2LI4 88 0.9663 0.481556205203442
2LI4 89 1.9164 0.482016772582297
2LI4 90 0.2307 0.482136538597481
2LI4 91 0.2292 0.909277683540001
2LI4 92 2.3749 0.482108152157464
2LI4 93 3.5649 0.733787908185037
2LI4 94 4.9087 0.433091542420551
2LI4 95 3.215 0.478837237716864
2LI4 96 2.4954 0.959695476596171
2LI4 97 2.7097 0.481420344091685
2LI4 98 1.4909 0.462984850426955
2LI4 99 0.141 0.482121487668434
2LI4 100 3.4742 1
