2LI4 1 1.2017 0.347254542413251
2LI4 2 4.1858 0.527953676387909
2LI4 3 1.4402 0.40265735362179
2LI4 4 4.7442 0.395980086007
2LI4 5 2.2174 0.411310570944849
2LI4 6 1.5451 0.437184373629443
2LI4 7 4.0187 0.359356593376362
2LI4 8 2.0489 0.370471876950531
2LI4 9 3.8064 0.640067922749478
2LI4 10 3.7331 0.412575860305162
2LI4 11 4.7135 0.100211620946146
2LI4 12 3.3275 0.455294354001575
2LI4 13 3.9679 0.390680923759768
2LI4 14 2.351 0.130871666589225
2LI4 15 0.7586 0.290583147402327
2LI4 16 1.8282 0.422254409368475
2LI4 17 3.5539 0.381252916270681
2LI4 18 1.2275 0.465859763889275
2LI4 19 4.4536 0.180479986495471
2LI4 20 0.9455 0.433297170496128
2LI4 21 4.3676 0.201517414055572
2LI4 22 3.9629 0.21069158552836
2LI4 23 3.5569 0.436447387558866
2LI4 24 3.2704 0.230306812880863
2LI4 25 2.3637 0.240680235802747
2LI4 26 2.2083 0.434892246924128
2LI4 27 3.445 0.26091823196268
2LI4 28 1.8611 0.270190774581319
2LI4 29 1.0406 0.332344151014005
2LI4 30 3.5301 0.401889182153861
2LI4 31 3.6161 0.35974091016848
2LI4 32 2.2308 0.399391890714442
2LI4 33 3.3006 0.43675008864807
2LI4 34 2.6549 0.458138173044639
2LI4 35 3.1659 0.455297380118048
2LI4 36 4.0567 0.350625174048282
2LI4 37 4.1032 0.360196303430279
2LI4 38 3.7351 0.450924105162824
2LI4 39 2.2133 0.380346005561287
2LI4 40 3.9621 0.390456439582563
2LI4 41 1.7049 0.400604737327202
2LI4 42 0.1053 0.449931076843249
2LI4 43 2.55 0.410975998737319
2LI4 44 0.5415 0.441682434895005
2LI4 45 1.4525 0.463678574912013
2LI4 46 3.4534 0.412346710243936
2LI4 47 3.3668 0.460378125328
2LI4 48 3.2049 0.474619536288943
2LI4 49 0.3952 0.469310341645717
2LI4 50 1.784 0.490316971389887
2LI4 51 3.9715 0.467888886787005
2LI4 52 4.3065 0.360972137084746
2LI4 53 1.6471 0.69563368213127
2LI4 54 3.7314 0.474514442096148
2LI4 55 4.6949 0.403093263463733
2LI4 56 3.1654 0.473076187073566
2LI4 57 3.4558 0.56054744027143
2LI4 58 4.4083 0.429467910785137
2LI4 59 4.2364 0.580242121815081
2LI4 60 2.2556 0.600170619303979
2LI4 61 2.87 0.457829598606221
2LI4 62 0.0142 0.472201132575519
2LI4 63 2.8947 0.445959187169612
2LI4 64 0.6622 0.424684112570996
2LI4 65 2.8986 0.472733922865543
2LI4 66 2.3693 0.659195826093946
2LI4 67 1.1602 0.421284948980645
2LI4 68 2.3398 0.651441782758855
2LI4 69 1.6761 0.689613633349378
2LI4 70 2.6217 0.672776380919432
2LI4 71 4.5886 0.474792710648899
2LI4 72 2.4762 0.474583535937794
2LI4 73 3.4895 0.609306330774297
2LI4 74 3.0766 0.674239918176196
2LI4 75 0.5361 0.473998451969994
2LI4 76 4.6625 0.760081480943837
2LI4 77 2.9018 0.418666374370648
2LI4 78 3.4702 0.693214741766649
2LI4 79 2.9368 0.450507052647674
2LI4 80 3.7907 0.415820617420482
2LI4 81 0.1242 0.473950928525082
2LI4 82 0.4462 0.820217689874908
2LI4 83 0.3958 0.829612082129278
2LI4 84 2.5787 0.472273684835992
2LI4 85 1.4611 0.850103809956666
2LI4 86 0.6139 0.80219497495024
2LI4 87 4.4691 0.425364914242617
2LI4 88 0.9663 0.474322350781489
2LI4 89 1.9164 0.47467539273439
2LI4 90 0.2307 0.89889397529875
2LI4 91 0.2292 0.90996055777677
2LI4 92 2.3749 0.920311426441392
2LI4 93 3.5649 0.44253571029863
2LI4 94 4.9087 0.374832078486311
2LI4 95 3.215 0.472088212219431
2LI4 96 2.4954 0.474783587578546
2LI4 97 2.7097 0.473569205547083
2LI4 98 1.4909 0.471491903297422
2LI4 99 0.141 0.472143845060213
2LI4 100 3.4742 1
