2LI4 1 1.2017 0
2LI4 2 4.1858 0
2LI4 3 1.4402 0
2LI4 4 4.7442 0
2LI4 5 2.2174 0
2LI4 6 1.5451 0
2LI4 7 4.0187 0
2LI4 8 2.0489 0
2LI4 9 3.8064 0
2LI4 10 3.7331 0
2LI4 11 4.7135 1
2LI4 12 3.3275 0
2LI4 13 3.9679 0
2LI4 14 2.351 1
2LI4 15 0.7586 1
2LI4 16 1.8282 0
2LI4 17 3.5539 0
2LI4 18 1.2275 0
2LI4 19 4.4536 0
2LI4 20 0.9455 0
2LI4 21 4.3676 1
2LI4 22 3.9629 1
2LI4 23 3.5569 0
2LI4 24 3.2704 0
2LI4 25 2.3637 0
2LI4 26 2.2083 0
2LI4 27 3.445 0
2LI4 28 1.8611 0
2LI4 29 1.0406 1
2LI4 30 3.5301 0
2LI4 31 3.6161 0
2LI4 32 2.2308 0
2LI4 33 3.3006 0
2LI4 34 2.6549 0
2LI4 35 3.1659 1
2LI4 36 4.0567 0
2LI4 37 4.1032 0
2LI4 38 3.7351 0
2LI4 39 2.2133 0
2LI4 40 3.9621 0
2LI4 41 1.7049 1
2LI4 42 0.1053 0
2LI4 43 2.55 1
2LI4 44 0.5415 0
2LI4 45 1.4525 0
2LI4 46 3.4534 0
2LI4 47 3.3668 1
2LI4 48 3.2049 1
2LI4 49 0.3952 0
2LI4 50 1.784 0
2LI4 51 3.9715 0
2LI4 52 4.3065 1
2LI4 53 1.6471 0
2LI4 54 3.7314 1
2LI4 55 4.6949 1
2LI4 56 3.1654 0
2LI4 57 3.4558 1
2LI4 58 4.4083 0
2LI4 59 4.2364 0
2LI4 60 2.2556 0
2LI4 61 2.87 0
2LI4 62 0.0142 0
2LI4 63 2.8947 0
2LI4 64 0.6622 1
2LI4 65 2.8986 0
2LI4 66 2.3693 0
2LI4 67 1.1602 1
2LI4 68 2.3398 0
2LI4 69 1.6761 0
2LI4 70 2.6217 1
2LI4 71 4.5886 0
2LI4 72 2.4762 0
2LI4 73 3.4895 0
2LI4 74 3.0766 1
2LI4 75 0.5361 0
2LI4 76 4.6625 1
2LI4 77 2.9018 0
2LI4 78 3.4702 0
2LI4 79 2.9368 0
2LI4 80 3.7907 0
2LI4 81 0.1242 0
2LI4 82 0.4462 0
2LI4 83 0.3958 0
2LI4 84 2.5787 0
2LI4 85 1.4611 1
2LI4 86 0.6139 0
2LI4 87 4.4691 0
2LI4 88 0.9663 0
2LI4 89 1.9164 0
2LI4 90 0.2307 0
2LI4 91 0.2292 1
2LI4 92 2.3749 1
2LI4 93 3.5649 0
2LI4 94 4.9087 0
2LI4 95 3.215 0
2LI4 96 2.4954 0
2LI4 97 2.7097 0
2LI4 98 1.4909 1
2LI4 99 0.141 0
2LI4 100 3.4742 1
