2LK3 1 1.1795 0
2LK3 2 3.4126 0
2LK3 3 1.4003 1
2LK3 4 4.3463 1
2LK3 5 2.143 0
2LK3 6 1.5685 0
2LK3 7 3.7972 0
2LK3 8 2.0354 0
2LK3 9 3.6767 1
2LK3 10 3.3703 0
2LK3 11 4.331 1
2LK3 12 3.2299 0
2LK3 13 3.6225 1
2LK3 14 2.3737 0
2LK3 15 0.7499 0
2LK3 16 1.8283 0
2LK3 17 3.4102 0
2LK3 18 1.1893 0
2LK3 19 3.7858 0
2LK3 20 0.9497 0
2LK3 21 3.9566 0
2LK3 22 3.9516 0
2LK3 23 3.3389 0
2LK3 24 3.1304 1
2LK3 25 2.3141 0
2LK3 26 2.1344 0
2LK3 27 3.2908 0
2LK3 28 1.857 1
2LK3 29 1.0306 0
2LK3 30 3.2079 0
2LK3 31 3.2614 0
2LK3 32 2.1282 0
2LK3 33 3.0266 0
2LK3 34 2.4863 1
2LK3 35 2.8371 0
2LK3 36 3.763 0
2LK3 37 3.9284 0
2LK3 38 3.5316 0
2LK3 39 2.1414 1
2LK3 40 3.6883 1
2LK3 41 1.6827 0
2LK3 42 0.1045 0
2LK3 43 2.408 0
2LK3 44 0.5428 0
2LK3 45 1.4361 0
2LK3 46 3.5201 0
2LK3 47 3.1983 1
2LK3 48 3.0251 0
2LK3 49 0.3896 0
2LK3 50 1.6792 1
2LK3 51 3.8471 1
2LK3 52 4.2962 0
2LK3 53 1.5703 1
2LK3 54 3.5804 0
2LK3 55 4.3148 0
2LK3 56 2.8836 0
2LK3 57 3.2919 1
2LK3 58 4.0902 0
2LK3 59 3.9533 0
2LK3 60 2.1068 0
2LK3 61 2.6822 0
2LK3 62 0.014 0
2LK3 63 2.8423 1
2LK3 64 0.653 0
2LK3 65 2.7712 0
2LK3 66 2.3046 0
2LK3 67 1.1085 0
2LK3 68 2.2908 0
2LK3 69 1.6441 0
2LK3 70 2.5288 0
2LK3 71 4.1471 0
2LK3 72 2.3261 0
2LK3 73 3.5167 1
2LK3 74 2.8273 0
2LK3 75 0.5302 0
2LK3 76 4.3358 0
2LK3 77 2.9041 0
2LK3 78 3.2834 0
2LK3 79 2.8689 0
2LK3 80 3.6991 0
2LK3 81 0.1225 0
2LK3 82 0.4476 0
2LK3 83 0.4001 0
2LK3 84 2.4583 1
2LK3 85 1.3957 0
2LK3 86 0.6199 0
2LK3 87 4.3541 0
2LK3 88 0.9458 0
2LK3 89 1.824 0
2LK3 90 0.2245 0
2LK3 91 0.2256 0
2LK3 92 2.2173 1
2LK3 93 3.34 0
2LK3 94 4.5719 0
2LK3 95 3.0997 0
2LK3 96 2.4431 0
2LK3 97 2.7008 1
2LK3 98 1.4743 0
2LK3 99 0.1384 0
2LK3 100 3.3513 0
