2LK3 1 1.1795 0.480661889522856
2LK3 2 3.4126 0.423122793201934
2LK3 3 1.4003 0.373665202985816
2LK3 4 4.3463 0.449980011257709
2LK3 5 2.143 0.501640826583734
2LK3 6 1.5685 0.314393180565164
2LK3 7 3.7972 0.341678601924594
2LK3 8 2.0354 0.501651749572832
2LK3 9 3.6767 0.486850575259418
2LK3 10 3.3703 0.401657141051656
2LK3 11 4.331 0.502865113277048
2LK3 12 3.2299 0.157891535833351
2LK3 13 3.6225 0.127515689477178
2LK3 14 2.3737 0.447344134986287
2LK3 15 0.7499 0.487948346569975
2LK3 16 1.8283 0.158169287878812
2LK3 17 3.4102 0.295858293640858
2LK3 18 1.1893 0.463711126397403
2LK3 19 3.7858 0.492143104732797
2LK3 20 0.9497 0.200388292026936
2LK3 21 3.9566 0.441658127090137
2LK3 22 3.9516 0.497638736826122
2LK3 23 3.3389 0.231906869005443
2LK3 24 3.1304 0.470206649630542
2LK3 25 2.3141 0.470652826012536
2LK3 26 2.1344 0.435160658545599
2LK3 27 3.2908 0.274964573023536
2LK3 28 1.857 0.424136643683283
2LK3 29 1.0306 0.490986560974187
2LK3 30 3.2079 0.739735927587291
2LK3 31 3.2614 0.316619488704442
2LK3 32 2.1282 0.47154925863397
2LK3 33 3.0266 0.494729016434714
2LK3 34 2.4863 0.413214504547857
2LK3 35 2.8371 0.358325331719451
2LK3 36 3.763 0.459973710856639
2LK3 37 3.9284 0.379417488535514
2LK3 38 3.5316 0.390364807932505
2LK3 39 2.1414 0.429498281591776
2LK3 40 3.6883 0.4974965289952
2LK3 41 1.6827 0.491489809550864
2LK3 42 0.1045 0.480047893975384
2LK3 43 2.408 0.443154003302484
2LK3 44 0.5428 0.452823856011648
2LK3 45 1.4361 0.474168388560777
2LK3 46 3.5201 0.484244278266599
2LK3 47 3.1983 0.494046858552941
2LK3 48 3.0251 0.505243322324395
2LK3 49 0.3896 0.50811503436692
2LK3 50 1.6792 0.50783433957125
2LK3 51 3.8471 0.487606095546781
2LK3 52 4.2962 0.443483071243225
2LK3 53 1.5703 0.544704478376728
2LK3 54 3.5804 0.473937332180294
2LK3 55 4.3148 0.495775089463732
2LK3 56 2.8836 0.508066086381879
2LK3 57 3.2919 0.45372816472766
2LK3 58 4.0902 0.508372830755659
2LK3 59 3.9533 0.611745279989647
2LK3 60 2.1068 0.493849486300502
2LK3 61 2.6822 0.631910594130657
2LK3 62 0.014 0.65261492977443
2LK3 63 2.8423 0.653768411564368
2LK3 64 0.653 0.451348937835907
2LK3 65 2.7712 0.50138961626116
2LK3 66 2.3046 0.50807691323794
2LK3 67 1.1085 0.705031985446938
2LK3 68 2.2908 0.508386207775221
2LK3 69 1.6441 0.68509459591948
2LK3 70 2.5288 0.500786150800765
2LK3 71 4.1471 0.65084618115564
2LK3 72 2.3261 0.499592891295505
2LK3 73 3.5167 0.508331360386173
2LK3 74 2.8273 0.778662124360566
2LK3 75 0.5302 0.789161361920599
2LK3 76 4.3358 0.489299809724562
2LK3 77 2.9041 0.810331838255612
2LK3 78 3.2834 0.465217135834117
2LK3 79 2.8689 0.74710298227686
2LK3 80 3.6991 0.425100027335152
2LK3 81 0.1225 0.507843699556297
2LK3 82 0.4476 0.863240711195607
2LK3 83 0.4001 0.494068267536303
2LK3 84 2.4583 0.459483301652127
2LK3 85 1.3957 0.508536677041109
2LK3 86 0.6199 0.507197585276341
2LK3 87 4.3541 0.507670323361316
2LK3 88 0.9458 0.809020340039783
2LK3 89 1.824 0.468918226632589
2LK3 90 0.2245 0.507693232386492
2LK3 91 0.2256 0.958120377068692
2LK3 92 2.2173 0.790639540949815
2LK3 93 3.34 0.962218525030742
2LK3 94 4.5719 0.989447760660216
2LK3 95 3.0997 1
2LK3 96 2.4431 0.488835096880963
2LK3 97 2.7008 0.508535956362878
2LK3 98 1.4743 0.508530038204265
2LK3 99 0.1384 0.505400634431488
2LK3 100 3.3513 0.390656457469277
