2LK3 1 1.1795 0.329755924558578
2LK3 2 3.4126 0.010616268674534
2LK3 3 1.4003 0.299546160098449
2LK3 4 4.3463 0.421208726609302
2LK3 5 2.143 0.382223702504079
2LK3 6 1.5685 0.41726013054972
2LK3 7 3.7972 0.473993346178701
2LK3 8 2.0354 0.489047220733944
2LK3 9 3.6767 0.482498439659601
2LK3 10 3.3703 0.480250939290384
2LK3 11 4.331 0.481942698322251
2LK3 12 3.2299 0.260960049095003
2LK3 13 3.6225 0.475024101404104
2LK3 14 2.3737 0.480863353416428
2LK3 15 0.7499 0.362573620352705
2LK3 16 1.8283 0.154932671815893
2LK3 17 3.4102 0.483518144600453
2LK3 18 1.1893 0.438835429017976
2LK3 19 3.7858 0.388987551908309
2LK3 20 0.9497 0.196100998280113
2LK3 21 3.9566 0.386901595549028
2LK3 22 3.9516 0.357059845211549
2LK3 23 3.3389 0.227341970442973
2LK3 24 3.1304 0.438874221365682
2LK3 25 2.3141 0.393299209440684
2LK3 26 2.1344 0.480524446053128
2LK3 27 3.2908 0.268405483726191
2LK3 28 1.857 0.47120890770417
2LK3 29 1.0306 0.472560297917351
2LK3 30 3.2079 0.772674676549603
2LK3 31 3.2614 0.645151995268278
2LK3 32 2.1282 0.46927292541099
2LK3 33 3.0266 0.339934242253316
2LK3 34 2.4863 0.444781464827661
2LK3 35 2.8371 0.351836852822558
2LK3 36 3.763 0.369041313674514
2LK3 37 3.9284 0.372488195868867
2LK3 38 3.5316 0.383165324147549
2LK3 39 2.1414 0.457174105914856
2LK3 40 3.6883 0.439566769715615
2LK3 41 1.6827 0.429794086244014
2LK3 42 0.1045 0.467997880653497
2LK3 43 2.408 0.46861192565234
2LK3 44 0.5428 0.445507584374273
2LK3 45 1.4361 0.461165321649981
2LK3 46 3.5201 0.473489002272814
2LK3 47 3.1983 0.484883483877683
2LK3 48 3.0251 0.49159317616724
2LK3 49 0.3896 0.487215100023589
2LK3 50 1.6792 0.489930785548607
2LK3 51 3.8471 0.519890883932261
2LK3 52 4.2962 0.42468031819345
2LK3 53 1.5703 0.449281376001388
2LK3 54 3.5804 0.472191370919214
2LK3 55 4.3148 0.465286468234009
2LK3 56 2.8836 0.702564995733248
2LK3 57 3.2919 0.439889848264065
2LK3 58 4.0902 0.49219908634829
2LK3 59 3.9533 0.486312651268796
2LK3 60 2.1068 0.610901127930613
2LK3 61 2.6822 0.619361955184029
2LK3 62 0.014 0.6397323404815
2LK3 63 2.8423 0.438313495082131
2LK3 64 0.653 0.616693719673856
2LK3 65 2.7712 0.669879623659073
2LK3 66 2.3046 0.752697333318159
2LK3 67 1.1085 0.48819232968379
2LK3 68 2.2908 0.488103427491492
2LK3 69 1.6441 0.466682766893746
2LK3 70 2.5288 0.489519082273878
2LK3 71 4.1471 0.629958996440681
2LK3 72 2.3261 0.631154048273597
2LK3 73 3.5167 0.491000767014673
2LK3 74 2.8273 0.49217033823525
2LK3 75 0.5302 0.48574650259102
2LK3 76 4.3358 0.485586771031495
2LK3 77 2.9041 0.79443505861161
2LK3 78 3.2834 0.613801528021516
2LK3 79 2.8689 0.487242067086442
2LK3 80 3.6991 0.407631078484927
2LK3 81 0.1225 0.49214948388586
2LK3 82 0.4476 0.845486162345234
2LK3 83 0.4001 0.83060560140808
2LK3 84 2.4583 0.45444457618722
2LK3 85 1.3957 0.876395546537309
2LK3 86 0.6199 0.433196585765957
2LK3 87 4.3541 0.49105237913205
2LK3 88 0.9458 0.811388161943786
2LK3 89 1.824 0.690044921637009
2LK3 90 0.2245 0.492220687746424
2LK3 91 0.2256 0.938331556329479
2LK3 92 2.2173 0.478801396354702
2LK3 93 3.34 0.492276487283731
2LK3 94 4.5719 0.492110691793826
2LK3 95 3.0997 0.492113359484576
2LK3 96 2.4431 0.480615096100665
2LK3 97 2.7008 1
2LK3 98 1.4743 0.49224930976688
2LK3 99 0.1384 0.484044221755211
2LK3 100 3.3513 0.479430619048524
