2LP9 1 1.1549 0.425526641314296
2LP9 2 3.5733 0.351615089541998
2LP9 3 1.3856 0.416940251245345
2LP9 4 4.3376 0.447694627954685
2LP9 5 2.1283 0.479731965701471
2LP9 6 1.504 0.484870228763334
2LP9 7 3.7316 0.437825003055828
2LP9 8 1.8839 0.749285934058486
2LP9 9 3.4731 0.340403486120274
2LP9 10 3.56 0.4815018970471
2LP9 11 4.0267 0.104089139036495
2LP9 12 3.1635 0.639266967542269
2LP9 13 3.813 0.483532296284569
2LP9 14 2.2845 0.604056314362903
2LP9 15 0.7375 0.478853548231614
2LP9 16 1.7926 0.372604125857647
2LP9 17 3.3967 0.364046894685488
2LP9 18 1.1925 0.434217011674571
2LP9 19 3.8911 0.183803189584789
2LP9 20 0.913 0.448681923558728
2LP9 21 3.8725 0.437819511995973
2LP9 22 3.382 0.214549732787687
2LP9 23 3.2071 0.434242291844873
2LP9 24 2.9561 0.376261901834209
2LP9 25 2.1846 0.248746334755574
2LP9 26 2.0898 0.258262295851977
2LP9 27 3.2412 0.65987135587562
2LP9 28 1.7266 0.325027468988897
2LP9 29 0.9875 0.287089158445338
2LP9 30 3.3026 0.428429358534084
2LP9 31 3.4568 0.329531659139098
2LP9 32 2.1037 0.441387377571421
2LP9 33 3.0766 0.327594592708469
2LP9 34 2.5102 0.35712271384058
2LP9 35 2.5803 0.348130974037356
2LP9 36 3.6104 0.357981783310062
2LP9 37 3.5137 0.436847503137509
2LP9 38 3.4984 0.378063714790518
2LP9 39 2.033 0.457422991155834
2LP9 40 3.6326 0.473710448169658
2LP9 41 1.6335 0.418196836942658
2LP9 42 0.1015 0.46067876375039
2LP9 43 2.2214 0.471902322776119
2LP9 44 0.5369 0.448754585034979
2LP9 45 1.3966 0.46921072996294
2LP9 46 3.3492 0.459470837057164
2LP9 47 3.1093 0.470567599753392
2LP9 48 2.9517 0.48984584389437
2LP9 49 0.3871 0.490825853576889
2LP9 50 1.6743 0.490136170374841
2LP9 51 3.553 0.448596515522481
2LP9 52 3.9909 0.520732006040227
2LP9 53 1.5201 0.483968402038306
2LP9 54 3.2099 0.484106971443507
2LP9 55 4.3174 0.589175329206531
2LP9 56 2.803 0.488115414716174
2LP9 57 3.1543 0.570799428954112
2LP9 58 4.0087 0.479768516994633
2LP9 59 3.6939 0.489371909149335
2LP9 60 2.1255 0.468573736598392
2LP9 61 2.7381 0.622234673356775
2LP9 62 0.014 0.490609800906034
2LP9 63 2.7715 0.492143692731364
2LP9 64 0.6413 0.458105647018123
2LP9 65 2.58 0.488631863345682
2LP9 66 2.1457 0.491326924196664
2LP9 67 1.1123 0.4882805724112
2LP9 68 2.3317 0.491800113617786
2LP9 69 1.6397 0.491449568007217
2LP9 70 2.3501 0.491880289175944
2LP9 71 4.0376 0.492175011546436
2LP9 72 2.3135 0.491975127841304
2LP9 73 3.2941 0.466682499983116
2LP9 74 2.8266 0.491557046757728
2LP9 75 0.5254 0.492001670499051
2LP9 76 4.0424 0.775049652262283
2LP9 77 2.8222 0.49200898684196
2LP9 78 3.0575 0.408222790642407
2LP9 79 2.7699 0.69350974065344
2LP9 80 3.0991 0.478333570721535
2LP9 81 0.1213 0.492129653262538
2LP9 82 0.4408 0.492033932377035
2LP9 83 0.3947 0.847127098778904
2LP9 84 2.3286 0.492012956832603
2LP9 85 1.3707 0.48958574105914
2LP9 86 0.6002 0.837879788926701
2LP9 87 4.3505 0.485279867912783
2LP9 88 0.964 0.491874250531173
2LP9 89 1.8159 0.908204035859024
2LP9 90 0.2232 0.492071426733108
2LP9 91 0.2239 0.92805149452047
2LP9 92 1.9994 0.86115257376775
2LP9 93 3.2869 0.492147845250312
2LP9 94 4.4282 0.895018206285825
2LP9 95 3.0929 0.793834887450309
2LP9 96 2.4662 0.455513562552785
2LP9 97 2.6164 0.492077997752103
2LP9 98 1.4409 1
2LP9 99 0.1385 0.492066893946856
2LP9 100 3.2904 0.492032137515365
