2LP9 1 1.1549 0
2LP9 2 3.5733 0
2LP9 3 1.3856 0
2LP9 4 4.3376 0
2LP9 5 2.1283 0
2LP9 6 1.504 0
2LP9 7 3.7316 0
2LP9 8 1.8839 0
2LP9 9 3.4731 0
2LP9 10 3.56 0
2LP9 11 4.0267 0
2LP9 12 3.1635 0
2LP9 13 3.813 0
2LP9 14 2.2845 0
2LP9 15 0.7375 0
2LP9 16 1.7926 0
2LP9 17 3.3967 0
2LP9 18 1.1925 0
2LP9 19 3.8911 0
2LP9 20 0.913 0
2LP9 21 3.8725 0
2LP9 22 3.382 0
2LP9 23 3.2071 0
2LP9 24 2.9561 1
2LP9 25 2.1846 0
2LP9 26 2.0898 0
2LP9 27 3.2412 1
2LP9 28 1.7266 0
2LP9 29 0.9875 0
2LP9 30 3.3026 0
2LP9 31 3.4568 0
2LP9 32 2.1037 0
2LP9 33 3.0766 0
2LP9 34 2.5102 0
2LP9 35 2.5803 0
2LP9 36 3.6104 0
2LP9 37 3.5137 1
2LP9 38 3.4984 0
2LP9 39 2.033 0
2LP9 40 3.6326 0
2LP9 41 1.6335 0
2LP9 42 0.1015 0
2LP9 43 2.2214 0
2LP9 44 0.5369 0
2LP9 45 1.3966 1
2LP9 46 3.3492 0
2LP9 47 3.1093 0
2LP9 48 2.9517 1
2LP9 49 0.3871 0
2LP9 50 1.6743 0
2LP9 51 3.553 0
2LP9 52 3.9909 0
2LP9 53 1.5201 1
2LP9 54 3.2099 0
2LP9 55 4.3174 0
2LP9 56 2.803 1
2LP9 57 3.1543 1
2LP9 58 4.0087 0
2LP9 59 3.6939 0
2LP9 60 2.1255 0
2LP9 61 2.7381 0
2LP9 62 0.014 1
2LP9 63 2.7715 1
2LP9 64 0.6413 1
2LP9 65 2.58 0
2LP9 66 2.1457 0
2LP9 67 1.1123 0
2LP9 68 2.3317 0
2LP9 69 1.6397 0
2LP9 70 2.3501 0
2LP9 71 4.0376 0
2LP9 72 2.3135 0
2LP9 73 3.2941 0
2LP9 74 2.8266 0
2LP9 75 0.5254 0
2LP9 76 4.0424 1
2LP9 77 2.8222 1
2LP9 78 3.0575 0
2LP9 79 2.7699 0
2LP9 80 3.0991 0
2LP9 81 0.1213 0
2LP9 82 0.4408 1
2LP9 83 0.3947 0
2LP9 84 2.3286 0
2LP9 85 1.3707 0
2LP9 86 0.6002 0
2LP9 87 4.3505 0
2LP9 88 0.964 1
2LP9 89 1.8159 0
2LP9 90 0.2232 0
2LP9 91 0.2239 0
2LP9 92 1.9994 0
2LP9 93 3.2869 1
2LP9 94 4.4282 1
2LP9 95 3.0929 1
2LP9 96 2.4662 0
2LP9 97 2.6164 0
2LP9 98 1.4409 0
2LP9 99 0.1385 0
2LP9 100 3.2904 1
