2LP9 1 1.1549 0.490322437518607
2LP9 2 3.5733 0.445801750600102
2LP9 3 1.3856 0.492235163119433
2LP9 4 4.3376 0.475824430439724
2LP9 5 2.1283 0.296919907624423
2LP9 6 1.504 0.43309931944524
2LP9 7 3.7316 0.484035082839103
2LP9 8 1.8839 0.423537942444056
2LP9 9 3.4731 0.483644825735144
2LP9 10 3.56 0.455940411644751
2LP9 11 4.0267 0.101364056012012
2LP9 12 3.1635 0.422794147153493
2LP9 13 3.813 0.39472873116981
2LP9 14 2.2845 0.471708039255163
2LP9 15 0.7375 0.400336590881893
2LP9 16 1.7926 0.480189485968528
2LP9 17 3.3967 0.460325433239931
2LP9 18 1.1925 0.478334520316654
2LP9 19 3.8911 0.279792886694935
2LP9 20 0.913 0.27686037259965
2LP9 21 3.8725 0.403541517178064
2LP9 22 3.382 0.212352723989587
2LP9 23 3.2071 0.428446399145823
2LP9 24 2.9561 0.485916260955437
2LP9 25 2.1846 0.243836814206705
2LP9 26 2.0898 0.413286037816251
2LP9 27 3.2412 0.483027925673741
2LP9 28 1.7266 0.40943598609504
2LP9 29 0.9875 0.351490916735294
2LP9 30 3.3026 0.480082138329037
2LP9 31 3.4568 0.451009971155516
2LP9 32 2.1037 0.41885207554138
2LP9 33 3.0766 0.436529990099385
2LP9 34 2.5102 0.418056508388886
2LP9 35 2.5803 0.346286703758372
2LP9 36 3.6104 0.413619374025082
2LP9 37 3.5137 0.412418331880924
2LP9 38 3.4984 0.374826029221428
2LP9 39 2.033 0.426149233579791
2LP9 40 3.6326 0.466328736763485
2LP9 41 1.6335 0.458387407212377
2LP9 42 0.1015 0.799711948307025
2LP9 43 2.2214 0.434142795878952
2LP9 44 0.5369 0.44405203609815
2LP9 45 1.3966 0.476459263154481
2LP9 46 3.3492 0.453685948997352
2LP9 47 3.1093 0.467407244007374
2LP9 48 2.9517 0.484089984368661
2LP9 49 0.3871 0.493898156382429
2LP9 50 1.6743 0.495683935528876
2LP9 51 3.553 0.50618330163658
2LP9 52 3.9909 0.517983660116209
2LP9 53 1.5201 0.471227267103672
2LP9 54 3.2099 0.537931086276631
2LP9 55 4.3174 0.491998898664591
2LP9 56 2.803 0.564783495667091
2LP9 57 3.1543 0.558803654168692
2LP9 58 4.0087 0.493377362695667
2LP9 59 3.6939 0.485210488008279
2LP9 60 2.1255 0.589587728350989
2LP9 61 2.7381 0.495567106895728
2LP9 62 0.014 0.493951245422022
2LP9 63 2.7715 0.496634859963488
2LP9 64 0.6413 0.64027646701899
2LP9 65 2.58 0.560787549071553
2LP9 66 2.1457 0.497211939239592
2LP9 67 1.1123 0.491255171272453
2LP9 68 2.3317 0.685536343814543
2LP9 69 1.6397 0.494687137571482
2LP9 70 2.3501 0.492374363082575
2LP9 71 4.0376 0.497132703072961
2LP9 72 2.3135 0.726857050350051
2LP9 73 3.2941 0.482248736838431
2LP9 74 2.8266 0.746578911364317
2LP9 75 0.5254 0.496825427695742
2LP9 76 4.0424 0.764945638906171
2LP9 77 2.8222 0.776658209628066
2LP9 78 3.0575 0.472961031955556
2LP9 79 2.7699 0.742252848927528
2LP9 80 3.0991 0.491972784167844
2LP9 81 0.1213 0.497078675996125
2LP9 82 0.4408 0.49692188229035
2LP9 83 0.3947 0.497124726741742
2LP9 84 2.3286 0.496923436657987
2LP9 85 1.3707 0.497067993512544
2LP9 86 0.6002 0.492051513992759
2LP9 87 4.3505 0.471742819170091
2LP9 88 0.964 0.497074382419533
2LP9 89 1.8159 0.898096566797145
2LP9 90 0.2232 0.497100085073313
2LP9 91 0.2239 0.918327117628456
2LP9 92 1.9994 0.491914285274281
2LP9 93 3.2869 0.937546436375684
2LP9 94 4.4282 0.466401838657581
2LP9 95 3.0929 0.491642755759562
2LP9 96 2.4662 0.489808034914063
2LP9 97 2.6164 0.496890755874671
2LP9 98 1.4409 0.497071545966897
2LP9 99 0.1385 1
2LP9 100 3.2904 0.497130549412616
