2LPA 1 1.1922 0.478697832681172
2LPA 2 3.7939 0.457453595846468
2LPA 3 1.3582 0.509537268413991
2LPA 4 4.3101 0.0310323443016626
2LPA 5 2.118 0.47830479202012
2LPA 6 1.5188 0.520117854512964
2LPA 7 3.5236 0.475702992517465
2LPA 8 1.9031 0.711489672209227
2LPA 9 3.5451 0.0808667870529153
2LPA 10 3.198 0.695027695723461
2LPA 11 4.1765 0.692820439147681
2LPA 12 2.975 0.488133633281388
2LPA 13 3.7133 0.121644367985918
2LPA 14 2.1333 0.496628077289221
2LPA 15 0.7398 0.491675091888002
2LPA 16 1.7654 0.363738808402349
2LPA 17 3.2511 0.422131314560538
2LPA 18 1.2118 0.400555968280971
2LPA 19 4.0682 0.430133197222116
2LPA 20 0.9194 0.473962843428142
2LPA 21 3.8736 0.483182929651408
2LPA 22 3.3989 0.212898781040046
2LPA 23 3.3941 0.222757624458933
2LPA 24 2.9353 0.233483477272316
2LPA 25 2.2091 0.301103342428157
2LPA 26 2.1258 0.475841380763851
2LPA 27 3.1967 0.262757345786344
2LPA 28 1.7808 0.47980501780804
2LPA 29 0.9781 0.422830082781441
2LPA 30 3.2512 0.35393977006435
2LPA 31 3.3677 0.434470222480716
2LPA 32 2.109 0.448564480957929
2LPA 33 3.1095 0.41443354202856
2LPA 34 2.5639 0.37313675776044
2LPA 35 2.831 0.383794426723592
2LPA 36 3.9058 0.403210519230851
2LPA 37 3.7984 0.6614690498299
2LPA 38 3.4532 0.471114241963428
2LPA 39 2.0323 0.473314216752582
2LPA 40 3.5149 0.394178636660471
2LPA 41 1.6192 0.42942838059371
2LPA 42 0.1012 0.473374041308896
2LPA 43 2.3174 0.462639821708039
2LPA 44 0.5348 0.444438497639703
2LPA 45 1.4263 0.464538076045586
2LPA 46 2.9567 0.455179664884988
2LPA 47 3.0861 0.46598268589664
2LPA 48 2.8082 0.494382645884586
2LPA 49 0.3864 0.49930442132625
2LPA 50 1.7 0.505128804700258
2LPA 51 3.6511 0.514926943153691
2LPA 52 3.8132 0.515675334046684
2LPA 53 1.5252 0.520783733989977
2LPA 54 3.519 0.546893815324693
2LPA 55 4.2622 0.497820483180338
2LPA 56 2.9418 0.498144134927858
2LPA 57 3.2831 0.520351455476262
2LPA 58 3.8902 0.507186494401758
2LPA 59 3.7972 0.46047489197271
2LPA 60 2.1572 0.52089877102533
2LPA 61 2.6675 0.508567243785493
2LPA 62 0.0139 0.520569868618474
2LPA 63 2.6096 0.520024150478812
2LPA 64 0.6451 0.521362487280762
2LPA 65 2.6834 0.518773109904017
2LPA 66 2.2378 0.456628580371846
2LPA 67 1.091 0.521482292726958
2LPA 68 2.2182 0.521719126556608
2LPA 69 1.6766 0.520664430964491
2LPA 70 2.4087 0.512232763935617
2LPA 71 4.0976 0.461258990174547
2LPA 72 2.3295 0.727448742608241
2LPA 73 3.149 0.715566667416555
2LPA 74 2.6591 0.510790952087648
2LPA 75 0.5225 0.521375934168612
2LPA 76 4.1565 0.476063172756693
2LPA 77 2.7331 0.484958897616186
2LPA 78 3.2398 0.510208878523789
2LPA 79 2.6903 0.521081322859152
2LPA 80 3.5451 0.521688012497756
2LPA 81 0.1218 0.817618340449256
2LPA 82 0.4301 0.828129540404672
2LPA 83 0.3935 0.521737024665274
2LPA 84 2.4288 0.499783576415658
2LPA 85 1.3872 0.857212562120999
2LPA 86 0.6019 0.868810987067733
2LPA 87 4.1234 0.521756167177151
2LPA 88 0.94 0.888631104004451
2LPA 89 1.7845 0.521581182787823
2LPA 90 0.2242 0.521814527879569
2LPA 91 0.2245 0.521645957830761
2LPA 92 1.9236 0.929571728904477
2LPA 93 3.2951 0.468555180173586
2LPA 94 4.6224 0.515067722133902
2LPA 95 2.8935 0.958967788655542
2LPA 96 2.3961 0.969614786434129
2LPA 97 2.6772 0.913537009286425
2LPA 98 1.4348 0.990226425924319
2LPA 99 0.1373 1
2LPA 100 3.2384 0.97157012184375
