2LPA 1 1.1922 0
2LPA 2 3.7939 0
2LPA 3 1.3582 1
2LPA 4 4.3101 0
2LPA 5 2.118 0
2LPA 6 1.5188 0
2LPA 7 3.5236 1
2LPA 8 1.9031 0
2LPA 9 3.5451 0
2LPA 10 3.198 0
2LPA 11 4.1765 0
2LPA 12 2.975 0
2LPA 13 3.7133 0
2LPA 14 2.1333 0
2LPA 15 0.7398 0
2LPA 16 1.7654 0
2LPA 17 3.2511 1
2LPA 18 1.2118 1
2LPA 19 4.0682 0
2LPA 20 0.9194 0
2LPA 21 3.8736 0
2LPA 22 3.3989 0
2LPA 23 3.3941 0
2LPA 24 2.9353 1
2LPA 25 2.2091 1
2LPA 26 2.1258 0
2LPA 27 3.1967 1
2LPA 28 1.7808 1
2LPA 29 0.9781 0
2LPA 30 3.2512 0
2LPA 31 3.3677 0
2LPA 32 2.109 0
2LPA 33 3.1095 0
2LPA 34 2.5639 0
2LPA 35 2.831 0
2LPA 36 3.9058 0
2LPA 37 3.7984 0
2LPA 38 3.4532 0
2LPA 39 2.0323 0
2LPA 40 3.5149 1
2LPA 41 1.6192 0
2LPA 42 0.1012 0
2LPA 43 2.3174 0
2LPA 44 0.5348 0
2LPA 45 1.4263 0
2LPA 46 2.9567 1
2LPA 47 3.0861 0
2LPA 48 2.8082 0
2LPA 49 0.3864 0
2LPA 50 1.7 0
2LPA 51 3.6511 1
2LPA 52 3.8132 0
2LPA 53 1.5252 1
2LPA 54 3.519 0
2LPA 55 4.2622 0
2LPA 56 2.9418 1
2LPA 57 3.2831 1
2LPA 58 3.8902 0
2LPA 59 3.7972 0
2LPA 60 2.1572 0
2LPA 61 2.6675 0
2LPA 62 0.0139 1
2LPA 63 2.6096 0
2LPA 64 0.6451 0
2LPA 65 2.6834 0
2LPA 66 2.2378 0
2LPA 67 1.091 0
2LPA 68 2.2182 1
2LPA 69 1.6766 0
2LPA 70 2.4087 0
2LPA 71 4.0976 0
2LPA 72 2.3295 0
2LPA 73 3.149 0
2LPA 74 2.6591 0
2LPA 75 0.5225 0
2LPA 76 4.1565 0
2LPA 77 2.7331 0
2LPA 78 3.2398 0
2LPA 79 2.6903 0
2LPA 80 3.5451 0
2LPA 81 0.1218 0
2LPA 82 0.4301 0
2LPA 83 0.3935 1
2LPA 84 2.4288 0
2LPA 85 1.3872 0
2LPA 86 0.6019 1
2LPA 87 4.1234 0
2LPA 88 0.94 1
2LPA 89 1.7845 1
2LPA 90 0.2242 1
2LPA 91 0.2245 1
2LPA 92 1.9236 0
2LPA 93 3.2951 0
2LPA 94 4.6224 0
2LPA 95 2.8935 0
2LPA 96 2.3961 0
2LPA 97 2.6772 0
2LPA 98 1.4348 0
2LPA 99 0.1373 0
2LPA 100 3.2384 0
