2LPA 1 1.1922 0.375233395627357
2LPA 2 3.7939 0.0103101933627369
2LPA 3 1.3582 0.398169604428801
2LPA 4 4.3101 0.030746362854415
2LPA 5 2.118 0.406625765610376
2LPA 6 1.5188 0.452239790337761
2LPA 7 3.5236 0.146530917257175
2LPA 8 1.9031 0.424073884011437
2LPA 9 3.5451 0.0821416880635574
2LPA 10 3.198 0.453064919390838
2LPA 11 4.1765 0.360373596737514
2LPA 12 2.975 0.306355479274184
2LPA 13 3.7133 0.123463183139226
2LPA 14 2.1333 0.358562472058214
2LPA 15 0.7398 0.388724439073797
2LPA 16 1.7654 0.211588280841096
2LPA 17 3.2511 0.298682936268454
2LPA 18 1.2118 0.710940564117863
2LPA 19 4.0682 0.345057889654403
2LPA 20 0.9194 0.699314459515986
2LPA 21 3.8736 0.446401648124941
2LPA 22 3.3989 0.215152495596568
2LPA 23 3.3941 0.225628851861356
2LPA 24 2.9353 0.237742656387512
2LPA 25 2.2091 0.254743447979149
2LPA 26 2.1258 0.344114670012596
2LPA 27 3.1967 0.26630049334715
2LPA 28 1.7808 0.397781869040083
2LPA 29 0.9781 0.863380331631564
2LPA 30 3.2512 0.438257752909461
2LPA 31 3.3677 0.392433025973675
2LPA 32 2.109 0.44028170027091
2LPA 33 3.1095 0.449459823370098
2LPA 34 2.5639 0.36236139850848
2LPA 35 2.831 0.41720171031592
2LPA 36 3.9058 0.36077540906392
2LPA 37 3.7984 0.432821412907503
2LPA 38 3.4532 0.429783617637937
2LPA 39 2.0323 0.407761874656735
2LPA 40 3.5149 0.399880929751514
2LPA 41 1.6192 0.411034209096838
2LPA 42 0.1012 0.445476037363441
2LPA 43 2.3174 0.439789507810424
2LPA 44 0.5348 0.454614809045984
2LPA 45 1.4263 0.752392613979616
2LPA 46 2.9567 0.461533369365161
2LPA 47 3.0861 0.352751603546949
2LPA 48 2.8082 0.674093537983259
2LPA 49 0.3864 0.460114942308141
2LPA 50 1.7 0.462929240169927
2LPA 51 3.6511 0.462626571721617
2LPA 52 3.8132 0.524169541158075
2LPA 53 1.5252 0.541809234912813
2LPA 54 3.519 0.550185959318967
2LPA 55 4.2622 0.44064043270762
2LPA 56 2.9418 0.426090442596228
2LPA 57 3.2831 0.451199060687045
2LPA 58 3.8902 0.583903453199468
2LPA 59 3.7972 0.527969486132446
2LPA 60 2.1572 0.464225820649035
2LPA 61 2.6675 0.606384437324021
2LPA 62 0.0139 0.463310921835776
2LPA 63 2.6096 0.463247870226395
2LPA 64 0.6451 0.653541801806344
2LPA 65 2.6834 0.463794250251524
2LPA 66 2.2378 0.448360248147129
2LPA 67 1.091 0.46258329335336
2LPA 68 2.2182 0.693570829506244
2LPA 69 1.6766 0.705584172344788
2LPA 70 2.4087 0.416633226671745
2LPA 71 4.0976 0.429170322982851
2LPA 72 2.3295 0.774796142708896
2LPA 73 3.149 0.388842392557503
2LPA 74 2.6591 0.441882532141006
2LPA 75 0.5225 0.463782599053448
2LPA 76 4.1565 0.420891717849692
2LPA 77 2.7331 0.333657023001239
2LPA 78 3.2398 0.43814022914766
2LPA 79 2.6903 0.39521990750455
2LPA 80 3.5451 0.464723673350442
2LPA 81 0.1218 0.827614671018911
2LPA 82 0.4301 0.838008610640592
2LPA 83 0.3935 0.847895191303469
2LPA 84 2.4288 0.279866285868496
2LPA 85 1.3872 0.464852416157495
2LPA 86 0.6019 0.877871611610748
2LPA 87 4.1234 0.464801974347002
2LPA 88 0.94 0.459611041231156
2LPA 89 1.7845 0.90600832493213
2LPA 90 0.2242 0.464725590863193
2LPA 91 0.2245 0.929540379615659
2LPA 92 1.9236 0.464573091868555
2LPA 93 3.2951 0.361566013715327
2LPA 94 4.6224 0.397422839142796
2LPA 95 2.8935 0.464759393907797
2LPA 96 2.3961 0.981337788908467
2LPA 97 2.6772 0.456479280562595
2LPA 98 1.4348 1
2LPA 99 0.1373 0.464574091645704
2LPA 100 3.2384 0.364284294192182
