2LPS 1 1.2102 0
2LPS 2 4.1225 0
2LPS 3 1.4245 0
2LPS 4 4.8379 1
2LPS 5 2.2456 0
2LPS 6 1.556 1
2LPS 7 4.0235 0
2LPS 8 2.0837 0
2LPS 9 3.9218 0
2LPS 10 3.6585 0
2LPS 11 4.5215 1
2LPS 12 3.3347 1
2LPS 13 3.9886 0
2LPS 14 2.369 1
2LPS 15 0.7561 0
2LPS 16 1.8602 0
2LPS 17 3.4476 1
2LPS 18 1.225 1
2LPS 19 4.4083 0
2LPS 20 0.9451 0
2LPS 21 4.3026 0
2LPS 22 3.9154 0
2LPS 23 3.6113 0
2LPS 24 3.3712 0
2LPS 25 2.3251 0
2LPS 26 2.1564 0
2LPS 27 3.5291 0
2LPS 28 1.9538 0
2LPS 29 1.033 1
2LPS 30 3.4532 0
2LPS 31 3.6123 0
2LPS 32 2.1976 0
2LPS 33 3.1489 0
2LPS 34 2.6463 0
2LPS 35 3.1021 0
2LPS 36 3.9891 0
2LPS 37 4.1635 0
2LPS 38 3.7196 0
2LPS 39 2.1811 1
2LPS 40 3.9107 0
2LPS 41 1.6822 0
2LPS 42 0.105 1
2LPS 43 2.4898 0
2LPS 44 0.5448 1
2LPS 45 1.4715 0
2LPS 46 3.599 0
2LPS 47 3.386 0
2LPS 48 3.1207 0
2LPS 49 0.3933 0
2LPS 50 1.7354 0
2LPS 51 4.0136 0
2LPS 52 4.4846 0
2LPS 53 1.6175 0
2LPS 54 3.5715 0
2LPS 55 4.8385 1
2LPS 56 3.1229 1
2LPS 57 3.4098 0
2LPS 58 4.521 1
2LPS 59 4.1216 0
2LPS 60 2.2347 0
2LPS 61 2.7655 0
2LPS 62 0.0142 0
2LPS 63 2.9765 0
2LPS 64 0.6612 0
2LPS 65 2.82 0
2LPS 66 2.4009 1
2LPS 67 1.159 0
2LPS 68 2.3565 0
2LPS 69 1.7282 0
2LPS 70 2.5325 0
2LPS 71 4.3981 0
2LPS 72 2.4463 0
2LPS 73 3.5563 0
2LPS 74 2.8565 0
2LPS 75 0.5374 0
2LPS 76 4.5838 0
2LPS 77 2.9818 0
2LPS 78 3.6674 0
2LPS 79 2.9416 0
2LPS 80 3.8706 0
2LPS 81 0.1252 0
2LPS 82 0.4521 0
2LPS 83 0.3973 0
2LPS 84 2.5827 1
2LPS 85 1.4247 0
2LPS 86 0.6225 0
2LPS 87 4.5318 1
2LPS 88 0.9578 0
2LPS 89 1.919 0
2LPS 90 0.2307 1
2LPS 91 0.2295 0
2LPS 92 2.3587 0
2LPS 93 3.5704 0
2LPS 94 4.9832 0
2LPS 95 3.197 0
2LPS 96 2.5133 0
2LPS 97 2.8332 0
2LPS 98 1.491 0
2LPS 99 0.1395 0
2LPS 100 3.4546 0
