2LPS 1 1.2102 0.41260865203103
2LPS 2 4.1225 0.463181718181618
2LPS 3 1.4245 0.650370963795364
2LPS 4 4.8379 0.35325117825929
2LPS 5 2.2456 0.322204321627549
2LPS 6 1.556 0.416170882915284
2LPS 7 4.0235 0.396922477579787
2LPS 8 2.0837 0.470637603125677
2LPS 9 3.9218 0.448198912913318
2LPS 10 3.6585 0.0913422713875164
2LPS 11 4.5215 0.467887936306297
2LPS 12 3.3347 0.467867750155667
2LPS 13 3.9886 0.452082300787644
2LPS 14 2.369 0.218532150734999
2LPS 15 0.7561 0.438770204308381
2LPS 16 1.8602 0.362516230018853
2LPS 17 3.4476 0.463312484095504
2LPS 18 1.225 0.383271070122638
2LPS 19 4.4083 0.451275306354189
2LPS 20 0.9451 0.379844542555258
2LPS 21 4.3026 0.202252840643738
2LPS 22 3.9154 0.370763770330378
2LPS 23 3.6113 0.347063633866881
2LPS 24 3.3712 0.23237298587263
2LPS 25 2.3251 0.242882338450395
2LPS 26 2.1564 0.417475817450664
2LPS 27 3.5291 0.372828267113803
2LPS 28 1.9538 0.263780784726445
2LPS 29 1.033 0.283801321613323
2LPS 30 3.4532 0.29334294320549
2LPS 31 3.6123 0.449283124460865
2LPS 32 2.1976 0.454795734896684
2LPS 33 3.1489 0.460654083966107
2LPS 34 2.6463 0.335161406789546
2LPS 35 3.1021 0.382232981144464
2LPS 36 3.9891 0.354337211226842
2LPS 37 4.1635 0.451670464176846
2LPS 38 3.7196 0.46138448844102
2LPS 39 2.1811 0.38285509392092
2LPS 40 3.9107 0.465154782691422
2LPS 41 1.6822 0.413661222050893
2LPS 42 0.105 0.426128014064373
2LPS 43 2.4898 0.42443288921544
2LPS 44 0.5448 0.456369276197044
2LPS 45 1.4715 0.463105037904729
2LPS 46 3.599 0.384705340531405
2LPS 47 3.386 0.383830336382405
2LPS 48 3.1207 0.475525752508009
2LPS 49 0.3933 0.460530528466951
2LPS 50 1.7354 0.495914291501111
2LPS 51 4.0136 0.47982341558851
2LPS 52 4.4846 0.461925314704873
2LPS 53 1.6175 0.388428232702512
2LPS 54 3.5715 0.478953574638367
2LPS 55 4.8385 0.479719654860478
2LPS 56 3.1229 0.452367164855144
2LPS 57 3.4098 0.429975545554806
2LPS 58 4.521 0.428404141788666
2LPS 59 4.1216 0.561698066216445
2LPS 60 2.2347 0.479506608932168
2LPS 61 2.7655 0.479837354720116
2LPS 62 0.0142 0.470567621459549
2LPS 63 2.9765 0.480107105517495
2LPS 64 0.6612 0.646144019980827
2LPS 65 2.82 0.630628095614314
2LPS 66 2.4009 0.479349650697555
2LPS 67 1.159 0.66738016655757
2LPS 68 2.3565 0.479486964691623
2LPS 69 1.7282 0.480174061518988
2LPS 70 2.5325 0.479924286129428
2LPS 71 4.3981 0.716517366675254
2LPS 72 2.4463 0.726941880218754
2LPS 73 3.5563 0.47323568565211
2LPS 74 2.8565 0.693260557819661
2LPS 75 0.5374 0.478308776903672
2LPS 76 4.5838 0.480173489502788
2LPS 77 2.9818 0.72480890707499
2LPS 78 3.6674 0.480114315932224
2LPS 79 2.9416 0.70863663927838
2LPS 80 3.8706 0.445580584024024
2LPS 81 0.1252 0.817672169537774
2LPS 82 0.4521 0.828303602415022
2LPS 83 0.3973 0.477631058131372
2LPS 84 2.5827 0.480221177590182
2LPS 85 1.4247 0.829776754872317
2LPS 86 0.6225 0.479221037370947
2LPS 87 4.5318 0.47949062258469
2LPS 88 0.9578 0.456076253372167
2LPS 89 1.919 0.48030207272328
2LPS 90 0.2307 0.456911397023875
2LPS 91 0.2295 0.918894786426086
2LPS 92 2.3587 0.929261390855885
2LPS 93 3.5704 0.411547772723212
2LPS 94 4.9832 0.646478453767957
2LPS 95 3.197 0.480166083398306
2LPS 96 2.5133 0.464459542159739
2LPS 97 2.8332 0.475898556539699
2LPS 98 1.491 0.858752190314005
2LPS 99 0.1395 1
2LPS 100 3.4546 0.48026355194814
