2LPS 1 1.2102 0.341028039777062
2LPS 2 4.1225 0.62829588095448
2LPS 3 1.4245 0.0231433996024942
2LPS 4 4.8379 0.425882634187439
2LPS 5 2.2456 0.418570511124459
2LPS 6 1.556 0.0502095995930773
2LPS 7 4.0235 0.45558045479359
2LPS 8 2.0837 0.313976466030481
2LPS 9 3.9218 0.304278968066451
2LPS 10 3.6585 0.136848372128862
2LPS 11 4.5215 0.387491964138776
2LPS 12 3.3347 0.376475763419117
2LPS 13 3.9886 0.458257981836561
2LPS 14 2.369 0.321759282796982
2LPS 15 0.7561 0.594340675310235
2LPS 16 1.8602 0.446806929911426
2LPS 17 3.4476 0.442829247561898
2LPS 18 1.225 0.410112859438455
2LPS 19 4.4083 0.363058950263882
2LPS 20 0.9451 0.409254547904587
2LPS 21 4.3026 0.200369508721312
2LPS 22 3.9154 0.445562715142582
2LPS 23 3.6113 0.373954368921703
2LPS 24 3.3712 0.230691874419218
2LPS 25 2.3251 0.626623718090225
2LPS 26 2.1564 0.252562388236337
2LPS 27 3.5291 0.392909205853396
2LPS 28 1.9538 0.270358531434452
2LPS 29 1.033 0.28075667270572
2LPS 30 3.4532 0.290454245217375
2LPS 31 3.6123 0.409263374343373
2LPS 32 2.1976 0.440125241202568
2LPS 33 3.1489 0.794351937965403
2LPS 34 2.6463 0.334506061899756
2LPS 35 3.1021 0.425327776215425
2LPS 36 3.9891 0.350677678165916
2LPS 37 4.1635 0.430060014714508
2LPS 38 3.7196 0.410838461290505
2LPS 39 2.1811 0.382846827084607
2LPS 40 3.9107 0.42995930087329
2LPS 41 1.6822 0.409285067702215
2LPS 42 0.105 0.434835222464575
2LPS 43 2.4898 0.421406571146509
2LPS 44 0.5448 0.439238258652169
2LPS 45 1.4715 0.454733280674879
2LPS 46 3.599 0.452277517906414
2LPS 47 3.386 0.413873250370971
2LPS 48 3.1207 0.411397702662862
2LPS 49 0.3933 0.460274211808708
2LPS 50 1.7354 0.491915682819417
2LPS 51 4.0136 0.461409915054771
2LPS 52 4.4846 0.447037446077094
2LPS 53 1.6175 0.502408827583838
2LPS 54 3.5715 0.444609385206036
2LPS 55 4.8385 0.616940637636847
2LPS 56 3.1229 0.551227935058522
2LPS 57 3.4098 0.389674972057314
2LPS 58 4.521 0.408587257204722
2LPS 59 4.1216 0.580492604145045
2LPS 60 2.2347 0.461311795470898
2LPS 61 2.7655 0.608296482702908
2LPS 62 0.0142 0.431913835231082
2LPS 63 2.9765 0.461241974165431
2LPS 64 0.6612 0.458691163175239
2LPS 65 2.82 0.563991666291195
2LPS 66 2.4009 0.659984868621291
2LPS 67 1.159 0.594751775642422
2LPS 68 2.3565 0.459210342653983
2LPS 69 1.7282 0.459799567081069
2LPS 70 2.5325 0.460739925730885
2LPS 71 4.3981 0.461457476439447
2LPS 72 2.4463 0.71679731535515
2LPS 73 3.5563 0.437250013858403
2LPS 74 2.8565 0.449920128183746
2LPS 75 0.5374 0.694527300816276
2LPS 76 4.5838 0.462204786559862
2LPS 77 2.9818 0.328340138388422
2LPS 78 3.6674 0.462018641140526
2LPS 79 2.9416 0.344457379616992
2LPS 80 3.8706 0.611274138483664
2LPS 81 0.1252 0.449800031960058
2LPS 82 0.4521 0.460395992808719
2LPS 83 0.3973 0.823868414019259
2LPS 84 2.5827 0.462167274195021
2LPS 85 1.4247 0.627595327104392
2LPS 86 0.6225 0.857103817616671
2LPS 87 4.5318 0.868656179764023
2LPS 88 0.9578 0.433489414192538
2LPS 89 1.919 0.462098093999128
2LPS 90 0.2307 0.46148768313705
2LPS 91 0.2295 0.460936105260531
2LPS 92 2.3587 0.920248816713005
2LPS 93 3.5704 0.460313751868946
2LPS 94 4.9832 0.45495188413009
2LPS 95 3.197 0.461971780503524
2LPS 96 2.5133 0.769194738643333
2LPS 97 2.8332 0.437740089944393
2LPS 98 1.491 0.43389073387634
2LPS 99 0.1395 0.461924517309347
2LPS 100 3.4546 1
