2LQZ 1 1.1978 0.437484388145965
2LQZ 2 4.1075 0.0252700418422283
2LQZ 3 1.4509 0.405675443858859
2LQZ 4 4.446 0.435758976675785
2LQZ 5 2.2297 0.420748011355936
2LQZ 6 1.5583 0.46238032820644
2LQZ 7 4.3296 0.382146656458335
2LQZ 8 2.0802 0.409925659152634
2LQZ 9 3.688 0.474044358654127
2LQZ 10 3.346 0.095506482865964
2LQZ 11 4.464 0.102726658728126
2LQZ 12 3.3056 0.414359099152487
2LQZ 13 3.7569 0.439645849207701
2LQZ 14 2.4149 0.305429895143256
2LQZ 15 0.7446 0.623240190632758
2LQZ 16 1.8092 0.419599987222577
2LQZ 17 3.3238 0.167621724967138
2LQZ 18 1.2292 0.455557944443361
2LQZ 19 3.9762 0.373822108388303
2LQZ 20 0.9559 0.291523268477156
2LQZ 21 3.9317 0.439420621060253
2LQZ 22 3.9321 0.448392602012767
2LQZ 23 3.2302 0.370224845200567
2LQZ 24 3.1285 0.381366207662922
2LQZ 25 2.2583 0.282070096175688
2LQZ 26 2.1901 0.368195119112117
2LQZ 27 3.4418 0.397600195817914
2LQZ 28 1.8664 0.459865501513202
2LQZ 29 1.0245 0.465732835084428
2LQZ 30 3.3565 0.302538602610232
2LQZ 31 3.477 0.469897564000543
2LQZ 32 2.211 0.313463240936549
2LQZ 33 3.1971 0.323251740102582
2LQZ 34 2.615 0.381920649895456
2LQZ 35 2.8784 0.398737326895342
2LQZ 36 4.1915 0.36119934298868
2LQZ 37 4.0706 0.428052490049174
2LQZ 38 3.7449 0.410831889429617
2LQZ 39 2.1636 0.409164738084369
2LQZ 40 3.9915 0.418025005067091
2LQZ 41 1.6437 0.407521730470054
2LQZ 42 0.1051 0.416733305851898
2LQZ 43 2.5668 0.446806002234056
2LQZ 44 0.5353 0.434080548818713
2LQZ 45 1.4631 0.433847993070068
2LQZ 46 3.3141 0.458419922099202
2LQZ 47 3.4403 0.46745812874
2LQZ 48 3.0108 0.478520885945317
2LQZ 49 0.3882 0.358557949957962
2LQZ 50 1.7003 0.472695458565077
2LQZ 51 3.7751 0.71924553945889
2LQZ 52 4.1725 0.440951239529804
2LQZ 53 1.5852 0.529701870686512
2LQZ 54 3.5365 0.428288961424723
2LQZ 55 4.2776 0.553594489722361
2LQZ 56 3.1514 0.440029547547065
2LQZ 57 3.6007 0.478947937424902
2LQZ 58 4.1957 0.457544451918867
2LQZ 59 3.6595 0.565756029159068
2LQZ 60 2.1896 0.450868931631762
2LQZ 61 2.7155 0.576450088240949
2LQZ 62 0.0141 0.431336994824785
2LQZ 63 2.8435 0.666470905840503
2LQZ 64 0.6542 0.369276923915512
2LQZ 65 2.791 0.478502281278859
2LQZ 66 2.3359 0.470168229178789
2LQZ 67 1.1646 0.384660860354472
2LQZ 68 2.2627 0.445613428191195
2LQZ 69 1.6434 0.611733865252208
2LQZ 70 2.4846 0.453273269963077
2LQZ 71 4.1567 0.456263916657285
2LQZ 72 2.4339 0.475815109247982
2LQZ 73 3.5836 0.734823413335276
2LQZ 74 2.836 0.478779607622816
2LQZ 75 0.531 0.478075094732515
2LQZ 76 4.583 0.68713984767431
2LQZ 77 2.9525 0.772347752792025
2LQZ 78 3.5843 0.472789306562057
2LQZ 79 2.6925 0.794757417073747
2LQZ 80 3.6531 0.673702570532396
2LQZ 81 0.1243 0.717558552645669
2LQZ 82 0.4513 0.78385724418062
2LQZ 83 0.3956 0.397419169287864
2LQZ 84 2.5679 0.838657119347018
2LQZ 85 1.4127 0.366413637619994
2LQZ 86 0.6087 0.821301058917261
2LQZ 87 4.0286 0.478721102102792
2LQZ 88 0.9537 0.450036662185198
2LQZ 89 1.8934 0.456457851426899
2LQZ 90 0.2297 0.461898727684716
2LQZ 91 0.23 0.805281540874933
2LQZ 92 2.2616 0.473024694958237
2LQZ 93 3.6668 0.41994105947196
2LQZ 94 4.5726 0.946532028056836
2LQZ 95 3.0331 0.474282721117522
2LQZ 96 2.4334 0.785594792218449
2LQZ 97 2.6548 0.973997849446568
2LQZ 98 1.4641 0.44170474358905
2LQZ 99 0.1394 0.47855779109739
2LQZ 100 3.2338 1
