2LQZ 1 1.1978 0.363269016955452
2LQZ 2 4.1075 0.0185360265194952
2LQZ 3 1.4509 0.473455465559654
2LQZ 4 4.446 0.412555355426599
2LQZ 5 2.2297 0.629355324982929
2LQZ 6 1.5583 0.433241299605262
2LQZ 7 4.3296 0.375163875444336
2LQZ 8 2.0802 0.0788734236672158
2LQZ 9 3.688 0.776606402888253
2LQZ 10 3.346 0.0963057560982636
2LQZ 11 4.464 0.107093827274588
2LQZ 12 3.3056 0.430286191915775
2LQZ 13 3.7569 0.476611109347709
2LQZ 14 2.4149 0.434854106657127
2LQZ 15 0.7446 0.42769660814017
2LQZ 16 1.8092 0.160381021125309
2LQZ 17 3.3238 0.328592087002908
2LQZ 18 1.2292 0.181910019569957
2LQZ 19 3.9762 0.19400617556642
2LQZ 20 0.9559 0.474595723143371
2LQZ 21 3.9317 0.459504850326103
2LQZ 22 3.9321 0.482253911536551
2LQZ 23 3.2302 0.237643128833308
2LQZ 24 3.1285 0.245702595638564
2LQZ 25 2.2583 0.331737039339418
2LQZ 26 2.1901 0.699115967652744
2LQZ 27 3.4418 0.286899851666421
2LQZ 28 1.8664 0.401656975119644
2LQZ 29 1.0245 0.462610970802994
2LQZ 30 3.3565 0.344446319942893
2LQZ 31 3.477 0.426256006426546
2LQZ 32 2.211 0.332436805946934
2LQZ 33 3.1971 0.331752965477922
2LQZ 34 2.615 0.352360770056715
2LQZ 35 2.8784 0.445461898387144
2LQZ 36 4.1915 0.395749678475216
2LQZ 37 4.0706 0.392732960106498
2LQZ 38 3.7449 0.437135383233574
2LQZ 39 2.1636 0.414994941626816
2LQZ 40 3.9915 0.436905707377604
2LQZ 41 1.6437 0.349146513637414
2LQZ 42 0.1051 0.439109938879636
2LQZ 43 2.5668 0.460963487915701
2LQZ 44 0.5353 0.462086344130954
2LQZ 45 1.4631 0.453897707459329
2LQZ 46 3.3141 0.83719573124286
2LQZ 47 3.4403 0.697087161614567
2LQZ 48 3.0108 0.480832138833289
2LQZ 49 0.3882 0.473490839353342
2LQZ 50 1.7003 0.436998139259139
2LQZ 51 3.7751 0.485767465148366
2LQZ 52 4.1725 0.406097290400715
2LQZ 53 1.5852 0.372057485301752
2LQZ 54 3.5365 0.5663621649263
2LQZ 55 4.2776 0.482703111128327
2LQZ 56 3.1514 0.439318311145954
2LQZ 57 3.6007 0.485265030376492
2LQZ 58 4.1957 0.360707874978988
2LQZ 59 3.6595 0.382381985291196
2LQZ 60 2.1896 0.469788900461777
2LQZ 61 2.7155 0.470196619125081
2LQZ 62 0.0141 0.651093108123776
2LQZ 63 2.8435 0.485745384287015
2LQZ 64 0.6542 0.485546117203467
2LQZ 65 2.791 0.690175058877142
2LQZ 66 2.3359 0.481414410512622
2LQZ 67 1.1646 0.33443477492012
2LQZ 68 2.2627 0.45878585814103
2LQZ 69 1.6434 0.698800125676903
2LQZ 70 2.4846 0.485710898803841
2LQZ 71 4.1567 0.462882270351626
2LQZ 72 2.4339 0.706591846175583
2LQZ 73 3.5836 0.776764268356766
2LQZ 74 2.836 0.787663378347358
2LQZ 75 0.531 0.453285994631527
2LQZ 76 4.583 0.463037629515475
2LQZ 77 2.9525 0.477190494017871
2LQZ 78 3.5843 0.698838021637943
2LQZ 79 2.6925 0.483206576974906
2LQZ 80 3.6531 0.624068973250575
2LQZ 81 0.1243 0.47099419506528
2LQZ 82 0.4513 0.85544361203933
2LQZ 83 0.3956 0.811430871699583
2LQZ 84 2.5679 0.866991823212756
2LQZ 85 1.4127 0.826681608684022
2LQZ 86 0.6087 0.430414600373132
2LQZ 87 4.0286 0.48507115660678
2LQZ 88 0.9537 0.478950221283701
2LQZ 89 1.8934 0.444952246092342
2LQZ 90 0.2297 0.429496166614946
2LQZ 91 0.23 0.458532673781812
2LQZ 92 2.2616 0.973558692000204
2LQZ 93 3.6668 0.472256833285008
2LQZ 94 4.5726 1
2LQZ 95 3.0331 0.956492755930865
2LQZ 96 2.4334 0.769498316643644
2LQZ 97 2.6548 0.48541128435757
2LQZ 98 1.4641 0.897205595613865
2LQZ 99 0.1394 0.48368106169096
2LQZ 100 3.2338 0.473077441847823
