2LQZ 1 1.1978 0
2LQZ 2 4.1075 0
2LQZ 3 1.4509 0
2LQZ 4 4.446 0
2LQZ 5 2.2297 0
2LQZ 6 1.5583 0
2LQZ 7 4.3296 0
2LQZ 8 2.0802 1
2LQZ 9 3.688 0
2LQZ 10 3.346 0
2LQZ 11 4.464 0
2LQZ 12 3.3056 0
2LQZ 13 3.7569 0
2LQZ 14 2.4149 0
2LQZ 15 0.7446 0
2LQZ 16 1.8092 0
2LQZ 17 3.3238 0
2LQZ 18 1.2292 0
2LQZ 19 3.9762 0
2LQZ 20 0.9559 0
2LQZ 21 3.9317 0
2LQZ 22 3.9321 0
2LQZ 23 3.2302 0
2LQZ 24 3.1285 0
2LQZ 25 2.2583 0
2LQZ 26 2.1901 0
2LQZ 27 3.4418 1
2LQZ 28 1.8664 0
2LQZ 29 1.0245 0
2LQZ 30 3.3565 0
2LQZ 31 3.477 1
2LQZ 32 2.211 0
2LQZ 33 3.1971 0
2LQZ 34 2.615 0
2LQZ 35 2.8784 0
2LQZ 36 4.1915 0
2LQZ 37 4.0706 0
2LQZ 38 3.7449 0
2LQZ 39 2.1636 0
2LQZ 40 3.9915 0
2LQZ 41 1.6437 0
2LQZ 42 0.1051 0
2LQZ 43 2.5668 0
2LQZ 44 0.5353 0
2LQZ 45 1.4631 0
2LQZ 46 3.3141 0
2LQZ 47 3.4403 0
2LQZ 48 3.0108 0
2LQZ 49 0.3882 1
2LQZ 50 1.7003 0
2LQZ 51 3.7751 1
2LQZ 52 4.1725 0
2LQZ 53 1.5852 0
2LQZ 54 3.5365 0
2LQZ 55 4.2776 1
2LQZ 56 3.1514 0
2LQZ 57 3.6007 0
2LQZ 58 4.1957 1
2LQZ 59 3.6595 0
2LQZ 60 2.1896 1
2LQZ 61 2.7155 1
2LQZ 62 0.0141 0
2LQZ 63 2.8435 0
2LQZ 64 0.6542 0
2LQZ 65 2.791 0
2LQZ 66 2.3359 0
2LQZ 67 1.1646 0
2LQZ 68 2.2627 0
2LQZ 69 1.6434 0
2LQZ 70 2.4846 0
2LQZ 71 4.1567 0
2LQZ 72 2.4339 0
2LQZ 73 3.5836 0
2LQZ 74 2.836 1
2LQZ 75 0.531 0
2LQZ 76 4.583 0
2LQZ 77 2.9525 0
2LQZ 78 3.5843 0
2LQZ 79 2.6925 0
2LQZ 80 3.6531 0
2LQZ 81 0.1243 0
2LQZ 82 0.4513 0
2LQZ 83 0.3956 0
2LQZ 84 2.5679 0
2LQZ 85 1.4127 0
2LQZ 86 0.6087 0
2LQZ 87 4.0286 0
2LQZ 88 0.9537 0
2LQZ 89 1.8934 1
2LQZ 90 0.2297 0
2LQZ 91 0.23 0
2LQZ 92 2.2616 0
2LQZ 93 3.6668 0
2LQZ 94 4.5726 0
2LQZ 95 3.0331 0
2LQZ 96 2.4334 0
2LQZ 97 2.6548 0
2LQZ 98 1.4641 1
2LQZ 99 0.1394 0
2LQZ 100 3.2338 0
