2LU0 1 1.1998 0
2LU0 2 4.3099 0
2LU0 3 1.4544 1
2LU0 4 4.6067 0
2LU0 5 2.2328 0
2LU0 6 1.552 0
2LU0 7 4.1123 0
2LU0 8 2.0524 0
2LU0 9 3.8633 0
2LU0 10 3.562 1
2LU0 11 4.7439 1
2LU0 12 3.3483 1
2LU0 13 3.9516 1
2LU0 14 2.416 0
2LU0 15 0.7546 0
2LU0 16 1.879 0
2LU0 17 3.5405 0
2LU0 18 1.2249 0
2LU0 19 4.4687 0
2LU0 20 0.9638 0
2LU0 21 4.2462 0
2LU0 22 3.9192 1
2LU0 23 3.7564 0
2LU0 24 3.3853 0
2LU0 25 2.3036 0
2LU0 26 2.1684 1
2LU0 27 3.5952 1
2LU0 28 1.9033 0
2LU0 29 1.061 0
2LU0 30 3.5438 0
2LU0 31 3.6545 0
2LU0 32 2.258 1
2LU0 33 3.2451 0
2LU0 34 2.6359 1
2LU0 35 3.1578 0
2LU0 36 4.3897 0
2LU0 37 4.2139 0
2LU0 38 3.7 0
2LU0 39 2.2111 1
2LU0 40 3.8172 0
2LU0 41 1.6894 0
2LU0 42 0.105 0
2LU0 43 2.5774 0
2LU0 44 0.5434 0
2LU0 45 1.4776 1
2LU0 46 3.5323 0
2LU0 47 3.4913 0
2LU0 48 3.1106 0
2LU0 49 0.3924 0
2LU0 50 1.7483 1
2LU0 51 4.1533 1
2LU0 52 4.3988 0
2LU0 53 1.612 0
2LU0 54 3.3806 0
2LU0 55 4.6113 0
2LU0 56 3.1117 0
2LU0 57 3.6494 0
2LU0 58 4.7511 0
2LU0 59 4.2328 0
2LU0 60 2.293 0
2LU0 61 2.8088 0
2LU0 62 0.0142 1
2LU0 63 2.853 1
2LU0 64 0.6587 0
2LU0 65 2.8943 0
2LU0 66 2.3325 0
2LU0 67 1.1623 0
2LU0 68 2.2872 0
2LU0 69 1.7153 0
2LU0 70 2.5473 0
2LU0 71 4.4109 0
2LU0 72 2.4737 0
2LU0 73 3.5218 0
2LU0 74 2.8917 1
2LU0 75 0.5347 0
2LU0 76 4.7349 0
2LU0 77 2.9282 0
2LU0 78 3.48 0
2LU0 79 2.9338 1
2LU0 80 4.0252 0
2LU0 81 0.1239 0
2LU0 82 0.4523 0
2LU0 83 0.3961 1
2LU0 84 2.5764 0
2LU0 85 1.4592 0
2LU0 86 0.6183 0
2LU0 87 4.3013 0
2LU0 88 0.9657 0
2LU0 89 1.9147 0
2LU0 90 0.2307 0
2LU0 91 0.2291 0
2LU0 92 2.326 0
2LU0 93 3.6756 1
2LU0 94 4.7057 0
2LU0 95 3.0829 0
2LU0 96 2.458 1
2LU0 97 2.6982 0
2LU0 98 1.4676 1
2LU0 99 0.1386 0
2LU0 100 3.4017 0
