2LU0 1 1.1998 0.424425694780376
2LU0 2 4.3099 0.0114743846866905
2LU0 3 1.4544 0.49728743212635
2LU0 4 4.6067 0.504367315723869
2LU0 5 2.2328 0.967041886881338
2LU0 6 1.552 0.50163280060276
2LU0 7 4.1123 0.505428026815309
2LU0 8 2.0524 0.443054104969954
2LU0 9 3.8633 0.517523447105564
2LU0 10 3.562 0.706143594125387
2LU0 11 4.7439 0.356992823592035
2LU0 12 3.3483 0.292271541044632
2LU0 13 3.9516 0.503143507983995
2LU0 14 2.416 0.339232526517078
2LU0 15 0.7546 0.382573428542109
2LU0 16 1.879 0.706718201663682
2LU0 17 3.5405 0.168325113840466
2LU0 18 1.2249 0.178419402137705
2LU0 19 4.4687 0.188621468206816
2LU0 20 0.9638 0.200226028670753
2LU0 21 4.2462 0.787724295195701
2LU0 22 3.9192 0.514624094477864
2LU0 23 3.7564 0.230440316185849
2LU0 24 3.3853 0.386308610691673
2LU0 25 2.3036 0.471697407890185
2LU0 26 2.1684 0.405200372307386
2LU0 27 3.5952 0.512046598545022
2LU0 28 1.9033 0.365695824268825
2LU0 29 1.061 0.38219005116351
2LU0 30 3.5438 0.362947506629483
2LU0 31 3.6545 0.334634142959831
2LU0 32 2.258 0.468902195884282
2LU0 33 3.2451 0.343318336151192
2LU0 34 2.6359 0.33380075374806
2LU0 35 3.1578 0.46135224949805
2LU0 36 4.3897 0.368475648332104
2LU0 37 4.2139 0.376185598234869
2LU0 38 3.7 0.376293189486224
2LU0 39 2.2111 0.396585378227703
2LU0 40 3.8172 0.455463610266873
2LU0 41 1.6894 0.476047719160286
2LU0 42 0.105 0.436261789378981
2LU0 43 2.5774 0.439585243031415
2LU0 44 0.5434 0.344682282972576
2LU0 45 1.4776 0.487403383538128
2LU0 46 3.5323 0.479236955757613
2LU0 47 3.4913 0.489301229795048
2LU0 48 3.1106 0.513375541682781
2LU0 49 0.3924 0.503624932980847
2LU0 50 1.7483 0.469320157275343
2LU0 51 4.1533 0.79795541183528
2LU0 52 4.3988 0.500878325112908
2LU0 53 1.612 0.511421614923855
2LU0 54 3.3806 0.519649314694089
2LU0 55 4.6113 0.696968074806416
2LU0 56 3.1117 0.684167669136727
2LU0 57 3.6494 0.584796998685932
2LU0 58 4.7511 0.491995674091831
2LU0 59 4.2328 0.475363795055857
2LU0 60 2.293 0.516840735384493
2LU0 61 2.8088 0.492576483437305
2LU0 62 0.0142 0.520155826700431
2LU0 63 2.853 0.655566737460529
2LU0 64 0.6587 0.443521851795585
2LU0 65 2.8943 0.458088902082107
2LU0 66 2.3325 0.50539381584388
2LU0 67 1.1623 0.482690647360798
2LU0 68 2.2872 0.410903703405271
2LU0 69 1.7153 0.378075968127747
2LU0 70 2.5473 0.714051115885415
2LU0 71 4.4109 0.266395845093841
2LU0 72 2.4737 0.706329726057628
2LU0 73 3.5218 0.760875506166166
2LU0 74 2.8917 0.770157730764038
2LU0 75 0.5347 0.507200064983748
2LU0 76 4.7349 0.880063748360446
2LU0 77 2.9282 0.801875933204889
2LU0 78 3.48 0.812382431843927
2LU0 79 2.9338 0.52061566194748
2LU0 80 4.0252 0.832500550313241
2LU0 81 0.1239 0.473238735722904
2LU0 82 0.4523 0.520594989256885
2LU0 83 0.3961 0.520312022089749
2LU0 84 2.5764 0.388029946366336
2LU0 85 1.4592 0.884914602980355
2LU0 86 0.6183 0.520272868324629
2LU0 87 4.3013 0.51664970728869
2LU0 88 0.9657 0.519607689532124
2LU0 89 1.9147 0.922164864054677
2LU0 90 0.2307 0.82392517629997
2LU0 91 0.2291 0.452028757235869
2LU0 92 2.326 0.842266873368703
2LU0 93 3.6756 0.968820142400332
2LU0 94 4.7057 0.980294387196635
2LU0 95 3.0829 0.840745130190233
2LU0 96 2.458 0.318983004343783
2LU0 97 2.6982 0.519603135322842
2LU0 98 1.4676 0.48697912707963
2LU0 99 0.1386 0.495389943367086
2LU0 100 3.4017 1
