2LUB 1 1.1805 0
2LUB 2 4.1809 0
2LUB 3 1.4186 0
2LUB 4 4.758 0
2LUB 5 2.2112 0
2LUB 6 1.5323 0
2LUB 7 4.1518 0
2LUB 8 2.0619 1
2LUB 9 3.9508 0
2LUB 10 3.5434 1
2LUB 11 4.7058 0
2LUB 12 3.329 0
2LUB 13 3.9168 0
2LUB 14 2.3913 0
2LUB 15 0.7482 1
2LUB 16 1.8382 0
2LUB 17 3.4917 0
2LUB 18 1.2226 0
2LUB 19 4.5308 1
2LUB 20 0.9264 1
2LUB 21 4.0811 0
2LUB 22 3.7035 1
2LUB 23 3.5457 0
2LUB 24 3.2616 0
2LUB 25 2.2343 0
2LUB 26 2.1259 0
2LUB 27 3.5933 1
2LUB 28 1.8882 1
2LUB 29 0.9875 0
2LUB 30 3.5419 1
2LUB 31 3.7256 0
2LUB 32 2.2194 0
2LUB 33 3.205 0
2LUB 34 2.6048 0
2LUB 35 3.1813 0
2LUB 36 3.9484 0
2LUB 37 3.8906 1
2LUB 38 3.6343 0
2LUB 39 2.1976 0
2LUB 40 4.0835 0
2LUB 41 1.6727 0
2LUB 42 0.1048 0
2LUB 43 2.5026 1
2LUB 44 0.532 1
2LUB 45 1.4319 0
2LUB 46 3.6161 0
2LUB 47 3.3736 0
2LUB 48 3.0195 1
2LUB 49 0.3876 0
2LUB 50 1.7317 0
2LUB 51 3.9151 1
2LUB 52 4.3012 1
2LUB 53 1.6159 0
2LUB 54 3.6791 0
2LUB 55 4.6978 0
2LUB 56 3.1159 0
2LUB 57 3.3179 0
2LUB 58 4.475 0
2LUB 59 3.9744 0
2LUB 60 2.3036 0
2LUB 61 2.7821 0
2LUB 62 0.0141 0
2LUB 63 2.8313 0
2LUB 64 0.6467 0
2LUB 65 2.7178 1
2LUB 66 2.2901 0
2LUB 67 1.1545 1
2LUB 68 2.2916 0
2LUB 69 1.6944 0
2LUB 70 2.5462 1
2LUB 71 4.4245 1
2LUB 72 2.4319 1
2LUB 73 3.6328 0
2LUB 74 2.8487 0
2LUB 75 0.5233 0
2LUB 76 4.6518 0
2LUB 77 2.9179 0
2LUB 78 3.4505 0
2LUB 79 2.9225 0
2LUB 80 3.767 1
2LUB 81 0.1239 0
2LUB 82 0.4489 0
2LUB 83 0.3934 0
2LUB 84 2.5422 1
2LUB 85 1.4409 0
2LUB 86 0.6062 1
2LUB 87 4.4521 0
2LUB 88 0.9558 0
2LUB 89 1.8951 0
2LUB 90 0.2295 1
2LUB 91 0.2269 0
2LUB 92 2.4358 0
2LUB 93 3.5812 1
2LUB 94 4.8351 0
2LUB 95 3.0425 0
2LUB 96 2.4525 0
2LUB 97 2.7589 0
2LUB 98 1.4506 0
2LUB 99 0.1359 0
2LUB 100 3.452 0
