2LUB 1 1.1805 0.00567857114742217
2LUB 2 4.1809 0.132883773570355
2LUB 3 1.4186 0.363657767202039
2LUB 4 4.758 0.450651015215154
2LUB 5 2.2112 0.0429207773807376
2LUB 6 1.5323 0.310101737784548
2LUB 7 4.1518 0.710125850773985
2LUB 8 2.0619 0.0710149211206028
2LUB 9 3.9508 0.737596034625046
2LUB 10 3.5434 0.0920182819113739
2LUB 11 4.7058 0.645945339953782
2LUB 12 3.329 0.114564999328783
2LUB 13 3.9168 0.125647643645134
2LUB 14 2.3913 0.455441454662027
2LUB 15 0.7482 0.383865640274175
2LUB 16 1.8382 0.391764624261275
2LUB 17 3.4917 0.238657849041237
2LUB 18 1.2226 0.710667151903211
2LUB 19 4.5308 0.182099675260671
2LUB 20 0.9264 0.810310815018512
2LUB 21 4.0811 0.2000969794306
2LUB 22 3.7035 0.297530047415579
2LUB 23 3.5457 0.453271316244415
2LUB 24 3.2616 0.434749506658326
2LUB 25 2.2343 0.385600635756768
2LUB 26 2.1259 0.253752969076889
2LUB 27 3.5933 0.406765278519699
2LUB 28 1.8882 0.431119853177406
2LUB 29 0.9875 0.283933490906336
2LUB 30 3.5419 0.294301754966423
2LUB 31 3.7256 0.317316296810243
2LUB 32 2.2194 0.314326565471452
2LUB 33 3.205 0.435267934191861
2LUB 34 2.6048 0.330477190565652
2LUB 35 3.1813 0.351293671196701
2LUB 36 3.9484 0.354678597477117
2LUB 37 3.8906 0.448858081619444
2LUB 38 3.6343 0.381458087797726
2LUB 39 2.1976 0.391242989903645
2LUB 40 4.0835 0.450701792976709
2LUB 41 1.6727 0.417733467727941
2LUB 42 0.1048 0.38059947599135
2LUB 43 2.5026 0.428134387214698
2LUB 44 0.532 0.402579941783982
2LUB 45 1.4319 0.448687937481625
2LUB 46 3.6161 0.461641142180448
2LUB 47 3.3736 0.470425858466042
2LUB 48 3.0195 0.474176702520153
2LUB 49 0.3876 0.452642861106228
2LUB 50 1.7317 0.472273007047621
2LUB 51 3.9151 0.46034772340838
2LUB 52 4.3012 0.521793311008785
2LUB 53 1.6159 0.464025286393758
2LUB 54 3.6791 0.435921099162716
2LUB 55 4.6978 0.473520156816027
2LUB 56 3.1159 0.472394385413368
2LUB 57 3.3179 0.853975397683531
2LUB 58 4.475 0.468170481186873
2LUB 59 3.9744 0.428167692064257
2LUB 60 2.3036 0.460696063292577
2LUB 61 2.7821 0.473615154443095
2LUB 62 0.0141 0.466536612122938
2LUB 63 2.8313 0.470601844335481
2LUB 64 0.6467 0.430213537397387
2LUB 65 2.7178 0.645815554470937
2LUB 66 2.2901 0.680125786530815
2LUB 67 1.1545 0.671630303749918
2LUB 68 2.2916 0.453705497505245
2LUB 69 1.6944 0.671844597417084
2LUB 70 2.5462 0.714037724649536
2LUB 71 4.4245 0.71246622363204
2LUB 72 2.4319 0.474150044133661
2LUB 73 3.6328 0.732611481651772
2LUB 74 2.8487 0.471781055941111
2LUB 75 0.5233 0.445252239791811
2LUB 76 4.6518 0.414807647287444
2LUB 77 2.9179 0.39191630389459
2LUB 78 3.4505 0.783608647221909
2LUB 79 2.9225 0.791982859686595
2LUB 80 3.767 0.752969279462149
2LUB 81 0.1239 0.747477246284236
2LUB 82 0.4489 0.473868428479928
2LUB 83 0.3934 0.473744032628983
2LUB 84 2.5422 0.841699645293108
2LUB 85 1.4409 0.472261697474855
2LUB 86 0.6062 0.434716444972236
2LUB 87 4.4521 0.473139368788816
2LUB 88 0.9558 0.456852097470209
2LUB 89 1.8951 0.47419077371934
2LUB 90 0.2295 0.797924963732737
2LUB 91 0.2269 0.473957089998532
2LUB 92 2.4358 0.427149653939216
2LUB 93 3.5812 0.932450173231105
2LUB 94 4.8351 0.47202384231515
2LUB 95 3.0425 0.388602452942553
2LUB 96 2.4525 0.472521226889978
2LUB 97 2.7589 0.889364016755903
2LUB 98 1.4506 0.470225057207133
2LUB 99 0.1359 0.969001463626806
2LUB 100 3.452 1
