2LUN 1 1.1995 0.766971965974069
2LUN 2 4.2114 0.0101133802916293
2LUN 3 1.4256 0.454983465011981
2LUN 4 4.6538 0.260383588613259
2LUN 5 2.1255 0.423654381638306
2LUN 6 1.5578 0.460015777936681
2LUN 7 3.9788 0.357643162327287
2LUN 8 2.0345 0.44552236010257
2LUN 9 3.8321 0.0824997549415018
2LUN 10 3.5741 0.470009071053138
2LUN 11 4.5591 0.10346883335048
2LUN 12 3.2064 0.113152713558154
2LUN 13 3.8618 0.121629770649292
2LUN 14 2.459 0.424881152626124
2LUN 15 0.7499 0.464160822356629
2LUN 16 1.86 0.453277625213614
2LUN 17 3.5686 0.474674852808286
2LUN 18 1.2111 0.171675857503632
2LUN 19 4.4302 0.183446980587501
2LUN 20 0.9473 0.67989496964685
2LUN 21 4.3658 0.204714850268553
2LUN 22 4.24 0.212801479861003
2LUN 23 3.6556 0.221294828826804
2LUN 24 3.3259 0.231154649430933
2LUN 25 2.3601 0.440922781921588
2LUN 26 2.0989 0.237426155832873
2LUN 27 3.4497 0.286060066690571
2LUN 28 1.8923 0.282362974327027
2LUN 29 1.0387 0.727913235000285
2LUN 30 3.3244 0.292435493384864
2LUN 31 3.596 0.458331867141702
2LUN 32 2.1694 0.371828430549106
2LUN 33 3.1701 0.321343516163588
2LUN 34 2.6082 0.333318521744864
2LUN 35 3.1925 0.356741466047846
2LUN 36 4.0982 0.381524850859833
2LUN 37 4.0771 0.361354451686056
2LUN 38 3.6855 0.372089704768428
2LUN 39 2.1744 0.40131863458311
2LUN 40 3.9133 0.392255560681393
2LUN 41 1.7238 0.402036107529128
2LUN 42 0.1047 0.414090666751061
2LUN 43 2.5048 0.430199029724732
2LUN 44 0.5392 0.439707503528637
2LUN 45 1.4581 0.44324265753899
2LUN 46 3.6166 0.459964556374017
2LUN 47 3.3691 0.469728435481949
2LUN 48 3.0726 0.476863543440716
2LUN 49 0.3885 0.473365758484909
2LUN 50 1.7399 0.585813969464835
2LUN 51 3.9721 0.512275255157577
2LUN 52 4.4101 0.480882542725738
2LUN 53 1.6134 0.477481894121716
2LUN 54 3.5298 0.540228706628947
2LUN 55 4.4694 0.482188575624821
2LUN 56 3.2467 0.479420082097348
2LUN 57 3.5505 0.481665918377079
2LUN 58 4.4343 0.482454651069554
2LUN 59 4.0661 0.482398079835034
2LUN 60 2.2634 0.470006462979501
2LUN 61 2.8767 0.48096296252231
2LUN 62 0.014 0.424848049818731
2LUN 63 2.8809 0.429954638074778
2LUN 64 0.6614 0.456774831941334
2LUN 65 2.814 0.482424222367044
2LUN 66 2.3364 0.646826692998795
2LUN 67 1.1618 0.667417181137407
2LUN 68 2.3054 0.383838181007645
2LUN 69 1.6917 0.482023238076244
2LUN 70 2.5326 0.482475093941587
2LUN 71 4.6931 0.710161256551921
2LUN 72 2.4174 0.718680147244642
2LUN 73 3.6729 0.482527927920644
2LUN 74 2.8264 0.482390542074348
2LUN 75 0.5326 0.447468795041584
2LUN 76 4.3662 0.731391077065971
2LUN 77 2.9844 0.371224551958939
2LUN 78 3.6835 0.482273515641586
2LUN 79 2.893 0.791533572764192
2LUN 80 3.8436 0.745212287722736
2LUN 81 0.1239 0.803545880944232
2LUN 82 0.4505 0.377054742873959
2LUN 83 0.3958 0.476842679567349
2LUN 84 2.5043 0.473366383631535
2LUN 85 1.4288 0.479443106889315
2LUN 86 0.6198 0.838157980935271
2LUN 87 4.41 0.870855583534448
2LUN 88 0.9442 0.469138085189365
2LUN 89 1.9028 0.392193135636582
2LUN 90 0.2285 0.475462336219704
2LUN 91 0.226 0.482330599975154
2LUN 92 2.3422 0.919818486043138
2LUN 93 3.662 0.425054406654597
2LUN 94 4.6039 0.846711289553939
2LUN 95 3.1323 0.948761068720541
2LUN 96 2.4513 0.888441830662351
2LUN 97 2.6928 0.946945452724769
2LUN 98 1.483 0.977767604971633
2LUN 99 0.1386 0.971688476281929
2LUN 100 3.4989 1
