2LUN 1 1.1995 0
2LUN 2 4.2114 0
2LUN 3 1.4256 0
2LUN 4 4.6538 0
2LUN 5 2.1255 0
2LUN 6 1.5578 1
2LUN 7 3.9788 0
2LUN 8 2.0345 0
2LUN 9 3.8321 0
2LUN 10 3.5741 0
2LUN 11 4.5591 0
2LUN 12 3.2064 0
2LUN 13 3.8618 0
2LUN 14 2.459 0
2LUN 15 0.7499 0
2LUN 16 1.86 0
2LUN 17 3.5686 0
2LUN 18 1.2111 0
2LUN 19 4.4302 0
2LUN 20 0.9473 0
2LUN 21 4.3658 0
2LUN 22 4.24 0
2LUN 23 3.6556 0
2LUN 24 3.3259 0
2LUN 25 2.3601 0
2LUN 26 2.0989 0
2LUN 27 3.4497 1
2LUN 28 1.8923 0
2LUN 29 1.0387 0
2LUN 30 3.3244 0
2LUN 31 3.596 0
2LUN 32 2.1694 0
2LUN 33 3.1701 0
2LUN 34 2.6082 0
2LUN 35 3.1925 0
2LUN 36 4.0982 0
2LUN 37 4.0771 0
2LUN 38 3.6855 0
2LUN 39 2.1744 0
2LUN 40 3.9133 1
2LUN 41 1.7238 0
2LUN 42 0.1047 0
2LUN 43 2.5048 0
2LUN 44 0.5392 0
2LUN 45 1.4581 0
2LUN 46 3.6166 0
2LUN 47 3.3691 0
2LUN 48 3.0726 0
2LUN 49 0.3885 0
2LUN 50 1.7399 0
2LUN 51 3.9721 0
2LUN 52 4.4101 0
2LUN 53 1.6134 0
2LUN 54 3.5298 0
2LUN 55 4.4694 1
2LUN 56 3.2467 0
2LUN 57 3.5505 0
2LUN 58 4.4343 0
2LUN 59 4.0661 1
2LUN 60 2.2634 1
2LUN 61 2.8767 0
2LUN 62 0.014 0
2LUN 63 2.8809 0
2LUN 64 0.6614 0
2LUN 65 2.814 1
2LUN 66 2.3364 0
2LUN 67 1.1618 0
2LUN 68 2.3054 1
2LUN 69 1.6917 0
2LUN 70 2.5326 0
2LUN 71 4.6931 0
2LUN 72 2.4174 1
2LUN 73 3.6729 0
2LUN 74 2.8264 0
2LUN 75 0.5326 0
2LUN 76 4.3662 0
2LUN 77 2.9844 0
2LUN 78 3.6835 0
2LUN 79 2.893 0
2LUN 80 3.8436 0
2LUN 81 0.1239 0
2LUN 82 0.4505 0
2LUN 83 0.3958 0
2LUN 84 2.5043 0
2LUN 85 1.4288 1
2LUN 86 0.6198 0
2LUN 87 4.41 0
2LUN 88 0.9442 0
2LUN 89 1.9028 0
2LUN 90 0.2285 1
2LUN 91 0.226 0
2LUN 92 2.3422 1
2LUN 93 3.662 0
2LUN 94 4.6039 1
2LUN 95 3.1323 1
2LUN 96 2.4513 0
2LUN 97 2.6928 0
2LUN 98 1.483 0
2LUN 99 0.1386 0
2LUN 100 3.4989 1
