2LV0 1 1.1969 0.420682795261162
2LV0 2 4.3315 0.3163591260082
2LV0 3 1.4401 0.462556406234089
2LV0 4 4.5382 0.0305105690776139
2LV0 5 2.2588 0.385039198132061
2LV0 6 1.539 0.661141670904011
2LV0 7 4.091 0.433745204755586
2LV0 8 2.1002 0.441823790483668
2LV0 9 3.8043 0.42851760267406
2LV0 10 3.5661 0.386851822579432
2LV0 11 4.6372 0.103406432846568
2LV0 12 3.2804 0.114132434035006
2LV0 13 3.8059 0.446552789917685
2LV0 14 2.4206 0.468978831301366
2LV0 15 0.7472 0.472751307126268
2LV0 16 1.8551 0.468282675989996
2LV0 17 3.4479 0.34966479130386
2LV0 18 1.2225 0.480002869703333
2LV0 19 4.3356 0.420917628046833
2LV0 20 0.9329 0.471561164287637
2LV0 21 4.2161 0.430950297702022
2LV0 22 3.8023 0.391844745005429
2LV0 23 3.514 0.664288615000517
2LV0 24 3.3508 0.475529779372522
2LV0 25 2.3073 0.417635656139812
2LV0 26 2.1529 0.253146313523561
2LV0 27 3.6079 0.362127968804053
2LV0 28 1.8411 0.368820129263863
2LV0 29 1.0369 0.699605519444046
2LV0 30 3.3886 0.413208224896945
2LV0 31 3.6332 0.457447290336136
2LV0 32 2.2173 0.313804164057531
2LV0 33 3.2477 0.324917220614845
2LV0 34 2.6206 0.383149189993301
2LV0 35 3.1045 0.460196387030363
2LV0 36 4.2607 0.354516862785541
2LV0 37 4.0232 0.394172617281124
2LV0 38 3.6565 0.386752488155427
2LV0 39 2.2082 0.386210849344795
2LV0 40 3.7933 0.452702494782284
2LV0 41 1.6664 0.427555015425775
2LV0 42 0.1034 0.433079369347299
2LV0 43 2.64 0.429675335999001
2LV0 44 0.5408 0.458224040494532
2LV0 45 1.4845 0.453203298703824
2LV0 46 3.4659 0.464171957164968
2LV0 47 3.341 0.473684102897551
2LV0 48 3.0917 0.407435662833748
2LV0 49 0.3911 0.485917421114381
2LV0 50 1.7411 0.470130815766719
2LV0 51 4.1015 0.564047027530949
2LV0 52 4.1601 0.524991433205407
2LV0 53 1.6122 0.481892329311069
2LV0 54 3.3676 0.483027110166579
2LV0 55 4.6667 0.547173186207845
2LV0 56 3.1941 0.808163648814937
2LV0 57 3.6559 0.483989701343438
2LV0 58 4.3011 0.485511704907271
2LV0 59 4.0304 0.485156332722489
2LV0 60 2.2572 0.484677370908214
2LV0 61 2.7702 0.483488297194985
2LV0 62 0.0141 0.471081784396532
2LV0 63 2.8101 0.486547748244674
2LV0 64 0.6484 0.481737692775257
2LV0 65 2.8787 0.648953991897276
2LV0 66 2.3224 0.474713417039148
2LV0 67 1.1516 0.48446853107809
2LV0 68 2.2839 0.477657759879431
2LV0 69 1.7177 0.487575486044243
2LV0 70 2.4983 0.485869833853707
2LV0 71 4.6635 0.428697922792311
2LV0 72 2.4406 0.725384271169789
2LV0 73 3.6016 0.736935678825703
2LV0 74 2.9211 0.483678046746
2LV0 75 0.5301 0.444046764644753
2LV0 76 4.5975 0.384514182295961
2LV0 77 2.9641 0.777476738667973
2LV0 78 3.5408 0.487530324417404
2LV0 79 2.8919 0.798091459141123
2LV0 80 3.8813 0.485950643414439
2LV0 81 0.1248 0.483853866105511
2LV0 82 0.4505 0.827019251289268
2LV0 83 0.3956 0.835136147106679
2LV0 84 2.576 0.437774368090335
2LV0 85 1.4244 0.856830008157451
2LV0 86 0.6085 0.484667474785691
2LV0 87 4.3841 0.486341735570354
2LV0 88 0.9513 0.481657879727668
2LV0 89 1.8757 0.485514211325094
2LV0 90 0.2277 0.486796936891552
2LV0 91 0.2273 0.482559566744312
2LV0 92 2.2733 0.485613863822586
2LV0 93 3.6054 0.893226847426198
2LV0 94 4.7655 0.474839094693036
2LV0 95 3.0228 0.958867639240033
2LV0 96 2.4042 0.485737723644385
2LV0 97 2.7274 0.481304970304477
2LV0 98 1.4716 0.485935658236883
2LV0 99 0.1391 1
2LV0 100 3.4313 0.488358433828653
