2M12 1 1.2019 0.4352752556585
2M12 2 4.1667 0.354885882542875
2M12 3 1.4418 0.461206316197151
2M12 4 4.3959 0.459366867766742
2M12 5 2.1627 0.433009545937437
2M12 6 1.5231 0.191251389038322
2M12 7 4.0167 0.402972724859781
2M12 8 2.0413 0.382346471730437
2M12 9 3.7803 0.376315591316714
2M12 10 3.4992 0.384530894653129
2M12 11 4.6333 0.489275686171691
2M12 12 3.2371 0.483636429197343
2M12 13 3.9388 0.32852036256532
2M12 14 2.326 0.459539362727369
2M12 15 0.7442 0.49350163359523
2M12 16 1.8273 0.358531318259697
2M12 17 3.5958 0.634470871527469
2M12 18 1.208 0.177447243598351
2M12 19 4.3041 0.48980126774153
2M12 20 0.9511 0.345437441978712
2M12 21 4.2558 0.480350569165756
2M12 22 3.905 0.483084821952877
2M12 23 3.5019 0.227498683538948
2M12 24 3.2091 0.445364641095369
2M12 25 2.3152 0.42922688217174
2M12 26 2.1427 0.300148610061917
2M12 27 3.4513 0.39618210431155
2M12 28 1.8834 0.305842249867378
2M12 29 1.0297 0.290641609959857
2M12 30 3.3998 0.375521448541836
2M12 31 3.5339 0.472575524880002
2M12 32 2.2309 0.457174992453219
2M12 33 3.1935 0.334436787270677
2M12 34 2.6009 0.341401610719185
2M12 35 2.9819 0.425180909214398
2M12 36 3.7977 0.362189001635916
2M12 37 3.7243 0.373615904507161
2M12 38 3.6241 0.398808030278012
2M12 39 2.1692 0.452584242343022
2M12 40 3.8112 0.437123163490163
2M12 41 1.6939 0.429956059289112
2M12 42 0.1044 0.42417428393376
2M12 43 2.4544 0.433968986885513
2M12 44 0.5365 0.446823661600282
2M12 45 1.4779 0.461834489181509
2M12 46 3.4262 0.474190961382512
2M12 47 3.2748 0.427753581913139
2M12 48 3.0764 0.494194618926053
2M12 49 0.3925 0.452109562406774
2M12 50 1.7359 0.514988434988773
2M12 51 3.6562 0.484123445874874
2M12 52 4.49 0.495229016493504
2M12 53 1.6107 0.493199677446945
2M12 54 3.4349 0.495187615891181
2M12 55 4.503 0.578649212442168
2M12 56 3.1428 0.571175085432938
2M12 57 3.315 0.531204020668507
2M12 58 4.239 0.612951315566471
2M12 59 3.8928 0.465835550072936
2M12 60 2.2486 0.671757073627186
2M12 61 2.8523 0.463825026440344
2M12 62 0.014 0.42302360103273
2M12 63 2.8577 0.461535057338513
2M12 64 0.6504 0.495299877246956
2M12 65 2.7846 0.429297942313743
2M12 66 2.4181 0.495167499652274
2M12 67 1.1735 0.479271311798621
2M12 68 2.3201 0.495065993856508
2M12 69 1.6822 0.470095245835717
2M12 70 2.4779 0.495186524257599
2M12 71 4.5539 0.471529931145442
2M12 72 2.4148 0.743305107323539
2M12 73 3.5403 0.752574323776448
2M12 74 2.9499 0.755132466362194
2M12 75 0.5395 0.670248604028673
2M12 76 4.5531 0.761306954850733
2M12 77 2.9253 0.792373782261395
2M12 78 3.5446 0.801333142737054
2M12 79 2.8449 0.814515926469279
2M12 80 3.811 0.825560989583344
2M12 81 0.1241 0.473584938405769
2M12 82 0.4507 0.439322640875155
2M12 83 0.4028 0.493540409584139
2M12 84 2.5194 0.811758144046672
2M12 85 1.4386 0.47665034318752
2M12 86 0.6201 0.422472205351787
2M12 87 4.5111 0.495523778177023
2M12 88 0.9445 0.340991302354425
2M12 89 1.8658 0.454121895648604
2M12 90 0.23 0.4896712518749
2M12 91 0.2275 0.371325335227252
2M12 92 2.3601 0.452182743877096
2M12 93 3.3692 0.493549670451924
2M12 94 4.4518 0.969851294048168
2M12 95 3.2518 0.980427748328623
2M12 96 2.3712 0.495566018666797
2M12 97 2.5944 1
2M12 98 1.4771 0.95787185246225
2M12 99 0.1387 0.491517106529698
2M12 100 3.3924 0.462989216589656
