2M12 1 1.2019 0
2M12 2 4.1667 0
2M12 3 1.4418 0
2M12 4 4.3959 1
2M12 5 2.1627 0
2M12 6 1.5231 0
2M12 7 4.0167 0
2M12 8 2.0413 0
2M12 9 3.7803 0
2M12 10 3.4992 1
2M12 11 4.6333 0
2M12 12 3.2371 1
2M12 13 3.9388 0
2M12 14 2.326 0
2M12 15 0.7442 0
2M12 16 1.8273 0
2M12 17 3.5958 0
2M12 18 1.208 0
2M12 19 4.3041 0
2M12 20 0.9511 0
2M12 21 4.2558 0
2M12 22 3.905 0
2M12 23 3.5019 0
2M12 24 3.2091 0
2M12 25 2.3152 0
2M12 26 2.1427 0
2M12 27 3.4513 0
2M12 28 1.8834 1
2M12 29 1.0297 0
2M12 30 3.3998 0
2M12 31 3.5339 0
2M12 32 2.2309 0
2M12 33 3.1935 0
2M12 34 2.6009 0
2M12 35 2.9819 0
2M12 36 3.7977 0
2M12 37 3.7243 0
2M12 38 3.6241 0
2M12 39 2.1692 0
2M12 40 3.8112 0
2M12 41 1.6939 0
2M12 42 0.1044 0
2M12 43 2.4544 0
2M12 44 0.5365 0
2M12 45 1.4779 0
2M12 46 3.4262 1
2M12 47 3.2748 0
2M12 48 3.0764 0
2M12 49 0.3925 0
2M12 50 1.7359 0
2M12 51 3.6562 0
2M12 52 4.49 0
2M12 53 1.6107 0
2M12 54 3.4349 0
2M12 55 4.503 1
2M12 56 3.1428 0
2M12 57 3.315 0
2M12 58 4.239 0
2M12 59 3.8928 0
2M12 60 2.2486 0
2M12 61 2.8523 0
2M12 62 0.014 1
2M12 63 2.8577 1
2M12 64 0.6504 0
2M12 65 2.7846 0
2M12 66 2.4181 0
2M12 67 1.1735 1
2M12 68 2.3201 1
2M12 69 1.6822 1
2M12 70 2.4779 0
2M12 71 4.5539 0
2M12 72 2.4148 0
2M12 73 3.5403 0
2M12 74 2.9499 0
2M12 75 0.5395 1
2M12 76 4.5531 0
2M12 77 2.9253 0
2M12 78 3.5446 1
2M12 79 2.8449 0
2M12 80 3.811 0
2M12 81 0.1241 0
2M12 82 0.4507 0
2M12 83 0.4028 0
2M12 84 2.5194 0
2M12 85 1.4386 0
2M12 86 0.6201 0
2M12 87 4.5111 0
2M12 88 0.9445 0
2M12 89 1.8658 0
2M12 90 0.23 0
2M12 91 0.2275 0
2M12 92 2.3601 0
2M12 93 3.3692 0
2M12 94 4.4518 0
2M12 95 3.2518 0
2M12 96 2.3712 0
2M12 97 2.5944 0
2M12 98 1.4771 0
2M12 99 0.1387 1
2M12 100 3.3924 0
