2M21 1 1.1718 0.443270065733151
2M21 2 4.0551 0.704184102728559
2M21 3 1.4192 0.336138243477223
2M21 4 4.2807 0.660691197863438
2M21 5 2.1448 0.488205009927128
2M21 6 1.5487 0.0533558669740797
2M21 7 3.9507 0.0621537146479819
2M21 8 2.0212 0.485744832599621
2M21 9 3.8627 0.651956692118236
2M21 10 3.2581 0.44619216785059
2M21 11 4.4148 0.103020072390688
2M21 12 3.2002 0.653043067966393
2M21 13 3.9063 0.370092506669663
2M21 14 2.4129 0.133313925557539
2M21 15 0.7455 0.633422581444863
2M21 16 1.8113 0.155605739336967
2M21 17 3.4133 0.164506401347821
2M21 18 1.2301 0.373281535609679
2M21 19 3.8796 0.377045293795361
2M21 20 0.9438 0.434954184095103
2M21 21 3.9762 0.472580021842823
2M21 22 3.6684 0.446919982320998
2M21 23 3.6611 0.227271511265209
2M21 24 3.2114 0.237235243931094
2M21 25 2.2588 0.246908103993507
2M21 26 2.1508 0.398737608935382
2M21 27 3.3385 0.472902298499075
2M21 28 1.9089 0.446079043100972
2M21 29 1.0353 0.481344131894215
2M21 30 3.387 0.426691364477267
2M21 31 3.4467 0.311729119347694
2M21 32 2.1854 0.318399117477483
2M21 33 3.2294 0.33094635586853
2M21 34 2.5814 0.383107557157283
2M21 35 2.8716 0.350138304424573
2M21 36 3.5895 0.366903859031889
2M21 37 3.9581 0.368663568885896
2M21 38 3.7505 0.379710413452734
2M21 39 2.2136 0.389845579607322
2M21 40 3.8615 0.478130409820906
2M21 41 1.7099 0.411447007544568
2M21 42 0.1041 0.454013256445312
2M21 43 2.4681 0.458664625245631
2M21 44 0.5351 0.448088002605545
2M21 45 1.4759 0.449756794752598
2M21 46 3.324 0.451116396536397
2M21 47 3.2474 0.479580288723889
2M21 48 3.1426 0.489916324900382
2M21 49 0.3892 0.488994854646517
2M21 50 1.7728 0.457581726873935
2M21 51 3.6807 0.391733925586213
2M21 52 3.9729 0.493719692763124
2M21 53 1.5451 0.533516253679224
2M21 54 3.5822 0.470281409901956
2M21 55 4.3577 0.469034856607326
2M21 56 3.058 0.434339738407748
2M21 57 3.2565 0.48671459096961
2M21 58 4.0121 0.491588869061511
2M21 59 3.8063 0.492532805643566
2M21 60 2.2013 0.487937839071114
2M21 61 2.8425 0.486116114220216
2M21 62 0.014 0.493700688659306
2M21 63 2.8733 0.494531759777268
2M21 64 0.6553 0.696880395522072
2M21 65 2.6397 0.664091193708769
2M21 66 2.2668 0.674563141256955
2M21 67 1.1477 0.490678731110325
2M21 68 2.2877 0.490943812430044
2M21 69 1.6764 0.713540924239423
2M21 70 2.5496 0.602846183315538
2M21 71 4.3698 0.493961651914795
2M21 72 2.4281 0.65301660559069
2M21 73 3.3583 0.462107113412984
2M21 74 2.8614 0.494560815008227
2M21 75 0.5294 0.494366198343117
2M21 76 4.4903 0.493075261467337
2M21 77 2.8282 0.491363183889596
2M21 78 3.4535 0.492454211625124
2M21 79 2.7256 0.798712009827959
2M21 80 3.7043 0.341397514818397
2M21 81 0.1236 0.493167689131175
2M21 82 0.4459 0.494448971434148
2M21 83 0.3951 0.849482113767595
2M21 84 2.5466 0.858539338479653
2M21 85 1.4339 0.49379508384272
2M21 86 0.6199 0.494531271710397
2M21 87 4.1688 0.494505480426642
2M21 88 0.9462 0.494470065074261
2M21 89 1.9557 0.908975970729165
2M21 90 0.2269 0.494587673938263
2M21 91 0.2273 0.930852363340285
2M21 92 2.3152 0.494516431427077
2M21 93 3.4318 0.94905205669397
2M21 94 4.4788 0.494525384403756
2M21 95 3.1603 0.970659600719203
2M21 96 2.4699 0.981752704874229
2M21 97 2.5939 0.99262547734084
2M21 98 1.4308 1
2M21 99 0.1386 0.494365756032514
2M21 100 3.4403 0.44830719038723
