2M21 1 1.1718 0
2M21 2 4.0551 0
2M21 3 1.4192 0
2M21 4 4.2807 0
2M21 5 2.1448 0
2M21 6 1.5487 0
2M21 7 3.9507 1
2M21 8 2.0212 0
2M21 9 3.8627 0
2M21 10 3.2581 0
2M21 11 4.4148 0
2M21 12 3.2002 1
2M21 13 3.9063 0
2M21 14 2.4129 0
2M21 15 0.7455 0
2M21 16 1.8113 0
2M21 17 3.4133 0
2M21 18 1.2301 0
2M21 19 3.8796 0
2M21 20 0.9438 1
2M21 21 3.9762 0
2M21 22 3.6684 0
2M21 23 3.6611 1
2M21 24 3.2114 0
2M21 25 2.2588 0
2M21 26 2.1508 0
2M21 27 3.3385 0
2M21 28 1.9089 0
2M21 29 1.0353 1
2M21 30 3.387 0
2M21 31 3.4467 1
2M21 32 2.1854 0
2M21 33 3.2294 0
2M21 34 2.5814 0
2M21 35 2.8716 1
2M21 36 3.5895 0
2M21 37 3.9581 0
2M21 38 3.7505 0
2M21 39 2.2136 0
2M21 40 3.8615 0
2M21 41 1.7099 1
2M21 42 0.1041 0
2M21 43 2.4681 0
2M21 44 0.5351 0
2M21 45 1.4759 0
2M21 46 3.324 0
2M21 47 3.2474 1
2M21 48 3.1426 1
2M21 49 0.3892 0
2M21 50 1.7728 0
2M21 51 3.6807 0
2M21 52 3.9729 0
2M21 53 1.5451 0
2M21 54 3.5822 1
2M21 55 4.3577 0
2M21 56 3.058 0
2M21 57 3.2565 0
2M21 58 4.0121 1
2M21 59 3.8063 0
2M21 60 2.2013 0
2M21 61 2.8425 0
2M21 62 0.014 0
2M21 63 2.8733 1
2M21 64 0.6553 0
2M21 65 2.6397 0
2M21 66 2.2668 0
2M21 67 1.1477 0
2M21 68 2.2877 0
2M21 69 1.6764 0
2M21 70 2.5496 1
2M21 71 4.3698 1
2M21 72 2.4281 0
2M21 73 3.3583 1
2M21 74 2.8614 0
2M21 75 0.5294 0
2M21 76 4.4903 0
2M21 77 2.8282 0
2M21 78 3.4535 0
2M21 79 2.7256 0
2M21 80 3.7043 0
2M21 81 0.1236 0
2M21 82 0.4459 0
2M21 83 0.3951 1
2M21 84 2.5466 0
2M21 85 1.4339 1
2M21 86 0.6199 0
2M21 87 4.1688 0
2M21 88 0.9462 0
2M21 89 1.9557 0
2M21 90 0.2269 1
2M21 91 0.2273 0
2M21 92 2.3152 1
2M21 93 3.4318 0
2M21 94 4.4788 0
2M21 95 3.1603 0
2M21 96 2.4699 1
2M21 97 2.5939 0
2M21 98 1.4308 0
2M21 99 0.1386 0
2M21 100 3.4403 1
