2M22 1 1.1857 0
2M22 2 4.1309 0
2M22 3 1.4335 1
2M22 4 4.6483 0
2M22 5 2.2084 0
2M22 6 1.5772 0
2M22 7 4.2555 0
2M22 8 2.0745 1
2M22 9 3.9261 0
2M22 10 3.5618 0
2M22 11 4.31 0
2M22 12 3.2386 0
2M22 13 4.0681 0
2M22 14 2.283 0
2M22 15 0.7524 1
2M22 16 1.8111 0
2M22 17 3.3787 1
2M22 18 1.2214 0
2M22 19 4.1144 0
2M22 20 0.9473 1
2M22 21 4.1053 1
2M22 22 3.8646 1
2M22 23 3.6456 0
2M22 24 3.1552 0
2M22 25 2.2867 0
2M22 26 2.1762 0
2M22 27 3.5276 0
2M22 28 1.9023 0
2M22 29 1.0168 0
2M22 30 3.4188 1
2M22 31 3.5646 0
2M22 32 2.1837 0
2M22 33 3.1387 0
2M22 34 2.6257 0
2M22 35 3.0768 0
2M22 36 3.9292 0
2M22 37 3.9865 0
2M22 38 3.7258 1
2M22 39 2.1446 0
2M22 40 4.0634 1
2M22 41 1.6525 0
2M22 42 0.1044 0
2M22 43 2.4276 0
2M22 44 0.5343 0
2M22 45 1.4311 0
2M22 46 3.4278 0
2M22 47 3.4876 0
2M22 48 3.0182 0
2M22 49 0.3902 0
2M22 50 1.7081 1
2M22 51 3.921 0
2M22 52 4.4209 0
2M22 53 1.6089 0
2M22 54 3.5344 0
2M22 55 4.0551 0
2M22 56 3.0455 1
2M22 57 3.3683 0
2M22 58 4.3771 0
2M22 59 3.985 0
2M22 60 2.2125 0
2M22 61 2.7094 1
2M22 62 0.014 0
2M22 63 2.9205 0
2M22 64 0.6535 0
2M22 65 2.7673 0
2M22 66 2.3301 0
2M22 67 1.1721 1
2M22 68 2.3265 0
2M22 69 1.6643 0
2M22 70 2.4939 0
2M22 71 4.2027 0
2M22 72 2.4473 0
2M22 73 3.3657 0
2M22 74 2.9082 0
2M22 75 0.5297 0
2M22 76 4.7811 0
2M22 77 2.8619 0
2M22 78 3.5499 1
2M22 79 2.8469 1
2M22 80 3.9186 0
2M22 81 0.1238 0
2M22 82 0.444 1
2M22 83 0.3927 0
2M22 84 2.6108 0
2M22 85 1.415 1
2M22 86 0.6096 0
2M22 87 4.3289 0
2M22 88 0.9525 0
2M22 89 1.9279 0
2M22 90 0.2278 0
2M22 91 0.2272 0
2M22 92 2.3201 0
2M22 93 3.7304 0
2M22 94 4.5876 0
2M22 95 3.1431 0
2M22 96 2.4288 0
2M22 97 2.673 0
2M22 98 1.452 0
2M22 99 0.1391 0
2M22 100 3.5316 0
