2M22 1 1.1857 0.311141144745607
2M22 2 4.1309 0.420504849133265
2M22 3 1.4335 0.720885517730034
2M22 4 4.6483 0.03145401799305
2M22 5 2.2084 0.43248693744084
2M22 6 1.5772 0.265251556204662
2M22 7 4.2555 0.0617349963357166
2M22 8 2.0745 0.475257875374841
2M22 9 3.9261 0.344534969784656
2M22 10 3.5618 0.447809494282084
2M22 11 4.31 0.339995504259279
2M22 12 3.2386 0.785193296461651
2M22 13 4.0681 0.358528529874267
2M22 14 2.283 0.131598151982172
2M22 15 0.7524 0.471033219884779
2M22 16 1.8111 0.401164200046251
2M22 17 3.3787 0.455848678471393
2M22 18 1.2214 0.413149956736129
2M22 19 4.1144 0.187363039096779
2M22 20 0.9473 0.464735940362409
2M22 21 4.1053 0.363457062868112
2M22 22 3.8646 0.212904621141389
2M22 23 3.6456 0.225793433210197
2M22 24 3.1552 0.23460152208679
2M22 25 2.2867 0.245397715571838
2M22 26 2.1762 0.761867845675316
2M22 27 3.5276 0.264664755560891
2M22 28 1.9023 0.355307509793635
2M22 29 1.0168 0.685981846385921
2M22 30 3.4188 0.354135704284175
2M22 31 3.5646 0.303274577944529
2M22 32 2.1837 0.396607515767471
2M22 33 3.1387 0.324620277291887
2M22 34 2.6257 0.447145442941819
2M22 35 3.0768 0.605052801560448
2M22 36 3.9292 0.359308897354728
2M22 37 3.9865 0.361022089729648
2M22 38 3.7258 0.41362264028871
2M22 39 2.1446 0.368672709666289
2M22 40 4.0634 0.394753783860553
2M22 41 1.6525 0.404541435746138
2M22 42 0.1044 0.456942308563996
2M22 43 2.4276 0.426245913515449
2M22 44 0.5343 0.444275054669805
2M22 45 1.4311 0.456759654759046
2M22 46 3.4278 0.432279167791042
2M22 47 3.4876 0.466189013706679
2M22 48 3.0182 0.405822856909223
2M22 49 0.3902 0.477316971791625
2M22 50 1.7081 0.497627626629137
2M22 51 3.921 0.478148639376798
2M22 52 4.4209 0.438092838461098
2M22 53 1.6089 0.799810917500576
2M22 54 3.5344 0.477854195319487
2M22 55 4.0551 0.477675844053933
2M22 56 3.0455 0.477468293826513
2M22 57 3.3683 0.571956540503559
2M22 58 4.3771 0.337719854074972
2M22 59 3.985 0.437363604619944
2M22 60 2.2125 0.649076173750629
2M22 61 2.7094 0.587623541715827
2M22 62 0.014 0.476535201504135
2M22 63 2.9205 0.475893754943208
2M22 64 0.6535 0.475221843290192
2M22 65 2.7673 0.475356180530929
2M22 66 2.3301 0.471102427607763
2M22 67 1.1721 0.675540249493953
2M22 68 2.3265 0.474734495649628
2M22 69 1.6643 0.438435951657386
2M22 70 2.4939 0.73824174563001
2M22 71 4.2027 0.478289629709078
2M22 72 2.4473 0.468874022406702
2M22 73 3.3657 0.438652544067769
2M22 74 2.9082 0.444689315495828
2M22 75 0.5297 0.478230693840749
2M22 76 4.7811 0.358704265815379
2M22 77 2.8619 0.415313284679624
2M22 78 3.5499 0.282787998017925
2M22 79 2.8469 0.465220962807221
2M22 80 3.9186 0.309606998301222
2M22 81 0.1238 0.816188810309931
2M22 82 0.444 0.827623112133995
2M22 83 0.3927 0.816480660964185
2M22 84 2.6108 0.435238996015829
2M22 85 1.415 0.85871901021245
2M22 86 0.6096 0.478293059825653
2M22 87 4.3289 0.878239327228775
2M22 88 0.9525 0.478349096709679
2M22 89 1.9279 0.44602415846116
2M22 90 0.2278 0.477998903592144
2M22 91 0.2272 0.476602288560912
2M22 92 2.3201 0.929371727549448
2M22 93 3.7304 0.477571118627007
2M22 94 4.5876 0.409506204952298
2M22 95 3.1431 0.956807504416676
2M22 96 2.4288 0.969356655821942
2M22 97 2.673 0.44095611295512
2M22 98 1.452 0.478352366536572
2M22 99 0.1391 1
2M22 100 3.5316 0.945060544669196
