2M24 1 1.1844 1
2M24 2 4.2649 1
2M24 3 1.4254 0
2M24 4 4.6405 0
2M24 5 2.1748 0
2M24 6 1.5356 0
2M24 7 3.8664 0
2M24 8 2.0827 1
2M24 9 3.9945 0
2M24 10 3.5097 0
2M24 11 4.3439 0
2M24 12 3.1752 1
2M24 13 3.8218 0
2M24 14 2.3728 0
2M24 15 0.7512 1
2M24 16 1.8446 0
2M24 17 3.5503 0
2M24 18 1.2149 0
2M24 19 4.4604 0
2M24 20 0.9375 0
2M24 21 4.2732 0
2M24 22 3.8314 0
2M24 23 3.6108 0
2M24 24 3.2913 0
2M24 25 2.3317 0
2M24 26 2.1168 1
2M24 27 3.3515 0
2M24 28 1.8348 1
2M24 29 1.046 1
2M24 30 3.3559 0
2M24 31 3.4156 0
2M24 32 2.1671 0
2M24 33 3.235 1
2M24 34 2.59 0
2M24 35 3.0628 1
2M24 36 4.0929 0
2M24 37 4.0344 0
2M24 38 3.7764 0
2M24 39 2.145 0
2M24 40 4.017 0
2M24 41 1.6789 0
2M24 42 0.1054 1
2M24 43 2.4976 0
2M24 44 0.5364 0
2M24 45 1.4786 1
2M24 46 3.3035 0
2M24 47 3.5186 0
2M24 48 3.1352 0
2M24 49 0.391 0
2M24 50 1.728 1
2M24 51 3.7858 0
2M24 52 4.1145 0
2M24 53 1.5699 0
2M24 54 3.5572 1
2M24 55 4.4307 0
2M24 56 3.0328 1
2M24 57 3.6357 0
2M24 58 4.4186 0
2M24 59 3.984 0
2M24 60 2.2483 0
2M24 61 2.7762 0
2M24 62 0.014 1
2M24 63 2.932 0
2M24 64 0.6519 1
2M24 65 2.7829 0
2M24 66 2.3475 0
2M24 67 1.1565 0
2M24 68 2.2878 1
2M24 69 1.6739 1
2M24 70 2.5378 0
2M24 71 4.4383 0
2M24 72 2.3908 0
2M24 73 3.4785 0
2M24 74 2.8557 1
2M24 75 0.5281 0
2M24 76 4.3733 1
2M24 77 2.8489 0
2M24 78 3.5842 0
2M24 79 2.8688 0
2M24 80 3.7606 0
2M24 81 0.1241 0
2M24 82 0.4528 0
2M24 83 0.3958 0
2M24 84 2.5637 0
2M24 85 1.4439 0
2M24 86 0.6088 0
2M24 87 4.2641 1
2M24 88 0.94 0
2M24 89 1.8844 0
2M24 90 0.2278 0
2M24 91 0.2258 1
2M24 92 2.3258 0
2M24 93 3.7655 0
2M24 94 4.5437 0
2M24 95 3.0281 0
2M24 96 2.4255 0
2M24 97 2.6148 0
2M24 98 1.4507 0
2M24 99 0.139 0
2M24 100 3.4513 0
