2M24 1 1.1844 0.405309866247531
2M24 2 4.2649 0.461822169149393
2M24 3 1.4254 0.0254316744670077
2M24 4 4.6405 0.745450310086483
2M24 5 2.1748 0.436714556448253
2M24 6 1.5356 0.329337743385745
2M24 7 3.8664 0.222682195225453
2M24 8 2.0827 0.488629356327784
2M24 9 3.9945 0.370429099804868
2M24 10 3.5097 0.453324424020854
2M24 11 4.3439 0.202209690200801
2M24 12 3.1752 0.292569713246537
2M24 13 3.8218 0.430245060654923
2M24 14 2.3728 0.285277353174465
2M24 15 0.7512 0.309295878461503
2M24 16 1.8446 0.350505489110327
2M24 17 3.5503 0.173303689285405
2M24 18 1.2149 0.490244797549602
2M24 19 4.4604 0.48123684443567
2M24 20 0.9375 0.789901699620608
2M24 21 4.2732 0.768588848288906
2M24 22 3.8314 0.439901121393375
2M24 23 3.6108 0.340045954987134
2M24 24 3.2913 0.45983163581884
2M24 25 2.3317 0.476399460624547
2M24 26 2.1168 0.432198800599237
2M24 27 3.3515 0.278453381021889
2M24 28 1.8348 0.362788435372624
2M24 29 1.046 0.41583799227797
2M24 30 3.3559 0.410229872128746
2M24 31 3.4156 0.42640779520938
2M24 32 2.1671 0.459694436097134
2M24 33 3.235 0.473559259359475
2M24 34 2.59 0.362554694768478
2M24 35 3.0628 0.467536804004304
2M24 36 4.0929 0.384043432166604
2M24 37 4.0344 0.389523801479304
2M24 38 3.7764 0.398006800620362
2M24 39 2.145 0.370991769782398
2M24 40 4.017 0.41735248631904
2M24 41 1.6789 0.428207346527318
2M24 42 0.1054 0.419369521068302
2M24 43 2.4976 0.926089833860125
2M24 44 0.5364 0.380729148199385
2M24 45 1.4786 0.312233527320219
2M24 46 3.3035 0.481511721095506
2M24 47 3.5186 0.493666343861571
2M24 48 3.1352 0.496190707390471
2M24 49 0.391 0.396026431999626
2M24 50 1.728 0.525371171378137
2M24 51 3.7858 0.560006282713285
2M24 52 4.1145 0.831002345852772
2M24 53 1.5699 0.388496656756949
2M24 54 3.5572 0.494403993194321
2M24 55 4.4307 0.577345368795159
2M24 56 3.0328 0.403292513353987
2M24 57 3.6357 0.485459923452259
2M24 58 4.4186 0.494738410556574
2M24 59 3.984 0.629350967052835
2M24 60 2.2483 0.639519192364015
2M24 61 2.7762 0.714561156787881
2M24 62 0.014 0.608231881496218
2M24 63 2.932 0.489284097260588
2M24 64 0.6519 0.39996136773981
2M24 65 2.7829 0.453261129215907
2M24 66 2.3475 0.30571597583306
2M24 67 1.1565 0.705077418899892
2M24 68 2.2878 0.496903939149561
2M24 69 1.6739 0.735688545910264
2M24 70 2.5378 0.486792613943255
2M24 71 4.4383 0.411341865931168
2M24 72 2.3908 0.763934620141056
2M24 73 3.4785 0.40956916599065
2M24 74 2.8557 0.357309322729839
2M24 75 0.5281 0.479905951459868
2M24 76 4.3733 0.496978862128024
2M24 77 2.8489 0.496468431441633
2M24 78 3.5842 0.495624569640264
2M24 79 2.8688 0.76492151961171
2M24 80 3.7606 0.853125844722779
2M24 81 0.1241 0.448624828498359
2M24 82 0.4528 0.639123993536644
2M24 83 0.3958 0.4965598183867
2M24 84 2.5637 0.496856806074151
2M24 85 1.4439 0.496966454501017
2M24 86 0.6088 0.854296647495769
2M24 87 4.2641 0.92626847187459
2M24 88 0.94 0.420306217371222
2M24 89 1.8844 0.456847044771284
2M24 90 0.2278 0.447322059477105
2M24 91 0.2258 0.426103347038512
2M24 92 2.3258 0.496974344479216
2M24 93 3.7655 0.401795803578293
2M24 94 4.5437 1
2M24 95 3.0281 0.489317820554504
2M24 96 2.4255 0.83832920867225
2M24 97 2.6148 0.889404950729075
2M24 98 1.4507 0.495030148863368
2M24 99 0.139 0.915703361571343
2M24 100 3.4513 0.496843046333945
