2M4W 1 1.1776 0.392583604304622
2M4W 2 4.057 0.110189024836217
2M4W 3 1.4385 0.479662607580392
2M4W 4 4.3407 0.305317631249271
2M4W 5 2.1321 0.474216450173215
2M4W 6 1.5014 0.474367002347008
2M4W 7 3.9024 0.68516916853238
2M4W 8 2.0106 0.378779018645439
2M4W 9 3.6077 0.476338440919834
2M4W 10 3.5021 0.441341448433527
2M4W 11 4.3717 0.474762627617843
2M4W 12 3.0574 0.115039384072375
2M4W 13 3.8 0.124695138338426
2M4W 14 2.2705 0.432213433644891
2M4W 15 0.7402 0.379770355977044
2M4W 16 1.7996 0.439265535984183
2M4W 17 3.5396 0.409551559590402
2M4W 18 1.2201 0.443701201722814
2M4W 19 4.0986 0.186570791523239
2M4W 20 0.9451 0.391306164571223
2M4W 21 4.3025 0.451947476113605
2M4W 22 3.4565 0.215514525288106
2M4W 23 3.527 0.226124625235403
2M4W 24 3.1057 0.450077538126797
2M4W 25 2.3093 0.466632041792654
2M4W 26 2.1022 0.258346527358049
2M4W 27 3.2561 0.448087310122623
2M4W 28 1.8234 0.276475677095072
2M4W 29 1.0446 0.440999578544307
2M4W 30 3.3244 0.298853466611212
2M4W 31 3.47 0.350804063778702
2M4W 32 2.2144 0.406291683928372
2M4W 33 3.2118 0.327522300102015
2M4W 34 2.6168 0.368925764970642
2M4W 35 3.0169 0.348661967008716
2M4W 36 3.4865 0.359879640872765
2M4W 37 3.9102 0.373840452979179
2M4W 38 3.7469 0.381097935421157
2M4W 39 2.1092 0.461915280173179
2M4W 40 3.6385 0.400884231167548
2M4W 41 1.6927 0.455817093290549
2M4W 42 0.1016 0.457430341939331
2M4W 43 2.3405 0.439437672752796
2M4W 44 0.5362 0.450161858970918
2M4W 45 1.4361 0.450616981420473
2M4W 46 2.9323 0.463235612470783
2M4W 47 3.2209 0.474681790343856
2M4W 48 2.9724 0.440891139923171
2M4W 49 0.3907 0.480071381025136
2M4W 50 1.7058 0.482347092777185
2M4W 51 3.4727 0.451080394452632
2M4W 52 3.9388 0.522896664711943
2M4W 53 1.5696 0.48145924408587
2M4W 54 3.5036 0.483161511067308
2M4W 55 4.3843 0.481550676830296
2M4W 56 3.0609 0.484374387651837
2M4W 57 2.9765 0.457086751269542
2M4W 58 4.1789 0.572753645598587
2M4W 59 3.6111 0.594483141371021
2M4W 60 2.2453 0.477905181458482
2M4W 61 2.7881 0.42735286671468
2M4W 62 0.014 0.482128611708218
2M4W 63 2.7795 0.635922302629885
2M4W 64 0.6388 0.482692379310871
2M4W 65 2.776 0.483752139154674
2M4W 66 2.342 0.648504882669944
2M4W 67 1.1412 0.484284763495378
2M4W 68 2.2962 0.460705763035019
2M4W 69 1.6486 0.705705247136176
2M4W 70 2.4149 0.482437400873452
2M4W 71 4.2859 0.725924383096629
2M4W 72 2.3432 0.480908752602898
2M4W 73 3.1602 0.484432009751523
2M4W 74 2.8991 0.444548981156953
2M4W 75 0.5339 0.484286116998749
2M4W 76 4.1715 0.475545157087711
2M4W 77 2.7528 0.479306959964313
2M4W 78 3.3802 0.797382683055536
2M4W 79 2.7571 0.807292665019639
2M4W 80 3.7318 0.816413540332818
2M4W 81 0.1231 0.484487634017261
2M4W 82 0.4465 0.838674593438505
2M4W 83 0.3945 0.484163968138794
2M4W 84 2.4476 0.767184330379395
2M4W 85 1.4427 0.449308430312348
2M4W 86 0.6159 0.876064684571897
2M4W 87 4.2447 0.85599727346647
2M4W 88 0.9395 0.483518956303949
2M4W 89 1.9057 0.484072348699526
2M4W 90 0.2257 0.484586751438315
2M4W 91 0.2253 0.484364340298218
2M4W 92 2.218 0.689414440413093
2M4W 93 3.2386 0.483552953506613
2M4W 94 4.4228 0.47970252575927
2M4W 95 3.0146 0.662721900267657
2M4W 96 2.3541 0.981757448311977
2M4W 97 2.5692 0.691244008249838
2M4W 98 1.4465 1
2M4W 99 0.1386 0.484592307423108
2M4W 100 3.1134 0.484556497654231
