2M4W 1 1.1776 0
2M4W 2 4.057 0
2M4W 3 1.4385 0
2M4W 4 4.3407 0
2M4W 5 2.1321 0
2M4W 6 1.5014 0
2M4W 7 3.9024 0
2M4W 8 2.0106 0
2M4W 9 3.6077 0
2M4W 10 3.5021 1
2M4W 11 4.3717 0
2M4W 12 3.0574 0
2M4W 13 3.8 1
2M4W 14 2.2705 0
2M4W 15 0.7402 0
2M4W 16 1.7996 0
2M4W 17 3.5396 0
2M4W 18 1.2201 1
2M4W 19 4.0986 0
2M4W 20 0.9451 0
2M4W 21 4.3025 0
2M4W 22 3.4565 0
2M4W 23 3.527 0
2M4W 24 3.1057 0
2M4W 25 2.3093 0
2M4W 26 2.1022 0
2M4W 27 3.2561 0
2M4W 28 1.8234 0
2M4W 29 1.0446 0
2M4W 30 3.3244 0
2M4W 31 3.47 0
2M4W 32 2.2144 0
2M4W 33 3.2118 0
2M4W 34 2.6168 0
2M4W 35 3.0169 0
2M4W 36 3.4865 0
2M4W 37 3.9102 0
2M4W 38 3.7469 0
2M4W 39 2.1092 1
2M4W 40 3.6385 1
2M4W 41 1.6927 0
2M4W 42 0.1016 0
2M4W 43 2.3405 1
2M4W 44 0.5362 1
2M4W 45 1.4361 0
2M4W 46 2.9323 0
2M4W 47 3.2209 0
2M4W 48 2.9724 0
2M4W 49 0.3907 0
2M4W 50 1.7058 0
2M4W 51 3.4727 0
2M4W 52 3.9388 0
2M4W 53 1.5696 0
2M4W 54 3.5036 1
2M4W 55 4.3843 0
2M4W 56 3.0609 0
2M4W 57 2.9765 0
2M4W 58 4.1789 0
2M4W 59 3.6111 1
2M4W 60 2.2453 0
2M4W 61 2.7881 0
2M4W 62 0.014 1
2M4W 63 2.7795 0
2M4W 64 0.6388 0
2M4W 65 2.776 0
2M4W 66 2.342 1
2M4W 67 1.1412 0
2M4W 68 2.2962 0
2M4W 69 1.6486 0
2M4W 70 2.4149 0
2M4W 71 4.2859 0
2M4W 72 2.3432 0
2M4W 73 3.1602 0
2M4W 74 2.8991 0
2M4W 75 0.5339 0
2M4W 76 4.1715 0
2M4W 77 2.7528 1
2M4W 78 3.3802 0
2M4W 79 2.7571 0
2M4W 80 3.7318 0
2M4W 81 0.1231 0
2M4W 82 0.4465 0
2M4W 83 0.3945 0
2M4W 84 2.4476 0
2M4W 85 1.4427 0
2M4W 86 0.6159 0
2M4W 87 4.2447 0
2M4W 88 0.9395 1
2M4W 89 1.9057 0
2M4W 90 0.2257 0
2M4W 91 0.2253 0
2M4W 92 2.218 0
2M4W 93 3.2386 1
2M4W 94 4.4228 0
2M4W 95 3.0146 0
2M4W 96 2.3541 0
2M4W 97 2.5692 0
2M4W 98 1.4465 0
2M4W 99 0.1386 0
2M4W 100 3.1134 0
