2M5U 1 1.1947 0
2M5U 2 4.2608 0
2M5U 3 1.406 0
2M5U 4 4.7204 0
2M5U 5 2.23 0
2M5U 6 1.5505 0
2M5U 7 4.0682 0
2M5U 8 2.057 0
2M5U 9 3.7353 0
2M5U 10 3.4786 0
2M5U 11 4.664 1
2M5U 12 3.1693 1
2M5U 13 3.8791 0
2M5U 14 2.2909 0
2M5U 15 0.7533 0
2M5U 16 1.8363 0
2M5U 17 3.4826 1
2M5U 18 1.2196 0
2M5U 19 4.4624 0
2M5U 20 0.9445 0
2M5U 21 4.1988 1
2M5U 22 3.5353 0
2M5U 23 3.5113 0
2M5U 24 3.1989 0
2M5U 25 2.2757 0
2M5U 26 2.1456 0
2M5U 27 3.5215 0
2M5U 28 1.8602 1
2M5U 29 1.0467 0
2M5U 30 3.4906 0
2M5U 31 3.506 0
2M5U 32 2.1935 0
2M5U 33 3.2357 0
2M5U 34 2.6037 0
2M5U 35 3.1336 0
2M5U 36 4.1952 0
2M5U 37 4.1063 0
2M5U 38 3.6514 0
2M5U 39 2.1913 0
2M5U 40 4.0342 0
2M5U 41 1.6673 1
2M5U 42 0.1057 0
2M5U 43 2.6324 0
2M5U 44 0.5378 1
2M5U 45 1.4436 0
2M5U 46 3.422 0
2M5U 47 3.5076 0
2M5U 48 3.1519 0
2M5U 49 0.3914 1
2M5U 50 1.7571 0
2M5U 51 4.0616 0
2M5U 52 4.0453 1
2M5U 53 1.593 1
2M5U 54 3.4256 0
2M5U 55 4.4169 0
2M5U 56 3.1782 0
2M5U 57 3.6126 0
2M5U 58 4.5038 0
2M5U 59 3.9335 0
2M5U 60 2.1992 0
2M5U 61 2.7658 0
2M5U 62 0.0141 0
2M5U 63 2.8348 0
2M5U 64 0.6562 0
2M5U 65 2.8754 0
2M5U 66 2.28 1
2M5U 67 1.1349 0
2M5U 68 2.3087 0
2M5U 69 1.7272 0
2M5U 70 2.565 0
2M5U 71 4.6478 1
2M5U 72 2.4076 0
2M5U 73 3.2919 0
2M5U 74 2.85 0
2M5U 75 0.5291 0
2M5U 76 4.4933 1
2M5U 77 2.8306 0
2M5U 78 3.4938 0
2M5U 79 2.9413 0
2M5U 80 3.8201 0
2M5U 81 0.124 0
2M5U 82 0.4464 0
2M5U 83 0.3972 0
2M5U 84 2.5196 0
2M5U 85 1.4299 0
2M5U 86 0.6111 0
2M5U 87 4.4685 0
2M5U 88 0.9608 0
2M5U 89 1.87 0
2M5U 90 0.2312 1
2M5U 91 0.2276 0
2M5U 92 2.2859 0
2M5U 93 3.6593 1
2M5U 94 4.8836 0
2M5U 95 3.126 0
2M5U 96 2.4763 0
2M5U 97 2.7333 0
2M5U 98 1.4513 0
2M5U 99 0.1397 0
2M5U 100 3.3374 0
