2M5U 1 1.1947 0.396086788164245
2M5U 2 4.2608 0.439874576784521
2M5U 3 1.406 0.231959400709307
2M5U 4 4.7204 0.46116953397997
2M5U 5 2.23 0.482008207823487
2M5U 6 1.5505 0.404853048215019
2M5U 7 4.0682 0.608236709010785
2M5U 8 2.057 0.368185605275369
2M5U 9 3.7353 0.475103944582248
2M5U 10 3.4786 0.0909490033368906
2M5U 11 4.664 0.459973508137905
2M5U 12 3.1693 0.484281590060876
2M5U 13 3.8791 0.477653243345094
2M5U 14 2.2909 0.130717891123637
2M5U 15 0.7533 0.765442839986288
2M5U 16 1.8363 0.151245380019264
2M5U 17 3.4826 0.405357970984702
2M5U 18 1.2196 0.466182300746419
2M5U 19 4.4624 0.476531108276487
2M5U 20 0.9445 0.369191202505185
2M5U 21 4.1988 0.202153439788418
2M5U 22 3.5353 0.466342320406105
2M5U 23 3.5113 0.221527564813664
2M5U 24 3.1989 0.231395597859907
2M5U 25 2.2757 0.24171574048028
2M5U 26 2.1456 0.454086275296392
2M5U 27 3.5215 0.261004914220891
2M5U 28 1.8602 0.401398337795971
2M5U 29 1.0467 0.433321656196174
2M5U 30 3.4906 0.448395150386208
2M5U 31 3.506 0.301799329026462
2M5U 32 2.1935 0.318124419928734
2M5U 33 3.2357 0.446933284710809
2M5U 34 2.6037 0.387872614572325
2M5U 35 3.1336 0.344645915845877
2M5U 36 4.1952 0.350590374162336
2M5U 37 4.1063 0.361578097635902
2M5U 38 3.6514 0.375892813927753
2M5U 39 2.1913 0.384815322331841
2M5U 40 4.0342 0.449279588808951
2M5U 41 1.6673 0.409616938573633
2M5U 42 0.1057 0.42352660463608
2M5U 43 2.6324 0.424320263391615
2M5U 44 0.5378 0.433739063789143
2M5U 45 1.4436 0.44909492895388
2M5U 46 3.422 0.451416980421718
2M5U 47 3.5076 0.439633362240223
2M5U 48 3.1519 0.470464283738662
2M5U 49 0.3914 0.48369845367644
2M5U 50 1.7571 0.431841142677807
2M5U 51 4.0616 0.551595682208975
2M5U 52 4.0453 0.408788026302015
2M5U 53 1.593 0.455448685809291
2M5U 54 3.4256 0.481841271617728
2M5U 55 4.4169 0.672884964557248
2M5U 56 3.1782 0.465620092876394
2M5U 57 3.6126 0.416355130177372
2M5U 58 4.5038 0.487982866403618
2M5U 59 3.9335 0.433295137800777
2M5U 60 2.1992 0.566853627565191
2M5U 61 2.7658 0.600999393207239
2M5U 62 0.0141 0.482481663289807
2M5U 63 2.8348 0.621841987420621
2M5U 64 0.6562 0.411734892306918
2M5U 65 2.8754 0.484222933576398
2M5U 66 2.28 0.487749179565715
2M5U 67 1.1349 0.486508211080524
2M5U 68 2.3087 0.651025995823509
2M5U 69 1.7272 0.484265237795699
2M5U 70 2.565 0.440133872730514
2M5U 71 4.6478 0.600116862797206
2M5U 72 2.4076 0.479412118030203
2M5U 73 3.2919 0.471522977384668
2M5U 74 2.85 0.425238882073292
2M5U 75 0.5291 0.749120029755458
2M5U 76 4.4933 0.479380203536361
2M5U 77 2.8306 0.691387515339192
2M5U 78 3.4938 0.487866552160066
2M5U 79 2.9413 0.465141345656074
2M5U 80 3.8201 0.449950940968517
2M5U 81 0.124 0.809823931121218
2M5U 82 0.4464 0.487934361143011
2M5U 83 0.3972 0.455348917613457
2M5U 84 2.5196 0.48793395867158
2M5U 85 1.4299 0.849607158815987
2M5U 86 0.6111 0.485217857860119
2M5U 87 4.4685 0.783171333862022
2M5U 88 0.9608 0.487102870072965
2M5U 89 1.87 0.885123235336062
2M5U 90 0.2312 0.471191966992215
2M5U 91 0.2276 0.465613534082704
2M5U 92 2.2859 0.485743515361671
2M5U 93 3.6593 0.860876463227743
2M5U 94 4.8836 0.940132240485266
2M5U 95 3.126 0.948991173309609
2M5U 96 2.4763 0.959492159759633
2M5U 97 2.7333 0.968331043544174
2M5U 98 1.4513 0.463616470842204
2M5U 99 0.1397 0.474083277033294
2M5U 100 3.3374 1
