2M8K 1 1.2111 0
2M8K 2 4.2322 0
2M8K 3 1.4728 0
2M8K 4 4.6761 0
2M8K 5 2.2833 1
2M8K 6 1.5429 0
2M8K 7 4.0464 0
2M8K 8 2.065 0
2M8K 9 3.5703 1
2M8K 10 3.4358 0
2M8K 11 4.481 0
2M8K 12 3.1525 0
2M8K 13 3.8004 0
2M8K 14 2.437 0
2M8K 15 0.7541 0
2M8K 16 1.8089 0
2M8K 17 3.6157 0
2M8K 18 1.2082 1
2M8K 19 4.6698 1
2M8K 20 0.9488 0
2M8K 21 4.0789 0
2M8K 22 3.9251 1
2M8K 23 3.4843 0
2M8K 24 3.1483 0
2M8K 25 2.2088 0
2M8K 26 2.23 0
2M8K 27 3.5915 0
2M8K 28 1.7821 0
2M8K 29 1.0457 0
2M8K 30 3.4742 0
2M8K 31 3.8273 0
2M8K 32 2.2512 1
2M8K 33 3.218 0
2M8K 34 2.6087 0
2M8K 35 3.2404 0
2M8K 36 4.0119 0
2M8K 37 4.0891 0
2M8K 38 3.4427 0
2M8K 39 2.1482 0
2M8K 40 3.7597 0
2M8K 41 1.6702 0
2M8K 42 0.1056 0
2M8K 43 2.5473 0
2M8K 44 0.5408 1
2M8K 45 1.5008 0
2M8K 46 3.4617 1
2M8K 47 3.4205 0
2M8K 48 3.1732 0
2M8K 49 0.3894 0
2M8K 50 1.7501 0
2M8K 51 4.0199 1
2M8K 52 4.2522 0
2M8K 53 1.6298 0
2M8K 54 3.3419 1
2M8K 55 4.6132 0
2M8K 56 3.1677 0
2M8K 57 3.48 0
2M8K 58 4.0383 0
2M8K 59 4.0013 1
2M8K 60 2.3435 0
2M8K 61 2.7115 1
2M8K 62 0.0141 0
2M8K 63 2.7918 0
2M8K 64 0.6614 0
2M8K 65 2.8779 0
2M8K 66 2.2661 0
2M8K 67 1.1553 1
2M8K 68 2.3064 0
2M8K 69 1.7127 0
2M8K 70 2.5849 0
2M8K 71 4.5911 1
2M8K 72 2.4397 0
2M8K 73 3.7016 0
2M8K 74 2.8657 0
2M8K 75 0.5281 1
2M8K 76 4.7846 0
2M8K 77 2.994 0
2M8K 78 3.5017 0
2M8K 79 2.8767 0
2M8K 80 3.4905 0
2M8K 81 0.1239 0
2M8K 82 0.4525 1
2M8K 83 0.3984 0
2M8K 84 2.4955 0
2M8K 85 1.4498 1
2M8K 86 0.61 0
2M8K 87 4.4533 0
2M8K 88 0.9621 0
2M8K 89 1.8286 0
2M8K 90 0.2308 0
2M8K 91 0.2278 1
2M8K 92 2.3255 0
2M8K 93 3.5518 0
2M8K 94 4.8502 0
2M8K 95 3.0606 0
2M8K 96 2.4365 0
2M8K 97 2.7473 0
2M8K 98 1.4917 0
2M8K 99 0.1406 0
2M8K 100 3.472 0
