2M8K 1 1.2111 0.381216946567726
2M8K 2 4.2322 0.452230398058688
2M8K 3 1.4728 0.0204554656091101
2M8K 4 4.6761 0.407794991827233
2M8K 5 2.2833 0.365283298452527
2M8K 6 1.5429 0.273312693835001
2M8K 7 4.0464 0.553322597975027
2M8K 8 2.065 0.39867145535998
2M8K 9 3.5703 0.0812890564956767
2M8K 10 3.4358 0.0931711874339387
2M8K 11 4.481 0.330744894719535
2M8K 12 3.1525 0.11346764148363
2M8K 13 3.8004 0.120890789057197
2M8K 14 2.437 0.352369959110332
2M8K 15 0.7541 0.326710474756941
2M8K 16 1.8089 0.457535462086337
2M8K 17 3.6157 0.450257678164844
2M8K 18 1.2082 0.453674716970922
2M8K 19 4.6698 0.182148525248046
2M8K 20 0.9488 0.399044264225039
2M8K 21 4.0789 0.282680638340997
2M8K 22 3.9251 0.328502232955921
2M8K 23 3.4843 0.221404431185833
2M8K 24 3.1483 0.231937644174686
2M8K 25 2.2088 0.433397794062157
2M8K 26 2.23 0.250757496187769
2M8K 27 3.5915 0.274949711045132
2M8K 28 1.7821 0.27114333357812
2M8K 29 1.0457 0.781942785284641
2M8K 30 3.4742 0.29367301232639
2M8K 31 3.8273 0.398142442163708
2M8K 32 2.2512 0.368129245503365
2M8K 33 3.218 0.321493704029212
2M8K 34 2.6087 0.438781072245899
2M8K 35 3.2404 0.413573999595699
2M8K 36 4.0119 0.444580745992226
2M8K 37 4.0891 0.363970605692635
2M8K 38 3.4427 0.434004140422692
2M8K 39 2.1482 0.433455163055611
2M8K 40 3.7597 0.392975305619799
2M8K 41 1.6702 0.407061752778939
2M8K 42 0.1056 0.405489600458856
2M8K 43 2.5473 0.435817445591363
2M8K 44 0.5408 0.425716859319671
2M8K 45 1.5008 0.442948372654288
2M8K 46 3.4617 0.45710718060007
2M8K 47 3.4205 0.459841853903064
2M8K 48 3.1732 0.463129267453501
2M8K 49 0.3894 0.435474247011056
2M8K 50 1.7501 0.461477482431156
2M8K 51 4.0199 0.504273542050352
2M8K 52 4.2522 0.53944402009175
2M8K 53 1.6298 0.462949007565689
2M8K 54 3.3419 0.366535501417396
2M8K 55 4.6132 0.670655508989745
2M8K 56 3.1677 0.463327714596395
2M8K 57 3.48 0.698915367654167
2M8K 58 4.0383 0.458787694915336
2M8K 59 4.0013 0.462734090355179
2M8K 60 2.3435 0.587955163309456
2M8K 61 2.7115 0.462662968929927
2M8K 62 0.0141 0.41587128285282
2M8K 63 2.7918 0.369534442405488
2M8K 64 0.6614 0.461487561574983
2M8K 65 2.8779 0.46328003651308
2M8K 66 2.2661 0.459965028506656
2M8K 67 1.1553 0.670588195241049
2M8K 68 2.3064 0.400258883182484
2M8K 69 1.7127 0.448372325782895
2M8K 70 2.5849 0.700586907798411
2M8K 71 4.5911 0.710780909068294
2M8K 72 2.4397 0.46296343194041
2M8K 73 3.7016 0.462702404513402
2M8K 74 2.8657 0.67004103958589
2M8K 75 0.5281 0.453347883933776
2M8K 76 4.7846 0.428109244898318
2M8K 77 2.994 0.462493743838097
2M8K 78 3.5017 0.782731661206857
2M8K 79 2.8767 0.449355945695902
2M8K 80 3.4905 0.436996660622864
2M8K 81 0.1239 0.778219698875798
2M8K 82 0.4525 0.453114749604054
2M8K 83 0.3984 0.462467986026096
2M8K 84 2.4955 0.456507314755714
2M8K 85 1.4498 0.789934157656982
2M8K 86 0.61 0.460631222583422
2M8K 87 4.4533 0.862949551092852
2M8K 88 0.9621 0.457792024825932
2M8K 89 1.8286 0.459003508049742
2M8K 90 0.2308 0.457301581153369
2M8K 91 0.2278 0.462329759901057
2M8K 92 2.3255 0.859548818101676
2M8K 93 3.5518 0.460868104861441
2M8K 94 4.8502 0.661548397793913
2M8K 95 3.0606 0.766377526143283
2M8K 96 2.4365 0.959718903280446
2M8K 97 2.7473 0.958697833748599
2M8K 98 1.4917 0.731784933946667
2M8K 99 0.1406 0.4596070770462
2M8K 100 3.472 1
