2MEQ 1 1.1469 0.396075439503406
2MEQ 2 3.9674 0.348279429309397
2MEQ 3 1.4115 0.461873607912605
2MEQ 4 4.352 0.0307647967095692
2MEQ 5 2.1291 0.449594399596371
2MEQ 6 1.5559 0.462158113085567
2MEQ 7 3.9807 0.407263872954668
2MEQ 8 2.0191 0.453456838829587
2MEQ 9 3.8187 0.0824260689237428
2MEQ 10 3.3047 0.320948659789496
2MEQ 11 4.5956 0.413874262206977
2MEQ 12 3.2332 0.112185900098054
2MEQ 13 3.8841 0.458696081764679
2MEQ 14 2.2642 0.428625285451554
2MEQ 15 0.7456 0.393952214895241
2MEQ 16 1.7949 0.456637523939324
2MEQ 17 3.369 0.372936206540641
2MEQ 18 1.1919 0.423335478593121
2MEQ 19 4.1117 0.181250651534621
2MEQ 20 0.9176 0.444751868912581
2MEQ 21 4.066 0.200794923140129
2MEQ 22 3.9325 0.211301927305581
2MEQ 23 3.5513 0.398674744110719
2MEQ 24 3.3408 0.684153167278764
2MEQ 25 2.2811 0.429773027156116
2MEQ 26 2.0948 0.315628098248607
2MEQ 27 3.1033 0.260411512993437
2MEQ 28 1.662 0.42156860899301
2MEQ 29 0.9279 0.41237984651973
2MEQ 30 3.4522 0.29134069992585
2MEQ 31 3.5778 0.302523595061632
2MEQ 32 2.1657 0.368816293030536
2MEQ 33 3.1029 0.335948944214465
2MEQ 34 2.5559 0.330730498244349
2MEQ 35 2.8398 0.341417162089151
2MEQ 36 4.0655 0.355561000806208
2MEQ 37 4.0512 0.360443822539836
2MEQ 38 3.5562 0.371303788751502
2MEQ 39 2.1739 0.444405362418203
2MEQ 40 3.7286 0.370034467330787
2MEQ 41 1.686 0.444291397536404
2MEQ 42 0.1045 0.41934155842095
2MEQ 43 2.5131 0.449473034900803
2MEQ 44 0.5133 0.438942630683441
2MEQ 45 1.3607 0.449757184649244
2MEQ 46 3.3129 0.450707965573976
2MEQ 47 3.2591 0.445229083803093
2MEQ 48 2.9221 0.500863725221319
2MEQ 49 0.3645 0.462108936323242
2MEQ 50 1.7243 0.583852360458107
2MEQ 51 3.1347 0.320873196228134
2MEQ 52 4.1764 0.465981762598183
2MEQ 53 1.5009 0.459689841726112
2MEQ 54 3.4226 0.316761761494825
2MEQ 55 4.0614 0.465290124553995
2MEQ 56 3.1185 0.466012556465017
2MEQ 57 3.4735 0.465242799956665
2MEQ 58 4.113 0.466823160587768
2MEQ 59 3.6009 0.434392087305897
2MEQ 60 2.199 0.46694547384555
2MEQ 61 2.8173 0.600567230878142
2MEQ 62 0.0134 0.616108746236925
2MEQ 63 2.8471 0.454581836494698
2MEQ 64 0.6444 0.466067343994937
2MEQ 65 2.7809 0.649097526207489
2MEQ 66 2.2211 0.466315631632513
2MEQ 67 1.1339 0.669392068578697
2MEQ 68 2.268 0.653535657028242
2MEQ 69 1.5953 0.443892608712978
2MEQ 70 2.4142 0.467294889956392
2MEQ 71 4.4462 0.379069450136604
2MEQ 72 2.3292 0.719624923282775
2MEQ 73 3.3018 0.435036055764359
2MEQ 74 2.5405 0.738772684551183
2MEQ 75 0.5002 0.749858960413149
2MEQ 76 4.4601 0.46663419347853
2MEQ 77 2.8287 0.467298134695786
2MEQ 78 3.5771 0.779186751641163
2MEQ 79 2.7243 0.780894261703178
2MEQ 80 3.8459 0.467505426389053
2MEQ 81 0.1231 0.466561786105334
2MEQ 82 0.4273 0.467547726349264
2MEQ 83 0.3918 0.467066603159374
2MEQ 84 2.493 0.839888419020281
2MEQ 85 1.3656 0.845414701700607
2MEQ 86 0.58 0.860035437862972
2MEQ 87 4.1873 0.596286688910482
2MEQ 88 0.944 0.878577915068678
2MEQ 89 1.7999 0.457172063174553
2MEQ 90 0.2215 0.467589914543774
2MEQ 91 0.2207 0.467249067500238
2MEQ 92 2.1087 0.920070617623531
2MEQ 93 3.6876 0.454269165504949
2MEQ 94 4.2005 0.274511107673352
2MEQ 95 2.9342 0.400658034544099
2MEQ 96 2.5081 0.928745593001904
2MEQ 97 2.5071 0.288151660577432
2MEQ 98 1.4502 0.467304274390885
2MEQ 99 0.1389 0.467166072545537
2MEQ 100 2.895 1
