2MEQ 1 1.1469 0
2MEQ 2 3.9674 1
2MEQ 3 1.4115 1
2MEQ 4 4.352 0
2MEQ 5 2.1291 0
2MEQ 6 1.5559 0
2MEQ 7 3.9807 1
2MEQ 8 2.0191 1
2MEQ 9 3.8187 0
2MEQ 10 3.3047 0
2MEQ 11 4.5956 0
2MEQ 12 3.2332 0
2MEQ 13 3.8841 0
2MEQ 14 2.2642 0
2MEQ 15 0.7456 0
2MEQ 16 1.7949 0
2MEQ 17 3.369 0
2MEQ 18 1.1919 0
2MEQ 19 4.1117 0
2MEQ 20 0.9176 0
2MEQ 21 4.066 1
2MEQ 22 3.9325 1
2MEQ 23 3.5513 0
2MEQ 24 3.3408 0
2MEQ 25 2.2811 0
2MEQ 26 2.0948 0
2MEQ 27 3.1033 0
2MEQ 28 1.662 1
2MEQ 29 0.9279 1
2MEQ 30 3.4522 0
2MEQ 31 3.5778 0
2MEQ 32 2.1657 0
2MEQ 33 3.1029 1
2MEQ 34 2.5559 1
2MEQ 35 2.8398 0
2MEQ 36 4.0655 0
2MEQ 37 4.0512 0
2MEQ 38 3.5562 1
2MEQ 39 2.1739 1
2MEQ 40 3.7286 0
2MEQ 41 1.686 0
2MEQ 42 0.1045 0
2MEQ 43 2.5131 0
2MEQ 44 0.5133 0
2MEQ 45 1.3607 0
2MEQ 46 3.3129 0
2MEQ 47 3.2591 1
2MEQ 48 2.9221 0
2MEQ 49 0.3645 1
2MEQ 50 1.7243 1
2MEQ 51 3.1347 0
2MEQ 52 4.1764 0
2MEQ 53 1.5009 0
2MEQ 54 3.4226 1
2MEQ 55 4.0614 0
2MEQ 56 3.1185 0
2MEQ 57 3.4735 0
2MEQ 58 4.113 1
2MEQ 59 3.6009 0
2MEQ 60 2.199 0
2MEQ 61 2.8173 0
2MEQ 62 0.0134 0
2MEQ 63 2.8471 1
2MEQ 64 0.6444 1
2MEQ 65 2.7809 0
2MEQ 66 2.2211 0
2MEQ 67 1.1339 0
2MEQ 68 2.268 0
2MEQ 69 1.5953 0
2MEQ 70 2.4142 0
2MEQ 71 4.4462 0
2MEQ 72 2.3292 0
2MEQ 73 3.3018 0
2MEQ 74 2.5405 0
2MEQ 75 0.5002 0
2MEQ 76 4.4601 0
2MEQ 77 2.8287 0
2MEQ 78 3.5771 1
2MEQ 79 2.7243 0
2MEQ 80 3.8459 0
2MEQ 81 0.1231 0
2MEQ 82 0.4273 0
2MEQ 83 0.3918 0
2MEQ 84 2.493 0
2MEQ 85 1.3656 0
2MEQ 86 0.58 0
2MEQ 87 4.1873 1
2MEQ 88 0.944 0
2MEQ 89 1.7999 0
2MEQ 90 0.2215 0
2MEQ 91 0.2207 0
2MEQ 92 2.1087 0
2MEQ 93 3.6876 0
2MEQ 94 4.2005 1
2MEQ 95 2.9342 0
2MEQ 96 2.5081 0
2MEQ 97 2.5071 0
2MEQ 98 1.4502 0
2MEQ 99 0.1389 0
2MEQ 100 2.895 1
