2MHI 1 1.219 1
2MHI 2 4.4531 0
2MHI 3 1.4466 0
2MHI 4 4.5641 1
2MHI 5 2.207 0
2MHI 6 1.5393 0
2MHI 7 4.1433 0
2MHI 8 2.042 0
2MHI 9 3.9137 0
2MHI 10 3.4212 0
2MHI 11 4.2158 0
2MHI 12 3.3952 1
2MHI 13 3.8478 1
2MHI 14 2.3819 0
2MHI 15 0.7565 1
2MHI 16 1.8249 0
2MHI 17 3.6323 0
2MHI 18 1.2154 0
2MHI 19 4.3855 1
2MHI 20 0.9521 0
2MHI 21 4.196 0
2MHI 22 3.9235 0
2MHI 23 3.6951 0
2MHI 24 3.168 0
2MHI 25 2.1597 1
2MHI 26 2.2102 0
2MHI 27 3.3906 0
2MHI 28 1.8639 0
2MHI 29 1.0388 0
2MHI 30 3.5018 0
2MHI 31 3.7113 0
2MHI 32 2.0918 0
2MHI 33 3.0698 0
2MHI 34 2.6726 0
2MHI 35 3.1613 0
2MHI 36 4.1699 0
2MHI 37 4.112 0
2MHI 38 3.6235 0
2MHI 39 2.1333 0
2MHI 40 3.891 1
2MHI 41 1.6951 0
2MHI 42 0.1052 0
2MHI 43 2.5755 0
2MHI 44 0.5426 0
2MHI 45 1.4385 0
2MHI 46 3.491 0
2MHI 47 3.41 1
2MHI 48 3.0211 0
2MHI 49 0.3959 0
2MHI 50 1.7559 1
2MHI 51 4.0046 0
2MHI 52 4.3685 0
2MHI 53 1.603 0
2MHI 54 3.6659 1
2MHI 55 4.6336 1
2MHI 56 3.0915 0
2MHI 57 3.5556 0
2MHI 58 4.2909 1
2MHI 59 3.9755 0
2MHI 60 2.2512 0
2MHI 61 2.8491 0
2MHI 62 0.0142 0
2MHI 63 2.8093 0
2MHI 64 0.6588 0
2MHI 65 2.8552 0
2MHI 66 2.3443 0
2MHI 67 1.1643 1
2MHI 68 2.2948 1
2MHI 69 1.7211 0
2MHI 70 2.5675 0
2MHI 71 4.6739 1
2MHI 72 2.3366 0
2MHI 73 3.2998 0
2MHI 74 2.8923 0
2MHI 75 0.5342 0
2MHI 76 4.7808 0
2MHI 77 2.8718 0
2MHI 78 3.4117 0
2MHI 79 2.8772 0
2MHI 80 3.4485 0
2MHI 81 0.1231 1
2MHI 82 0.4457 0
2MHI 83 0.3978 1
2MHI 84 2.4995 0
2MHI 85 1.4244 0
2MHI 86 0.6152 0
2MHI 87 4.3403 1
2MHI 88 0.9715 0
2MHI 89 1.9279 0
2MHI 90 0.2288 0
2MHI 91 0.2277 0
2MHI 92 2.3004 0
2MHI 93 3.6536 0
2MHI 94 4.7721 0
2MHI 95 3.0446 1
2MHI 96 2.515 0
2MHI 97 2.7718 0
2MHI 98 1.4564 1
2MHI 99 0.1393 1
2MHI 100 3.4032 0
