2MHI 1 1.219 0.629467657211382
2MHI 2 4.4531 0.0112603915822211
2MHI 3 1.4466 0.707370402945062
2MHI 4 4.5641 0.628224289057918
2MHI 5 2.207 0.457565651047562
2MHI 6 1.5393 0.426851372073794
2MHI 7 4.1433 0.331283021373244
2MHI 8 2.042 0.381802802579973
2MHI 9 3.9137 0.382906236130284
2MHI 10 3.4212 0.45121244643226
2MHI 11 4.2158 0.103805891838073
2MHI 12 3.3952 0.440810645944248
2MHI 13 3.8478 0.324328638987204
2MHI 14 2.3819 0.13469681495919
2MHI 15 0.7565 0.481687331424859
2MHI 16 1.8249 0.157674107840017
2MHI 17 3.6323 0.344015065853261
2MHI 18 1.2154 0.476081243200166
2MHI 19 4.3855 0.475732555069684
2MHI 20 0.9521 0.457800140048121
2MHI 21 4.196 0.460892878489541
2MHI 22 3.9235 0.471200843994578
2MHI 23 3.6951 0.294396292351145
2MHI 24 3.168 0.342065760932383
2MHI 25 2.1597 0.249225129632625
2MHI 26 2.2102 0.461828097773517
2MHI 27 3.3906 0.307541155097058
2MHI 28 1.8639 0.457218917315608
2MHI 29 1.0388 0.403637868199981
2MHI 30 3.5018 0.32933860031572
2MHI 31 3.7113 0.427442096227638
2MHI 32 2.0918 0.321548271072583
2MHI 33 3.0698 0.439748850751338
2MHI 34 2.6726 0.47667251324011
2MHI 35 3.1613 0.428729229493384
2MHI 36 4.1699 0.454573314752334
2MHI 37 4.112 0.373789024247511
2MHI 38 3.6235 0.4059655782778
2MHI 39 2.1333 0.392940776545953
2MHI 40 3.891 0.360928339143253
2MHI 41 1.6951 0.414129164993573
2MHI 42 0.1052 0.470628497428721
2MHI 43 2.5755 0.434847350582529
2MHI 44 0.5426 0.437643488438097
2MHI 45 1.4385 0.400585400532804
2MHI 46 3.491 0.462436328368391
2MHI 47 3.41 0.481693628268165
2MHI 48 3.0211 0.484269328970376
2MHI 49 0.3959 0.719723815644441
2MHI 50 1.7559 0.45765253294573
2MHI 51 4.0046 0.485072264222779
2MHI 52 4.3685 0.612604064421951
2MHI 53 1.603 0.485283729182675
2MHI 54 3.6659 0.693905074958364
2MHI 55 4.6336 0.636993869611522
2MHI 56 3.0915 0.466842282517262
2MHI 57 3.5556 0.477280526425315
2MHI 58 4.2909 0.59727031940595
2MHI 59 3.9755 0.485331794563664
2MHI 60 2.2512 0.451989882730671
2MHI 61 2.8491 0.777125620551554
2MHI 62 0.0142 0.677879456663674
2MHI 63 2.8093 0.484935133177153
2MHI 64 0.6588 0.47982638465029
2MHI 65 2.8552 0.694871549474706
2MHI 66 2.3443 0.645146989984505
2MHI 67 1.1643 0.578002855502563
2MHI 68 2.2948 0.483433253495171
2MHI 69 1.7211 0.484293906101708
2MHI 70 2.5675 0.710502539471475
2MHI 71 4.6739 0.475578260723555
2MHI 72 2.3366 0.35886290911327
2MHI 73 3.2998 0.751266594002942
2MHI 74 2.8923 0.479347847510237
2MHI 75 0.5342 0.323348701359047
2MHI 76 4.7808 0.485318489021897
2MHI 77 2.8718 0.485445605527011
2MHI 78 3.4117 0.805114697807814
2MHI 79 2.8772 0.449059730982319
2MHI 80 3.4485 0.48543447106474
2MHI 81 0.1231 0.460199961268216
2MHI 82 0.4457 0.478390784067825
2MHI 83 0.3978 0.457258555959179
2MHI 84 2.4995 0.867278364197908
2MHI 85 1.4244 0.484188987282478
2MHI 86 0.6152 0.480390731564525
2MHI 87 4.3403 0.45712486925809
2MHI 88 0.9715 0.401513939532391
2MHI 89 1.9279 0.919124477412457
2MHI 90 0.2288 0.481202848696683
2MHI 91 0.2277 0.483078134368467
2MHI 92 2.3004 0.949628851939987
2MHI 93 3.6536 0.453026923661386
2MHI 94 4.7721 0.485506324719638
2MHI 95 3.0446 0.911385727529536
2MHI 96 2.515 0.427798648237667
2MHI 97 2.7718 1
2MHI 98 1.4564 0.457523855411133
2MHI 99 0.1393 0.476429414772252
2MHI 100 3.4032 0.485407484703254
