2MNC 1 1.1591 0.343089051975025
2MNC 2 3.6672 0.161565161689316
2MNC 3 1.4221 0.318757511190895
2MNC 4 4.2679 0.474941839477598
2MNC 5 2.2318 0.453456659157648
2MNC 6 1.5157 0.2989543071742
2MNC 7 4.0177 0.0648175018213128
2MNC 8 1.9911 0.467891163219289
2MNC 9 3.4618 0.0839134447409416
2MNC 10 3.222 0.482072602587003
2MNC 11 4.2227 0.475090382752042
2MNC 12 3.0685 0.465527732259566
2MNC 13 3.6161 0.461517201036806
2MNC 14 2.3331 0.134857355318774
2MNC 15 0.7372 0.453825342192945
2MNC 16 1.8138 0.449284643332584
2MNC 17 3.2355 0.441553274569035
2MNC 18 1.2087 0.959262635758569
2MNC 19 4.0755 0.479368108952506
2MNC 20 0.9227 0.390005968863561
2MNC 21 4.0823 0.436047356906793
2MNC 22 3.6991 0.465404675322205
2MNC 23 3.2704 0.226635103240548
2MNC 24 3.0816 0.360982213554835
2MNC 25 2.1509 0.268961629008622
2MNC 26 2.0776 0.257805366026329
2MNC 27 3.1418 0.27460712704686
2MNC 28 1.8315 0.281775631885103
2MNC 29 0.974 0.351439257050105
2MNC 30 3.2889 0.431808195558494
2MNC 31 3.5443 0.403994141922741
2MNC 32 2.1348 0.403145318856484
2MNC 33 3.0955 0.335518009343913
2MNC 34 2.5605 0.356665846287084
2MNC 35 3.0078 0.352206590907005
2MNC 36 3.9695 0.441100937814892
2MNC 37 3.1173 0.368514630361684
2MNC 38 3.5944 0.386679697013791
2MNC 39 2.0117 0.396917826897103
2MNC 40 3.5876 0.401919551035613
2MNC 41 1.6007 0.413646863447407
2MNC 42 0.1015 0.445198811568443
2MNC 43 2.3293 0.42839764502587
2MNC 44 0.5351 0.462782067215702
2MNC 45 1.4117 0.45775558840529
2MNC 46 3.162 0.246321652390202
2MNC 47 3.3514 0.482385602853543
2MNC 48 3.0382 0.473761678786243
2MNC 49 0.3904 0.484680988951581
2MNC 50 1.643 0.489307627984474
2MNC 51 3.8205 0.491987427919166
2MNC 52 4.1587 0.474694673834181
2MNC 53 1.5981 0.47676569785356
2MNC 54 3.4712 0.543836408323923
2MNC 55 4.0258 0.552697696769841
2MNC 56 2.9248 0.486860467090783
2MNC 57 3.3993 0.488727905273992
2MNC 58 4.1171 0.614953806471329
2MNC 59 3.6688 0.595975463486265
2MNC 60 2.1563 0.613405221876094
2MNC 61 2.6367 0.412101662803627
2MNC 62 0.0141 0.473933360971985
2MNC 63 2.7622 0.641438622635422
2MNC 64 0.6482 0.72016311316705
2MNC 65 2.7695 0.4871022976756
2MNC 66 2.2512 0.48747976069305
2MNC 67 1.1408 0.678780161105966
2MNC 68 2.219 0.739473967490104
2MNC 69 1.6693 0.448857442325959
2MNC 70 2.3864 0.353196030874929
2MNC 71 4.2616 0.484476915338626
2MNC 72 2.4032 0.75198739316507
2MNC 73 3.234 0.394709920517078
2MNC 74 2.7632 0.32269999755197
2MNC 75 0.529 0.491394657179652
2MNC 76 4.4606 0.767753771741621
2MNC 77 2.8023 0.785302288535883
2MNC 78 3.437 0.685887129854015
2MNC 79 2.7539 0.800055066950565
2MNC 80 3.5128 0.492781345610919
2MNC 81 0.1221 0.480425273678598
2MNC 82 0.4382 0.438380835323234
2MNC 83 0.3917 0.846895768716247
2MNC 84 2.4722 0.888191286788392
2MNC 85 1.3645 0.487542668655455
2MNC 86 0.6095 0.873543258438561
2MNC 87 4.0663 0.49275413681206
2MNC 88 0.9494 0.491634841517816
2MNC 89 1.8201 0.909164331968808
2MNC 90 0.227 0.477064842210764
2MNC 91 0.2265 0.484104619706505
2MNC 92 2.1142 0.471047139998553
2MNC 93 3.572 0.48983194230064
2MNC 94 4.2836 0.958261915952462
2MNC 95 2.9609 0.970422572309784
2MNC 96 2.4821 0.482779619795677
2MNC 97 2.5944 0.99139134944332
2MNC 98 1.4677 1
2MNC 99 0.1375 0.478424733404835
2MNC 100 3.2406 0.492245141735587
