2MNC 1 1.1591 0
2MNC 2 3.6672 0
2MNC 3 1.4221 0
2MNC 4 4.2679 0
2MNC 5 2.2318 0
2MNC 6 1.5157 0
2MNC 7 4.0177 0
2MNC 8 1.9911 0
2MNC 9 3.4618 0
2MNC 10 3.222 0
2MNC 11 4.2227 0
2MNC 12 3.0685 1
2MNC 13 3.6161 1
2MNC 14 2.3331 0
2MNC 15 0.7372 0
2MNC 16 1.8138 1
2MNC 17 3.2355 0
2MNC 18 1.2087 1
2MNC 19 4.0755 1
2MNC 20 0.9227 0
2MNC 21 4.0823 0
2MNC 22 3.6991 1
2MNC 23 3.2704 0
2MNC 24 3.0816 0
2MNC 25 2.1509 0
2MNC 26 2.0776 1
2MNC 27 3.1418 0
2MNC 28 1.8315 0
2MNC 29 0.974 0
2MNC 30 3.2889 0
2MNC 31 3.5443 0
2MNC 32 2.1348 1
2MNC 33 3.0955 0
2MNC 34 2.5605 0
2MNC 35 3.0078 0
2MNC 36 3.9695 0
2MNC 37 3.1173 0
2MNC 38 3.5944 1
2MNC 39 2.0117 0
2MNC 40 3.5876 0
2MNC 41 1.6007 0
2MNC 42 0.1015 0
2MNC 43 2.3293 0
2MNC 44 0.5351 0
2MNC 45 1.4117 0
2MNC 46 3.162 0
2MNC 47 3.3514 0
2MNC 48 3.0382 0
2MNC 49 0.3904 1
2MNC 50 1.643 0
2MNC 51 3.8205 0
2MNC 52 4.1587 0
2MNC 53 1.5981 0
2MNC 54 3.4712 1
2MNC 55 4.0258 1
2MNC 56 2.9248 0
2MNC 57 3.3993 0
2MNC 58 4.1171 1
2MNC 59 3.6688 1
2MNC 60 2.1563 0
2MNC 61 2.6367 0
2MNC 62 0.0141 0
2MNC 63 2.7622 0
2MNC 64 0.6482 1
2MNC 65 2.7695 0
2MNC 66 2.2512 0
2MNC 67 1.1408 0
2MNC 68 2.219 0
2MNC 69 1.6693 0
2MNC 70 2.3864 0
2MNC 71 4.2616 1
2MNC 72 2.4032 1
2MNC 73 3.234 0
2MNC 74 2.7632 0
2MNC 75 0.529 0
2MNC 76 4.4606 0
2MNC 77 2.8023 0
2MNC 78 3.437 0
2MNC 79 2.7539 0
2MNC 80 3.5128 0
2MNC 81 0.1221 0
2MNC 82 0.4382 0
2MNC 83 0.3917 0
2MNC 84 2.4722 0
2MNC 85 1.3645 0
2MNC 86 0.6095 0
2MNC 87 4.0663 0
2MNC 88 0.9494 0
2MNC 89 1.8201 1
2MNC 90 0.227 0
2MNC 91 0.2265 0
2MNC 92 2.1142 0
2MNC 93 3.572 0
2MNC 94 4.2836 1
2MNC 95 2.9609 1
2MNC 96 2.4821 0
2MNC 97 2.5944 0
2MNC 98 1.4677 0
2MNC 99 0.1375 0
2MNC 100 3.2406 0
