2MXL 1 1.1936 0.649867645171101
2MXL 2 4.3741 0.452988466800274
2MXL 3 1.4505 0.376941217649007
2MXL 4 4.7109 0.439539689680255
2MXL 5 2.2176 0.515148215435961
2MXL 6 1.5664 0.434610701023798
2MXL 7 4.4082 0.758997302790919
2MXL 8 2.052 0.501485110997266
2MXL 9 3.8297 0.498507225644649
2MXL 10 3.5639 0.193311491991829
2MXL 11 4.7807 0.10380940596254
2MXL 12 3.2491 0.402191304093074
2MXL 13 3.9441 0.390922945088647
2MXL 14 2.421 0.444545774494509
2MXL 15 0.7589 0.40109414867146
2MXL 16 1.8829 0.418140032064292
2MXL 17 3.6994 0.495731671448556
2MXL 18 1.2422 0.464532290376511
2MXL 19 4.4183 0.484652475576901
2MXL 20 0.9542 0.504811347629274
2MXL 21 4.3214 0.207005111089781
2MXL 22 3.9777 0.472058864458401
2MXL 23 3.6413 0.44422759865128
2MXL 24 3.2466 0.508271407771987
2MXL 25 2.3347 0.251801663966374
2MXL 26 2.1912 0.683816706968683
2MXL 27 3.5523 0.648902262502395
2MXL 28 1.8696 0.454556926453735
2MXL 29 1.0347 0.292053305825424
2MXL 30 3.5171 0.393166504957476
2MXL 31 3.6982 0.336099343025091
2MXL 32 2.2536 0.505524841731225
2MXL 33 3.3437 0.331541634045355
2MXL 34 2.6715 0.516008038045412
2MXL 35 3.2128 0.415544574492813
2MXL 36 4.2195 0.36318980727117
2MXL 37 4.3732 0.374364093543852
2MXL 38 3.9989 0.469613312656144
2MXL 39 2.2367 0.394316779631812
2MXL 40 3.9698 0.404238237921056
2MXL 41 1.7321 0.448720808985403
2MXL 42 0.1055 0.431208940995612
2MXL 43 2.6207 0.434794467425524
2MXL 44 0.546 0.504187886420398
2MXL 45 1.4897 0.505789867483269
2MXL 46 3.4986 0.472640215745888
2MXL 47 3.6034 0.440983392331168
2MXL 48 3.1309 0.487055007723108
2MXL 49 0.3916 0.500277800585391
2MXL 50 1.7763 0.507682809445667
2MXL 51 3.9239 0.52146858929065
2MXL 52 4.651 0.407633799418155
2MXL 53 1.6229 0.522163904118592
2MXL 54 3.7301 0.752064230350984
2MXL 55 4.6669 0.559196395908815
2MXL 56 3.2444 0.445868991270017
2MXL 57 3.61 0.566410206297754
2MXL 58 4.5775 0.496663702319399
2MXL 59 4.1718 0.650583066676998
2MXL 60 2.2751 0.516748161160266
2MXL 61 2.8984 0.518746030993426
2MXL 62 0.0142 0.793729584455564
2MXL 63 2.8696 0.52239722793055
2MXL 64 0.6607 0.522150844029462
2MXL 65 2.9042 0.470532499307098
2MXL 66 2.3877 0.504113272758882
2MXL 67 1.2036 0.680197458679351
2MXL 68 2.3155 0.522258840327304
2MXL 69 1.7106 0.522395978972794
2MXL 70 2.6105 0.517756933546581
2MXL 71 4.8748 0.706779967180166
2MXL 72 2.4667 0.497624844699427
2MXL 73 3.5111 0.449264013094011
2MXL 74 2.9223 0.479253585838669
2MXL 75 0.5334 0.699121157768421
2MXL 76 4.647 0.784160131803591
2MXL 77 2.9093 0.521151909112881
2MXL 78 3.6309 0.805707706107905
2MXL 79 2.9258 0.482632509984916
2MXL 80 3.9833 0.47937698594884
2MXL 81 0.1263 0.52168818998652
2MXL 82 0.4591 0.522404413292457
2MXL 83 0.3976 0.855094965119771
2MXL 84 2.5388 0.522368964479102
2MXL 85 1.438 0.502152686627633
2MXL 86 0.617 0.888953947766582
2MXL 87 4.4504 0.52236419993655
2MXL 88 0.9629 0.521313194274994
2MXL 89 1.9609 0.522304727960425
2MXL 90 0.2315 0.520597325611382
2MXL 91 0.2296 0.941604409591841
2MXL 92 2.4004 0.8559297623164
2MXL 93 3.742 0.479105607473393
2MXL 94 4.6628 0.486957172698863
2MXL 95 3.0767 0.982286001303696
2MXL 96 2.4912 0.521329985818162
2MXL 97 2.6781 0.986376815951812
2MXL 98 1.466 1
2MXL 99 0.1408 0.522209375432461
2MXL 100 3.5767 0.522281768724633
