2MXL 1 1.1936 0
2MXL 2 4.3741 0
2MXL 3 1.4505 0
2MXL 4 4.7109 0
2MXL 5 2.2176 0
2MXL 6 1.5664 1
2MXL 7 4.4082 0
2MXL 8 2.052 0
2MXL 9 3.8297 0
2MXL 10 3.5639 0
2MXL 11 4.7807 0
2MXL 12 3.2491 0
2MXL 13 3.9441 0
2MXL 14 2.421 0
2MXL 15 0.7589 0
2MXL 16 1.8829 1
2MXL 17 3.6994 0
2MXL 18 1.2422 1
2MXL 19 4.4183 1
2MXL 20 0.9542 0
2MXL 21 4.3214 0
2MXL 22 3.9777 0
2MXL 23 3.6413 0
2MXL 24 3.2466 0
2MXL 25 2.3347 0
2MXL 26 2.1912 0
2MXL 27 3.5523 0
2MXL 28 1.8696 1
2MXL 29 1.0347 0
2MXL 30 3.5171 0
2MXL 31 3.6982 0
2MXL 32 2.2536 0
2MXL 33 3.3437 0
2MXL 34 2.6715 0
2MXL 35 3.2128 0
2MXL 36 4.2195 0
2MXL 37 4.3732 0
2MXL 38 3.9989 0
2MXL 39 2.2367 0
2MXL 40 3.9698 0
2MXL 41 1.7321 0
2MXL 42 0.1055 0
2MXL 43 2.6207 0
2MXL 44 0.546 0
2MXL 45 1.4897 0
2MXL 46 3.4986 0
2MXL 47 3.6034 0
2MXL 48 3.1309 0
2MXL 49 0.3916 0
2MXL 50 1.7763 0
2MXL 51 3.9239 0
2MXL 52 4.651 0
2MXL 53 1.6229 0
2MXL 54 3.7301 0
2MXL 55 4.6669 0
2MXL 56 3.2444 0
2MXL 57 3.61 0
2MXL 58 4.5775 0
2MXL 59 4.1718 0
2MXL 60 2.2751 0
2MXL 61 2.8984 1
2MXL 62 0.0142 0
2MXL 63 2.8696 0
2MXL 64 0.6607 1
2MXL 65 2.9042 0
2MXL 66 2.3877 0
2MXL 67 1.2036 0
2MXL 68 2.3155 0
2MXL 69 1.7106 0
2MXL 70 2.6105 0
2MXL 71 4.8748 0
2MXL 72 2.4667 0
2MXL 73 3.5111 0
2MXL 74 2.9223 0
2MXL 75 0.5334 1
2MXL 76 4.647 0
2MXL 77 2.9093 0
2MXL 78 3.6309 0
2MXL 79 2.9258 0
2MXL 80 3.9833 0
2MXL 81 0.1263 1
2MXL 82 0.4591 0
2MXL 83 0.3976 0
2MXL 84 2.5388 0
2MXL 85 1.438 0
2MXL 86 0.617 1
2MXL 87 4.4504 1
2MXL 88 0.9629 0
2MXL 89 1.9609 0
2MXL 90 0.2315 0
2MXL 91 0.2296 1
2MXL 92 2.4004 0
2MXL 93 3.742 0
2MXL 94 4.6628 0
2MXL 95 3.0767 1
2MXL 96 2.4912 1
2MXL 97 2.6781 1
2MXL 98 1.466 0
2MXL 99 0.1408 0
2MXL 100 3.5767 1
