2N2O 1 1.2093 0
2N2O 2 3.9644 0
2N2O 3 1.423 0
2N2O 4 4.751 0
2N2O 5 2.1574 0
2N2O 6 1.515 0
2N2O 7 3.9876 0
2N2O 8 2.0124 0
2N2O 9 3.9342 1
2N2O 10 3.4311 0
2N2O 11 4.4012 0
2N2O 12 3.1512 0
2N2O 13 4.0001 0
2N2O 14 2.3223 0
2N2O 15 0.7574 0
2N2O 16 1.9048 0
2N2O 17 3.4771 0
2N2O 18 1.2348 0
2N2O 19 4.2543 1
2N2O 20 0.9567 0
2N2O 21 4.1958 0
2N2O 22 2.9875 1
2N2O 23 3.7693 0
2N2O 24 2.9449 0
2N2O 25 2.3027 1
2N2O 26 2.164 0
2N2O 27 3.3944 0
2N2O 28 1.8518 0
2N2O 29 1.0448 0
2N2O 30 3.3682 0
2N2O 31 3.332 0
2N2O 32 2.2572 1
2N2O 33 3.2074 0
2N2O 34 2.6762 0
2N2O 35 2.9265 1
2N2O 36 3.9945 0
2N2O 37 4.1151 0
2N2O 38 3.5785 0
2N2O 39 2.1545 0
2N2O 40 3.8498 0
2N2O 41 1.6012 0
2N2O 42 0.1025 0
2N2O 43 2.4479 0
2N2O 44 0.5474 0
2N2O 45 1.4383 1
2N2O 46 3.4367 0
2N2O 47 3.3032 0
2N2O 48 3.0681 0
2N2O 49 0.3935 0
2N2O 50 1.7228 0
2N2O 51 3.9816 1
2N2O 52 4.236 0
2N2O 53 1.562 0
2N2O 54 3.5639 1
2N2O 55 4.4503 0
2N2O 56 3.0737 0
2N2O 57 3.5029 0
2N2O 58 4.1246 0
2N2O 59 4.0187 1
2N2O 60 2.2066 1
2N2O 61 2.6155 0
2N2O 62 0.0138 0
2N2O 63 2.8686 1
2N2O 64 0.6569 0
2N2O 65 2.7608 0
2N2O 66 2.3194 0
2N2O 67 1.1608 1
2N2O 68 2.317 0
2N2O 69 1.7035 1
2N2O 70 2.5856 0
2N2O 71 4.1275 0
2N2O 72 2.4943 0
2N2O 73 3.4387 1
2N2O 74 2.9513 0
2N2O 75 0.5248 1
2N2O 76 4.5805 1
2N2O 77 2.8039 0
2N2O 78 3.5359 0
2N2O 79 2.8243 1
2N2O 80 4.0195 1
2N2O 81 0.1202 0
2N2O 82 0.4417 0
2N2O 83 0.3956 0
2N2O 84 2.5481 0
2N2O 85 1.4494 0
2N2O 86 0.6107 0
2N2O 87 4.1992 0
2N2O 88 0.9268 0
2N2O 89 1.9279 1
2N2O 90 0.2306 0
2N2O 91 0.2253 0
2N2O 92 2.2242 1
2N2O 93 3.7343 1
2N2O 94 4.7781 0
2N2O 95 3.0076 0
2N2O 96 2.3458 0
2N2O 97 2.7404 0
2N2O 98 1.4646 0
2N2O 99 0.1386 0
2N2O 100 3.3868 0
