2N2O 1 1.2093 0.429253860099898
2N2O 2 3.9644 0.274039187444359
2N2O 3 1.423 0.446121713343528
2N2O 4 4.751 0.469650550474963
2N2O 5 2.1574 0.444210065394143
2N2O 6 1.515 0.428279797648128
2N2O 7 3.9876 0.0619323312038073
2N2O 8 2.0124 0.411149060867502
2N2O 9 3.9342 0.0841772190986274
2N2O 10 3.4311 0.38560291735317
2N2O 11 4.4012 0.107065077958918
2N2O 12 3.1512 0.113371925078709
2N2O 13 4.0001 0.454300430583215
2N2O 14 2.3223 0.38757436134375
2N2O 15 0.7574 0.349071841011347
2N2O 16 1.9048 0.469446474237702
2N2O 17 3.4771 0.451745324903334
2N2O 18 1.2348 0.346076243405513
2N2O 19 4.2543 0.464315788324022
2N2O 20 0.9567 0.399723529634209
2N2O 21 4.1958 0.360422897195622
2N2O 22 2.9875 0.714037761831288
2N2O 23 3.7693 0.380258708918439
2N2O 24 2.9449 0.235000708395227
2N2O 25 2.3027 0.326615605826687
2N2O 26 2.164 0.779884748644732
2N2O 27 3.3944 0.269789394114141
2N2O 28 1.8518 0.61249252321314
2N2O 29 1.0448 0.418118745050398
2N2O 30 3.3682 0.302454749942874
2N2O 31 3.332 0.332173686644832
2N2O 32 2.2572 0.385139821276311
2N2O 33 3.2074 0.446300371319573
2N2O 34 2.6762 0.472835012910986
2N2O 35 2.9265 0.464145207605132
2N2O 36 3.9945 0.357572522893092
2N2O 37 4.1151 0.367920827911861
2N2O 38 3.5785 0.381754705169618
2N2O 39 2.1545 0.389658232843989
2N2O 40 3.8498 0.446270191887945
2N2O 41 1.6012 0.410849974181679
2N2O 42 0.1025 0.405025815431054
2N2O 43 2.4479 0.431549200581234
2N2O 44 0.5474 0.442592088869664
2N2O 45 1.4383 0.454760104093484
2N2O 46 3.4367 0.467433837756775
2N2O 47 3.3032 0.427709232980314
2N2O 48 3.0681 0.40231976695881
2N2O 49 0.3935 0.45414322069114
2N2O 50 1.7228 0.502158894159912
2N2O 51 3.9816 0.480235773158858
2N2O 52 4.236 0.503769858225731
2N2O 53 1.562 0.575076036499954
2N2O 54 3.5639 0.550043871219133
2N2O 55 4.4503 0.445086348921263
2N2O 56 3.0737 0.356470426028007
2N2O 57 3.5029 0.444363487645858
2N2O 58 4.1246 0.47952273845242
2N2O 59 4.0187 0.480539773129165
2N2O 60 2.2066 0.781780211656994
2N2O 61 2.6155 0.442872115662428
2N2O 62 0.0138 0.465965282883951
2N2O 63 2.8686 0.480043257590971
2N2O 64 0.6569 0.720900814050619
2N2O 65 2.7608 0.447425194026821
2N2O 66 2.3194 0.464120200051907
2N2O 67 1.1608 0.424715293417851
2N2O 68 2.317 0.480468462052818
2N2O 69 1.7035 0.70250538567473
2N2O 70 2.5856 0.705205851560579
2N2O 71 4.1275 0.7161740670517
2N2O 72 2.4943 0.732738589626934
2N2O 73 3.4387 0.436925155222522
2N2O 74 2.9513 0.75317417191914
2N2O 75 0.5248 0.41586812610585
2N2O 76 4.5805 0.403841166259797
2N2O 77 2.8039 0.480352277325612
2N2O 78 3.5359 0.794245914117187
2N2O 79 2.8243 0.794236985021236
2N2O 80 4.0195 0.480682334436231
2N2O 81 0.1202 0.376257485191163
2N2O 82 0.4417 0.478224596973009
2N2O 83 0.3956 0.808546416498243
2N2O 84 2.5481 0.480336107599896
2N2O 85 1.4494 0.480119010398183
2N2O 86 0.6107 0.434949573729218
2N2O 87 4.1992 0.417804994568159
2N2O 88 0.9268 0.355668769663976
2N2O 89 1.9279 0.882679071954488
2N2O 90 0.2306 0.761558866821971
2N2O 91 0.2253 0.46197187781991
2N2O 92 2.2242 0.937733246011744
2N2O 93 3.7343 0.39830371210964
2N2O 94 4.7781 0.480678455527428
2N2O 95 3.0076 0.760731716139689
2N2O 96 2.3458 0.463161120836102
2N2O 97 2.7404 0.990007337678543
2N2O 98 1.4646 1
2N2O 99 0.1386 0.370365711736109
2N2O 100 3.3868 0.474991518879988
