2N2P 1 1.1133 0.387859865004152
2N2P 2 4.1815 0.473543534511892
2N2P 3 1.4043 0.320153412661702
2N2P 4 4.1976 0.669556888729358
2N2P 5 2.1024 0.419417039901083
2N2P 6 1.4529 0.505789301101335
2N2P 7 3.1279 0.207074145657679
2N2P 8 2.0275 0.513983694475557
2N2P 9 3.7354 0.392864286838393
2N2P 10 2.7099 0.423549988117257
2N2P 11 4.4389 0.48702092116102
2N2P 12 3.2772 0.44623067116455
2N2P 13 3.7875 0.483410599251084
2N2P 14 2.3456 0.477913112335809
2N2P 15 0.7275 0.510120540983159
2N2P 16 1.836 0.369080362711107
2N2P 17 3.4119 0.167622834308214
2N2P 18 1.1672 0.441534086849948
2N2P 19 3.7643 0.449321520172725
2N2P 20 0.8702 0.475314039085656
2N2P 21 3.947 0.210967901154098
2N2P 22 3.6045 0.219591872101518
2N2P 23 3.2906 0.5053780225945
2N2P 24 3.1073 0.246941752999917
2N2P 25 2.31 0.475268912780234
2N2P 26 2.0179 0.476068634795979
2N2P 27 2.9929 0.271145421670683
2N2P 28 1.8547 0.480255299626318
2N2P 29 0.9446 0.693537457917002
2N2P 30 3.2849 0.466407519990448
2N2P 31 3.4734 0.314749533703905
2N2P 32 2.1932 0.477103200008065
2N2P 33 3.1714 0.33522938897165
2N2P 34 2.3781 0.414904906447266
2N2P 35 2.878 0.355348730884408
2N2P 36 4.017 0.366697988931053
2N2P 37 3.9549 0.358108674364836
2N2P 38 3.747 0.388701823999052
2N2P 39 2.1164 0.463807328291418
2N2P 40 3.7791 0.400683751294313
2N2P 41 1.6571 0.441201146366605
2N2P 42 0.0986 0.4489743350002
2N2P 43 2.3541 0.447833486076686
2N2P 44 0.5361 0.457728915922143
2N2P 45 1.443 0.500864584283659
2N2P 46 3.3628 0.479516688414543
2N2P 47 3.2887 0.481041165303187
2N2P 48 2.9281 0.50021659849902
2N2P 49 0.3669 0.509153952608432
2N2P 50 1.6858 0.517175359222867
2N2P 51 3.0845 0.519135176803234
2N2P 52 3.8712 0.51863056995114
2N2P 53 1.4958 0.516809843915954
2N2P 54 3.3839 0.509066775732002
2N2P 55 4.1611 0.586808153349407
2N2P 56 3.0546 0.724287221462152
2N2P 57 3.3368 0.508844095667208
2N2P 58 3.8397 0.500329111349337
2N2P 59 4.0328 0.517799360492679
2N2P 60 2.0683 0.519016155201807
2N2P 61 2.733 0.512676957835829
2N2P 62 0.0136 0.51867858558283
2N2P 63 2.813 0.517008073445555
2N2P 64 0.6293 0.519123510760076
2N2P 65 2.6719 0.667497404926758
2N2P 66 2.3213 0.517403786872172
2N2P 67 0.9828 0.697745202401888
2N2P 68 2.165 0.707969207673261
2N2P 69 1.474 0.71889208815322
2N2P 70 2.3558 0.51887638016009
2N2P 71 4.2721 0.449628891671997
2N2P 72 2.2009 0.519194703137959
2N2P 73 3.3735 0.519104295186993
2N2P 74 2.7586 0.518964364805154
2N2P 75 0.5151 0.519121802018735
2N2P 76 4.1241 0.485335682780186
2N2P 77 2.7441 0.518666018566966
2N2P 78 3.2621 0.812945343624699
2N2P 79 2.5728 0.518784791624197
2N2P 80 3.6852 0.518458282221902
2N2P 81 0.1083 0.84354518841817
2N2P 82 0.4288 0.518980955130177
2N2P 83 0.3703 0.51905986791212
2N2P 84 2.52 0.873071291220802
2N2P 85 1.3185 0.519249196452734
2N2P 86 0.5678 0.519098718476615
2N2P 87 4.0456 0.518777459570442
2N2P 88 0.9451 0.519213297350555
2N2P 89 1.8802 0.927000814556997
2N2P 90 0.1995 0.937347818136919
2N2P 91 0.2132 0.946763480015781
2N2P 92 1.8308 0.957850741412771
2N2P 93 3.4297 0.51373620659329
2N2P 94 4.5981 0.811097557340272
2N2P 95 2.7706 0.518999906625053
2N2P 96 2.424 1
2N2P 97 2.6663 0.518143811679058
2N2P 98 1.3365 0.519201382763202
2N2P 99 0.1341 0.51923889740265
2N2P 100 3.3965 0.913602061077592
