2N2P 1 1.1133 0
2N2P 2 4.1815 0
2N2P 3 1.4043 0
2N2P 4 4.1976 0
2N2P 5 2.1024 1
2N2P 6 1.4529 0
2N2P 7 3.1279 0
2N2P 8 2.0275 0
2N2P 9 3.7354 1
2N2P 10 2.7099 0
2N2P 11 4.4389 0
2N2P 12 3.2772 0
2N2P 13 3.7875 0
2N2P 14 2.3456 1
2N2P 15 0.7275 0
2N2P 16 1.836 0
2N2P 17 3.4119 0
2N2P 18 1.1672 0
2N2P 19 3.7643 1
2N2P 20 0.8702 0
2N2P 21 3.947 0
2N2P 22 3.6045 1
2N2P 23 3.2906 1
2N2P 24 3.1073 0
2N2P 25 2.31 0
2N2P 26 2.0179 1
2N2P 27 2.9929 1
2N2P 28 1.8547 0
2N2P 29 0.9446 0
2N2P 30 3.2849 1
2N2P 31 3.4734 0
2N2P 32 2.1932 1
2N2P 33 3.1714 0
2N2P 34 2.3781 0
2N2P 35 2.878 0
2N2P 36 4.017 0
2N2P 37 3.9549 1
2N2P 38 3.747 0
2N2P 39 2.1164 1
2N2P 40 3.7791 1
2N2P 41 1.6571 0
2N2P 42 0.0986 0
2N2P 43 2.3541 0
2N2P 44 0.5361 0
2N2P 45 1.443 0
2N2P 46 3.3628 0
2N2P 47 3.2887 0
2N2P 48 2.9281 0
2N2P 49 0.3669 1
2N2P 50 1.6858 0
2N2P 51 3.0845 0
2N2P 52 3.8712 0
2N2P 53 1.4958 0
2N2P 54 3.3839 0
2N2P 55 4.1611 0
2N2P 56 3.0546 0
2N2P 57 3.3368 0
2N2P 58 3.8397 1
2N2P 59 4.0328 0
2N2P 60 2.0683 0
2N2P 61 2.733 0
2N2P 62 0.0136 0
2N2P 63 2.813 0
2N2P 64 0.6293 1
2N2P 65 2.6719 0
2N2P 66 2.3213 0
2N2P 67 0.9828 0
2N2P 68 2.165 1
2N2P 69 1.474 0
2N2P 70 2.3558 0
2N2P 71 4.2721 0
2N2P 72 2.2009 0
2N2P 73 3.3735 0
2N2P 74 2.7586 0
2N2P 75 0.5151 0
2N2P 76 4.1241 0
2N2P 77 2.7441 0
2N2P 78 3.2621 0
2N2P 79 2.5728 0
2N2P 80 3.6852 0
2N2P 81 0.1083 0
2N2P 82 0.4288 0
2N2P 83 0.3703 0
2N2P 84 2.52 0
2N2P 85 1.3185 0
2N2P 86 0.5678 1
2N2P 87 4.0456 0
2N2P 88 0.9451 0
2N2P 89 1.8802 0
2N2P 90 0.1995 0
2N2P 91 0.2132 1
2N2P 92 1.8308 1
2N2P 93 3.4297 0
2N2P 94 4.5981 0
2N2P 95 2.7706 1
2N2P 96 2.424 1
2N2P 97 2.6663 0
2N2P 98 1.3365 0
2N2P 99 0.1341 0
2N2P 100 3.3965 1
