2N4L 1 1.1989 0.168052547742897
2N4L 2 4.3566 0.342734942261751
2N4L 3 1.4601 0.0250537345153816
2N4L 4 4.6185 0.455993596619692
2N4L 5 2.197 0.403506308547779
2N4L 6 1.5464 0.0600859359913905
2N4L 7 4.2038 0.877672554389524
2N4L 8 2.0515 0.646608147887062
2N4L 9 3.9356 0.0897457316080379
2N4L 10 3.6393 0.100924621619505
2N4L 11 4.8453 0.461698495913447
2N4L 12 3.3467 0.120506197381585
2N4L 13 4.0108 0.134416594964715
2N4L 14 2.3845 0.780546097566436
2N4L 15 0.7556 0.269004875797596
2N4L 16 1.8697 0.1638622290782
2N4L 17 3.6713 0.175488556131738
2N4L 18 1.2349 0.190368938339823
2N4L 19 4.6544 0.198607233655761
2N4L 20 0.9468 0.456748041715159
2N4L 21 4.305 0.7214887204249
2N4L 22 4.0214 0.462886370818681
2N4L 23 3.6724 0.2418010311236
2N4L 24 3.3896 0.252881254450113
2N4L 25 2.3246 0.341833956225551
2N4L 26 2.206 0.384775056089319
2N4L 27 3.6404 0.729964960357182
2N4L 28 1.9068 0.799218743375848
2N4L 29 1.0321 0.458748319881932
2N4L 30 3.5348 0.267999484002095
2N4L 31 3.7254 0.262969379882155
2N4L 32 2.2536 0.339802404967211
2N4L 33 3.2698 0.338841158650371
2N4L 34 2.6366 0.8262953881139
2N4L 35 3.2098 0.37171370105593
2N4L 36 4.1672 0.39163589250169
2N4L 37 4.2693 0.391775154221006
2N4L 38 3.8845 0.403205882596599
2N4L 39 2.2545 0.412183691687458
2N4L 40 4.1713 0.382913650552075
2N4L 41 1.7253 0.443822965379391
2N4L 42 0.1057 0.455459327706998
2N4L 43 2.6034 0.46665867735639
2N4L 44 0.5436 0.472568010908651
2N4L 45 1.4829 0.479940500389892
2N4L 46 3.5922 0.718992822930864
2N4L 47 3.5778 0.482423412012314
2N4L 48 3.0994 0.421008102130103
2N4L 49 0.392 0.818535770507451
2N4L 50 1.7929 0.355834509154561
2N4L 51 4.0751 0.438977808604497
2N4L 52 4.4679 0.898913160363793
2N4L 53 1.6361 0.567710774517103
2N4L 54 3.6596 0.484609188734664
2N4L 55 4.6382 0.344116259639031
2N4L 56 3.1519 0.759884197800861
2N4L 57 3.5121 0.663732897254471
2N4L 58 4.5059 0.628490165779972
2N4L 59 4.1185 0.486014370285498
2N4L 60 2.3168 0.261515205442406
2N4L 61 2.9133 0.484770336754454
2N4L 62 0.0142 0.765087317179071
2N4L 63 2.9157 0.472311487255015
2N4L 64 0.6608 0.479271525350796
2N4L 65 2.8468 0.706276671598218
2N4L 66 2.3917 0.32813130016411
2N4L 67 1.1758 0.485554855247981
2N4L 68 2.3442 0.4166944906394
2N4L 69 1.7057 0.484964524981923
2N4L 70 2.6451 0.325344947144665
2N4L 71 4.6267 0.772144968174968
2N4L 72 2.4588 0.773159163126882
2N4L 73 3.4844 0.793452919106401
2N4L 74 2.9255 0.485385276949489
2N4L 75 0.5366 0.475153107236177
2N4L 76 4.7533 0.449395120207749
2N4L 77 2.9225 0.836857895055708
2N4L 78 3.6179 0.470441716287368
2N4L 79 2.9576 0.364762547176934
2N4L 80 3.9879 0.43858628700712
2N4L 81 0.1251 0.467380082244178
2N4L 82 0.4556 0.888307545516088
2N4L 83 0.3973 0.43170706610235
2N4L 84 2.56 0.797375770967226
2N4L 85 1.4478 0.477141307407503
2N4L 86 0.6182 0.485724303849876
2N4L 87 4.5395 0.92054089446327
2N4L 88 0.9638 0.887795746538548
2N4L 89 1.9588 0.398058727299306
2N4L 90 0.2316 0.90179865021835
2N4L 91 0.2287 0.484672286128328
2N4L 92 2.3902 0.767905770105878
2N4L 93 3.738 0.319665354899089
2N4L 94 4.6713 0.486238923728367
2N4L 95 3.1795 0.413772896495097
2N4L 96 2.5461 0.326808540799655
2N4L 97 2.7201 0.48634550190564
2N4L 98 1.4762 0.951800481372156
2N4L 99 0.1406 1
2N4L 100 3.5415 0.380205374883064
