2N4L 1 1.1989 0
2N4L 2 4.3566 0
2N4L 3 1.4601 0
2N4L 4 4.6185 0
2N4L 5 2.197 1
2N4L 6 1.5464 1
2N4L 7 4.2038 0
2N4L 8 2.0515 0
2N4L 9 3.9356 0
2N4L 10 3.6393 0
2N4L 11 4.8453 0
2N4L 12 3.3467 0
2N4L 13 4.0108 0
2N4L 14 2.3845 1
2N4L 15 0.7556 1
2N4L 16 1.8697 0
2N4L 17 3.6713 0
2N4L 18 1.2349 0
2N4L 19 4.6544 0
2N4L 20 0.9468 1
2N4L 21 4.305 0
2N4L 22 4.0214 1
2N4L 23 3.6724 0
2N4L 24 3.3896 0
2N4L 25 2.3246 1
2N4L 26 2.206 1
2N4L 27 3.6404 0
2N4L 28 1.9068 0
2N4L 29 1.0321 0
2N4L 30 3.5348 0
2N4L 31 3.7254 0
2N4L 32 2.2536 0
2N4L 33 3.2698 0
2N4L 34 2.6366 0
2N4L 35 3.2098 0
2N4L 36 4.1672 1
2N4L 37 4.2693 0
2N4L 38 3.8845 0
2N4L 39 2.2545 0
2N4L 40 4.1713 0
2N4L 41 1.7253 0
2N4L 42 0.1057 0
2N4L 43 2.6034 0
2N4L 44 0.5436 0
2N4L 45 1.4829 0
2N4L 46 3.5922 0
2N4L 47 3.5778 0
2N4L 48 3.0994 0
2N4L 49 0.392 1
2N4L 50 1.7929 0
2N4L 51 4.0751 0
2N4L 52 4.4679 0
2N4L 53 1.6361 0
2N4L 54 3.6596 0
2N4L 55 4.6382 0
2N4L 56 3.1519 0
2N4L 57 3.5121 0
2N4L 58 4.5059 0
2N4L 59 4.1185 0
2N4L 60 2.3168 0
2N4L 61 2.9133 1
2N4L 62 0.0142 0
2N4L 63 2.9157 0
2N4L 64 0.6608 0
2N4L 65 2.8468 0
2N4L 66 2.3917 1
2N4L 67 1.1758 0
2N4L 68 2.3442 0
2N4L 69 1.7057 0
2N4L 70 2.6451 1
2N4L 71 4.6267 0
2N4L 72 2.4588 0
2N4L 73 3.4844 1
2N4L 74 2.9255 0
2N4L 75 0.5366 0
2N4L 76 4.7533 1
2N4L 77 2.9225 0
2N4L 78 3.6179 0
2N4L 79 2.9576 1
2N4L 80 3.9879 0
2N4L 81 0.1251 0
2N4L 82 0.4556 0
2N4L 83 0.3973 0
2N4L 84 2.56 0
2N4L 85 1.4478 0
2N4L 86 0.6182 0
2N4L 87 4.5395 0
2N4L 88 0.9638 0
2N4L 89 1.9588 1
2N4L 90 0.2316 0
2N4L 91 0.2287 0
2N4L 92 2.3902 0
2N4L 93 3.738 0
2N4L 94 4.6713 1
2N4L 95 3.1795 1
2N4L 96 2.5461 1
2N4L 97 2.7201 0
2N4L 98 1.4762 0
2N4L 99 0.1406 0
2N4L 100 3.5415 0
