2N6S 1 1.2039 0.326801589875409
2N6S 2 4.2158 0.40978885133012
2N6S 3 1.451 0.472436917962099
2N6S 4 4.8149 0.585619257230616
2N6S 5 2.224 0.606866650259569
2N6S 6 1.5448 0.397524311902516
2N6S 7 4.2152 0.453240438828292
2N6S 8 2.0624 0.326082607073501
2N6S 9 3.9658 0.451174011664542
2N6S 10 3.6641 0.0993317455939505
2N6S 11 4.5158 0.10045283113859
2N6S 12 3.2955 0.4285956356399
2N6S 13 3.9867 0.395450032358763
2N6S 14 2.4177 0.385590709051426
2N6S 15 0.7538 0.44291133565993
2N6S 16 1.822 0.461412713870178
2N6S 17 3.479 0.365620228628958
2N6S 18 1.2349 0.4735863341525
2N6S 19 4.5581 0.246211759385128
2N6S 20 0.9383 0.466511220227946
2N6S 21 4.2319 0.201082873423193
2N6S 22 3.9321 0.39914933339022
2N6S 23 3.6028 0.227423796674219
2N6S 24 3.3063 0.23086094287163
2N6S 25 2.3144 0.412672891248932
2N6S 26 2.1978 0.250344194134157
2N6S 27 3.4335 0.438908251870104
2N6S 28 1.855 0.272248723868493
2N6S 29 1.0326 0.467032013399899
2N6S 30 3.5541 0.290387923471174
2N6S 31 3.7675 0.302506551827736
2N6S 32 2.1893 0.351743973267101
2N6S 33 3.2482 0.321300146705273
2N6S 34 2.6462 0.367591784247873
2N6S 35 3.1118 0.385097945898331
2N6S 36 4.1156 0.350264789027076
2N6S 37 4.1334 0.360525794719606
2N6S 38 3.902 0.449790326285944
2N6S 39 2.1575 0.383551242764388
2N6S 40 4.0461 0.447196054119362
2N6S 41 1.6816 0.41262652288844
2N6S 42 0.105 0.444210083102148
2N6S 43 2.5553 0.417521781832967
2N6S 44 0.539 0.464734837047583
2N6S 45 1.4858 0.447389072205674
2N6S 46 3.5678 0.415692767165034
2N6S 47 3.394 0.471322252861066
2N6S 48 3.1723 0.376909057325615
2N6S 49 0.3936 0.482141809612932
2N6S 50 1.7303 0.452970730189878
2N6S 51 3.8949 0.483965244381483
2N6S 52 4.1959 0.4815275736095
2N6S 53 1.6044 0.482489092439231
2N6S 54 3.7161 0.748681578139428
2N6S 55 4.5945 0.464597648181091
2N6S 56 3.1543 0.484544941979747
2N6S 57 3.5072 0.563724727857928
2N6S 58 4.4473 0.407719671952884
2N6S 59 4.1078 0.432156967332568
2N6S 60 2.3067 0.591173955161923
2N6S 61 2.7939 0.478709613963432
2N6S 62 0.0141 0.48395107518086
2N6S 63 2.9034 0.483175239523542
2N6S 64 0.6587 0.480358349415439
2N6S 65 2.8373 0.455952265965895
2N6S 66 2.3622 0.484777731823074
2N6S 67 1.1629 0.484496261009173
2N6S 68 2.3086 0.599439475324307
2N6S 69 1.6813 0.484613212149088
2N6S 70 2.583 0.699654544614842
2N6S 71 4.5441 0.484902078100213
2N6S 72 2.4303 0.446537572860812
2N6S 73 3.5051 0.655802561033582
2N6S 74 3.0089 0.667844711301372
2N6S 75 0.5349 0.480883547563679
2N6S 76 4.6671 0.627462560522242
2N6S 77 2.9311 0.672380002422892
2N6S 78 3.662 0.484713289101178
2N6S 79 2.9368 0.484707158643878
2N6S 80 3.8281 0.436425705671483
2N6S 81 0.1246 0.484640316572158
2N6S 82 0.4497 0.81712413096662
2N6S 83 0.394 0.8258896765024
2N6S 84 2.5812 0.484535629775059
2N6S 85 1.4439 0.422838742043376
2N6S 86 0.609 0.78635791524216
2N6S 87 4.4522 0.484636528627386
2N6S 88 0.9634 0.483288006607512
2N6S 89 1.9311 0.48487041912103
2N6S 90 0.2305 0.885196883103981
2N6S 91 0.2281 0.906211361344111
2N6S 92 2.3139 0.467154584937971
2N6S 93 3.5785 0.929087688102121
2N6S 94 4.8831 0.754575495670027
2N6S 95 3.1304 0.949408947447624
2N6S 96 2.5144 0.484889981910316
2N6S 97 2.7229 0.477077218694644
2N6S 98 1.4787 0.478432729887033
2N6S 99 0.1398 0.988934926677675
2N6S 100 3.4755 1
