2N6T 1 1.1904 0
2N6T 2 4.2194 1
2N6T 3 1.4216 1
2N6T 4 4.6486 0
2N6T 5 2.2598 1
2N6T 6 1.5644 0
2N6T 7 4.3211 0
2N6T 8 2.0812 0
2N6T 9 3.9567 0
2N6T 10 3.5046 1
2N6T 11 4.6952 0
2N6T 12 3.367 0
2N6T 13 3.9514 0
2N6T 14 2.4393 0
2N6T 15 0.7516 0
2N6T 16 1.8701 1
2N6T 17 3.6136 0
2N6T 18 1.2314 0
2N6T 19 4.4506 0
2N6T 20 0.9519 0
2N6T 21 4.2006 0
2N6T 22 3.9664 0
2N6T 23 3.6328 0
2N6T 24 3.2477 0
2N6T 25 2.295 0
2N6T 26 2.2023 0
2N6T 27 3.4116 0
2N6T 28 1.8757 0
2N6T 29 1.0443 0
2N6T 30 3.5521 1
2N6T 31 3.833 0
2N6T 32 2.2468 0
2N6T 33 3.2618 1
2N6T 34 2.6375 0
2N6T 35 3.1877 0
2N6T 36 4.197 0
2N6T 37 4.1988 0
2N6T 38 3.7954 0
2N6T 39 2.192 0
2N6T 40 3.9726 0
2N6T 41 1.7074 0
2N6T 42 0.1059 0
2N6T 43 2.5518 1
2N6T 44 0.5422 0
2N6T 45 1.5136 1
2N6T 46 3.634 0
2N6T 47 3.4941 0
2N6T 48 3.2017 0
2N6T 49 0.3904 0
2N6T 50 1.7782 1
2N6T 51 3.786 1
2N6T 52 4.2927 0
2N6T 53 1.6049 0
2N6T 54 3.7785 0
2N6T 55 4.635 0
2N6T 56 3.1904 0
2N6T 57 3.621 1
2N6T 58 4.4436 0
2N6T 59 4.1251 0
2N6T 60 2.3113 0
2N6T 61 2.8715 1
2N6T 62 0.0142 0
2N6T 63 2.8877 0
2N6T 64 0.6565 1
2N6T 65 2.8678 1
2N6T 66 2.3878 0
2N6T 67 1.1807 0
2N6T 68 2.2955 0
2N6T 69 1.6834 0
2N6T 70 2.6043 0
2N6T 71 4.6454 1
2N6T 72 2.5073 0
2N6T 73 3.6124 0
2N6T 74 2.9893 0
2N6T 75 0.5321 0
2N6T 76 4.8079 1
2N6T 77 2.9229 0
2N6T 78 3.6033 0
2N6T 79 2.9024 0
2N6T 80 3.8014 0
2N6T 81 0.1253 0
2N6T 82 0.4527 1
2N6T 83 0.395 0
2N6T 84 2.5687 0
2N6T 85 1.4596 0
2N6T 86 0.6141 0
2N6T 87 4.377 0
2N6T 88 0.9682 0
2N6T 89 1.9176 0
2N6T 90 0.2309 1
2N6T 91 0.228 0
2N6T 92 2.339 0
2N6T 93 3.6858 0
2N6T 94 4.6689 1
2N6T 95 3.1273 0
2N6T 96 2.5393 0
2N6T 97 2.6912 0
2N6T 98 1.4563 0
2N6T 99 0.14 0
2N6T 100 3.4411 1
