2N6T 1 1.1904 0.361179620906512
2N6T 2 4.2194 0.361376308901069
2N6T 3 1.4216 0.777268985833125
2N6T 4 4.6486 0.0313802632128704
2N6T 5 2.2598 0.454491629250265
2N6T 6 1.5644 0.452017267820491
2N6T 7 4.3211 0.0612489696526792
2N6T 8 2.0812 0.268111222326034
2N6T 9 3.9567 0.082151865228647
2N6T 10 3.5046 0.454918958014478
2N6T 11 4.6952 0.103220641527771
2N6T 12 3.367 0.738662747348936
2N6T 13 3.9514 0.122271599996941
2N6T 14 2.4393 0.419645580226481
2N6T 15 0.7516 0.341095597026095
2N6T 16 1.8701 0.375638599030446
2N6T 17 3.6136 0.465507351241617
2N6T 18 1.2314 0.711640418954057
2N6T 19 4.4506 0.182112617758764
2N6T 20 0.9519 0.4353233998068
2N6T 21 4.2006 0.472588796801019
2N6T 22 3.9664 0.212902308482891
2N6T 23 3.6328 0.221796883511053
2N6T 24 3.2477 0.231771879307448
2N6T 25 2.295 0.303249517197206
2N6T 26 2.2023 0.253214013686371
2N6T 27 3.4116 0.390405215966605
2N6T 28 1.8757 0.450537966508124
2N6T 29 1.0443 0.456708397671848
2N6T 30 3.5521 0.293020032874616
2N6T 31 3.833 0.307931067594544
2N6T 32 2.2468 0.313221105478306
2N6T 33 3.2618 0.322564927389174
2N6T 34 2.6375 0.441097889482686
2N6T 35 3.1877 0.349375555841296
2N6T 36 4.197 0.717226708954856
2N6T 37 4.1988 0.293437341650942
2N6T 38 3.7954 0.375147194609306
2N6T 39 2.192 0.382130928029278
2N6T 40 3.9726 0.824412319257633
2N6T 41 1.7074 0.398791021591969
2N6T 42 0.1059 0.400108405126322
2N6T 43 2.5518 0.452970097577154
2N6T 44 0.5422 0.40727335999394
2N6T 45 1.5136 0.443158568938126
2N6T 46 3.634 0.410538384317144
2N6T 47 3.4941 0.468481749666036
2N6T 48 3.2017 0.469647875430849
2N6T 49 0.3904 0.445598209975196
2N6T 50 1.7782 0.472304960547041
2N6T 51 3.786 0.45188153092682
2N6T 52 4.2927 0.52939981881225
2N6T 53 1.6049 0.455801075175691
2N6T 54 3.7785 0.463908480928122
2N6T 55 4.635 0.465598703037192
2N6T 56 3.1904 0.466623412080663
2N6T 57 3.621 0.476267064971339
2N6T 58 4.4436 0.570975273974234
2N6T 59 4.1251 0.470817253094654
2N6T 60 2.3113 0.342245037472808
2N6T 61 2.8715 0.476321113913348
2N6T 62 0.0142 0.614421267689666
2N6T 63 2.8877 0.630150224927935
2N6T 64 0.6565 0.634980778025976
2N6T 65 2.8678 0.47611483773247
2N6T 66 2.3878 0.651253920836944
2N6T 67 1.1807 0.436299659230968
2N6T 68 2.2955 0.390776042265193
2N6T 69 1.6834 0.687444579343573
2N6T 70 2.6043 0.698821870368583
2N6T 71 4.6454 0.708786293320601
2N6T 72 2.5073 0.469740356202063
2N6T 73 3.6124 0.460787441949479
2N6T 74 2.9893 0.740212472777721
2N6T 75 0.5321 0.308947727490942
2N6T 76 4.8079 0.758432039586694
2N6T 77 2.9229 0.686496238169481
2N6T 78 3.6033 0.752658385231726
2N6T 79 2.9024 0.459404715513754
2N6T 80 3.8014 0.47606829577013
2N6T 81 0.1253 0.475183004089653
2N6T 82 0.4527 0.807083368692269
2N6T 83 0.395 0.74029106141952
2N6T 84 2.5687 0.413149015105763
2N6T 85 1.4596 0.475368460243284
2N6T 86 0.6141 0.821638076921202
2N6T 87 4.377 0.404831618512604
2N6T 88 0.9682 0.390861138625919
2N6T 89 1.9176 0.88420306038711
2N6T 90 0.2309 0.458204544270474
2N6T 91 0.228 0.451214048574289
2N6T 92 2.339 0.919211179550949
2N6T 93 3.6858 0.930290936643023
2N6T 94 4.6689 0.469976864027035
2N6T 95 3.1273 0.446166410025031
2N6T 96 2.5393 0.458263373962103
2N6T 97 2.6912 0.317872052531429
2N6T 98 1.4563 0.456675703924598
2N6T 99 0.14 0.936605394551321
2N6T 100 3.4411 1
