2N6W 1 1.2132 0.526434168096292
2N6W 2 4.2598 0.876489339353288
2N6W 3 1.4522 0.480629848186084
2N6W 4 4.9518 0.547398600752258
2N6W 5 2.2151 0.418227885314143
2N6W 6 1.5583 0.566735970744355
2N6W 7 4.1675 0.353656011636126
2N6W 8 2.0674 0.520764752050799
2N6W 9 3.8972 0.520269634101699
2N6W 10 3.6181 0.574152908049178
2N6W 11 4.6563 0.325025182557965
2N6W 12 3.3089 0.932546951962594
2N6W 13 3.9799 0.513765497516923
2N6W 14 2.4563 0.3424706030037
2N6W 15 0.754 0.448348478662852
2N6W 16 1.8596 0.531072904836716
2N6W 17 3.5099 0.525137538526049
2N6W 18 1.2215 0.548291929366496
2N6W 19 4.3443 0.453016362548227
2N6W 20 0.961 0.444705172706509
2N6W 21 4.3386 0.235203932131152
2N6W 22 4.0059 0.249787894378347
2N6W 23 3.7361 0.258687762412557
2N6W 24 3.4177 0.5115641036105
2N6W 25 2.3485 0.837500657423268
2N6W 26 2.1934 0.381819562472416
2N6W 27 3.5615 0.308285464697098
2N6W 28 1.9373 0.315990997088441
2N6W 29 1.0488 0.448509136610141
2N6W 30 3.4249 0.342879987903238
2N6W 31 3.6227 0.534286046349992
2N6W 32 2.1969 0.533111862680548
2N6W 33 3.1348 0.435507766711761
2N6W 34 2.6487 0.389315800233209
2N6W 35 3.0202 0.525514969647659
2N6W 36 4.205 0.452416126606272
2N6W 37 3.9187 0.432231362645239
2N6W 38 3.6961 0.549760582875958
2N6W 39 2.2369 0.547848080408605
2N6W 40 4.0834 0.45634328600833
2N6W 41 1.7078 0.537455135928286
2N6W 42 0.1054 0.485590929338761
2N6W 43 2.5766 0.788304303654398
2N6W 44 0.5434 0.452291850292663
2N6W 45 1.4605 0.525799311203456
2N6W 46 3.6306 0.528211690693217
2N6W 47 3.5273 0.540239350706206
2N6W 48 3.0468 0.555827773774016
2N6W 49 0.3949 0.534254755007177
2N6W 50 1.7659 0.578963930216366
2N6W 51 3.987 0.448657173425286
2N6W 52 4.5548 0.597635953867949
2N6W 53 1.6284 0.741455480464274
2N6W 54 3.6412 0.579066537928794
2N6W 55 4.8152 0.444698757545419
2N6W 56 3.1282 0.464760064520483
2N6W 57 3.6053 0.66671203766104
2N6W 58 4.6208 0.577385207883208
2N6W 59 4.0992 0.562845960006108
2N6W 60 2.2399 0.772304717571749
2N6W 61 2.8281 0.544099970244461
2N6W 62 0.0142 0.578460985073437
2N6W 63 2.8698 0.725874623102749
2N6W 64 0.661 0.569070566405904
2N6W 65 2.9151 0.578888778696101
2N6W 66 2.3308 0.77583927957462
2N6W 67 1.1718 0.716788140124342
2N6W 68 2.3196 0.786089835370754
2N6W 69 1.6988 0.786809135307933
2N6W 70 2.5722 0.818066728797269
2N6W 71 4.5677 0.811122316917709
2N6W 72 2.4009 0.579812352702977
2N6W 73 3.7072 0.548250405144443
2N6W 74 2.9632 0.570645348993392
2N6W 75 0.535 0.809816099470838
2N6W 76 4.7273 0.500796778696589
2N6W 77 3.0065 0.808016333000134
2N6W 78 3.5862 0.541361794706861
2N6W 79 2.9066 0.922584468277891
2N6W 80 3.9436 0.579507911471265
2N6W 81 0.1244 0.872565614154314
2N6W 82 0.4489 0.866286130235196
2N6W 83 0.3987 0.569156560943011
2N6W 84 2.5968 0.87195284424273
2N6W 85 1.4283 0.579767655765385
2N6W 86 0.622 0.570916250089407
2N6W 87 4.2874 0.579763855479739
2N6W 88 0.9548 0.557816735199356
2N6W 89 1.9007 0.983488107520331
2N6W 90 0.2294 0.579755418148306
2N6W 91 0.2287 0.578507913371408
2N6W 92 2.3773 0.561907115126638
2N6W 93 3.7702 0.524525919159661
2N6W 94 5.0069 0.708266818891931
2N6W 95 3.1466 0.865904497880373
2N6W 96 2.483 0.579721267875005
2N6W 97 2.8094 0.872389824794455
2N6W 98 1.4859 0.551624936770133
2N6W 99 0.14 1
2N6W 100 3.371 0.579810992967746
