2N6W 1 1.2132 0
2N6W 2 4.2598 0
2N6W 3 1.4522 1
2N6W 4 4.9518 0
2N6W 5 2.2151 0
2N6W 6 1.5583 0
2N6W 7 4.1675 0
2N6W 8 2.0674 0
2N6W 9 3.8972 0
2N6W 10 3.6181 1
2N6W 11 4.6563 0
2N6W 12 3.3089 0
2N6W 13 3.9799 1
2N6W 14 2.4563 0
2N6W 15 0.754 0
2N6W 16 1.8596 1
2N6W 17 3.5099 1
2N6W 18 1.2215 0
2N6W 19 4.3443 1
2N6W 20 0.961 0
2N6W 21 4.3386 0
2N6W 22 4.0059 0
2N6W 23 3.7361 0
2N6W 24 3.4177 0
2N6W 25 2.3485 1
2N6W 26 2.1934 0
2N6W 27 3.5615 0
2N6W 28 1.9373 0
2N6W 29 1.0488 0
2N6W 30 3.4249 0
2N6W 31 3.6227 0
2N6W 32 2.1969 0
2N6W 33 3.1348 0
2N6W 34 2.6487 0
2N6W 35 3.0202 0
2N6W 36 4.205 0
2N6W 37 3.9187 0
2N6W 38 3.6961 0
2N6W 39 2.2369 1
2N6W 40 4.0834 0
2N6W 41 1.7078 1
2N6W 42 0.1054 0
2N6W 43 2.5766 0
2N6W 44 0.5434 1
2N6W 45 1.4605 1
2N6W 46 3.6306 1
2N6W 47 3.5273 0
2N6W 48 3.0468 0
2N6W 49 0.3949 0
2N6W 50 1.7659 0
2N6W 51 3.987 0
2N6W 52 4.5548 0
2N6W 53 1.6284 0
2N6W 54 3.6412 1
2N6W 55 4.8152 0
2N6W 56 3.1282 0
2N6W 57 3.6053 0
2N6W 58 4.6208 0
2N6W 59 4.0992 0
2N6W 60 2.2399 0
2N6W 61 2.8281 1
2N6W 62 0.0142 1
2N6W 63 2.8698 1
2N6W 64 0.661 1
2N6W 65 2.9151 0
2N6W 66 2.3308 0
2N6W 67 1.1718 1
2N6W 68 2.3196 0
2N6W 69 1.6988 0
2N6W 70 2.5722 0
2N6W 71 4.5677 0
2N6W 72 2.4009 0
2N6W 73 3.7072 0
2N6W 74 2.9632 1
2N6W 75 0.535 0
2N6W 76 4.7273 0
2N6W 77 3.0065 1
2N6W 78 3.5862 0
2N6W 79 2.9066 0
2N6W 80 3.9436 0
2N6W 81 0.1244 0
2N6W 82 0.4489 0
2N6W 83 0.3987 0
2N6W 84 2.5968 0
2N6W 85 1.4283 0
2N6W 86 0.622 1
2N6W 87 4.2874 0
2N6W 88 0.9548 0
2N6W 89 1.9007 0
2N6W 90 0.2294 0
2N6W 91 0.2287 1
2N6W 92 2.3773 0
2N6W 93 3.7702 0
2N6W 94 5.0069 0
2N6W 95 3.1466 0
2N6W 96 2.483 0
2N6W 97 2.8094 0
2N6W 98 1.4859 0
2N6W 99 0.14 0
2N6W 100 3.371 0
