2N6X 1 1.1959 0
2N6X 2 4.0053 1
2N6X 3 1.4473 0
2N6X 4 4.5711 0
2N6X 5 2.1763 0
2N6X 6 1.6003 0
2N6X 7 4.3172 1
2N6X 8 2.0268 1
2N6X 9 3.9195 0
2N6X 10 3.6096 0
2N6X 11 4.6936 0
2N6X 12 3.1941 0
2N6X 13 4.0898 0
2N6X 14 2.3801 1
2N6X 15 0.7581 0
2N6X 16 1.8943 0
2N6X 17 3.6728 0
2N6X 18 1.2347 0
2N6X 19 4.2734 0
2N6X 20 0.9641 0
2N6X 21 4.2795 1
2N6X 22 4.0152 1
2N6X 23 3.8373 0
2N6X 24 3.296 0
2N6X 25 2.3527 0
2N6X 26 2.1494 0
2N6X 27 3.6296 0
2N6X 28 1.8975 1
2N6X 29 1.0433 0
2N6X 30 3.438 0
2N6X 31 3.6695 0
2N6X 32 2.2577 0
2N6X 33 3.2093 0
2N6X 34 2.6319 1
2N6X 35 3.0736 0
2N6X 36 4.0844 0
2N6X 37 4.1607 0
2N6X 38 3.9116 1
2N6X 39 2.2392 0
2N6X 40 3.9936 0
2N6X 41 1.7139 0
2N6X 42 0.1053 1
2N6X 43 2.5456 0
2N6X 44 0.5442 0
2N6X 45 1.4989 1
2N6X 46 3.5109 0
2N6X 47 3.4814 0
2N6X 48 3.0322 0
2N6X 49 0.3928 0
2N6X 50 1.7664 0
2N6X 51 3.9351 0
2N6X 52 4.5943 0
2N6X 53 1.601 0
2N6X 54 3.52 0
2N6X 55 4.6236 0
2N6X 56 3.1444 0
2N6X 57 3.5165 0
2N6X 58 4.5444 0
2N6X 59 4.071 0
2N6X 60 2.2686 0
2N6X 61 2.8599 0
2N6X 62 0.0142 1
2N6X 63 2.9424 0
2N6X 64 0.6535 0
2N6X 65 2.8284 0
2N6X 66 2.3144 1
2N6X 67 1.177 1
2N6X 68 2.3319 0
2N6X 69 1.708 0
2N6X 70 2.5646 0
2N6X 71 4.441 0
2N6X 72 2.4761 0
2N6X 73 3.5023 0
2N6X 74 2.9114 0
2N6X 75 0.5315 0
2N6X 76 4.5819 0
2N6X 77 2.8772 0
2N6X 78 3.6089 0
2N6X 79 2.9111 0
2N6X 80 4.0261 0
2N6X 81 0.1245 0
2N6X 82 0.4529 0
2N6X 83 0.3993 0
2N6X 84 2.5648 0
2N6X 85 1.4357 0
2N6X 86 0.6198 1
2N6X 87 4.426 1
2N6X 88 0.9506 0
2N6X 89 1.9443 0
2N6X 90 0.2311 0
2N6X 91 0.2292 0
2N6X 92 2.3288 0
2N6X 93 3.7513 0
2N6X 94 4.45 0
2N6X 95 3.117 0
2N6X 96 2.421 0
2N6X 97 2.6283 1
2N6X 98 1.4586 0
2N6X 99 0.1398 0
2N6X 100 3.5731 0
