2N6X 1 1.1959 0.380838505531537
2N6X 2 4.0053 0.302140391582018
2N6X 3 1.4473 0.737210689671683
2N6X 4 4.5711 0.0319401120206939
2N6X 5 2.1763 0.443887705776357
2N6X 6 1.6003 0.432361140652004
2N6X 7 4.3172 0.431143685824819
2N6X 8 2.0268 0.419461900518958
2N6X 9 3.9195 0.0833141574280358
2N6X 10 3.6096 0.677235460123798
2N6X 11 4.6936 0.102655585086433
2N6X 12 3.1941 0.114571590924056
2N6X 13 4.0898 0.123846546761928
2N6X 14 2.3801 0.440793232571195
2N6X 15 0.7581 0.209438285357209
2N6X 16 1.8943 0.425983378668524
2N6X 17 3.6728 0.446701361840151
2N6X 18 1.2347 0.400513030199522
2N6X 19 4.2734 0.186442583520145
2N6X 20 0.9641 0.431915234014437
2N6X 21 4.2795 0.768283432540316
2N6X 22 4.0152 0.21717860859346
2N6X 23 3.8373 0.225752629202239
2N6X 24 3.296 0.23608593918125
2N6X 25 2.3527 0.255885633036941
2N6X 26 2.1494 0.257540973773809
2N6X 27 3.6296 0.277917839207964
2N6X 28 1.8975 0.278667127968009
2N6X 29 1.0433 0.293866758690642
2N6X 30 3.438 0.299267550185236
2N6X 31 3.6695 0.403994896922647
2N6X 32 2.2577 0.320204094372281
2N6X 33 3.2093 0.328580667576945
2N6X 34 2.6319 0.340397888602203
2N6X 35 3.0736 0.3708753712413
2N6X 36 4.0844 0.361476651752798
2N6X 37 4.1607 0.370651661682459
2N6X 38 3.9116 0.330371657919286
2N6X 39 2.2392 0.437917580100259
2N6X 40 3.9936 0.373851473780485
2N6X 41 1.7139 0.417390184700711
2N6X 42 0.1053 0.425250681357014
2N6X 43 2.5456 0.440026909312884
2N6X 44 0.5442 0.448508515858873
2N6X 45 1.4989 0.45218888413892
2N6X 46 3.5109 0.464821118060134
2N6X 47 3.4814 0.454653676733745
2N6X 48 3.0322 0.48995210571301
2N6X 49 0.3928 0.454485470611854
2N6X 50 1.7664 0.456161420799987
2N6X 51 3.9351 0.353697462360863
2N6X 52 4.5943 0.456174834512523
2N6X 53 1.601 0.455749812322606
2N6X 54 3.52 0.856837462745247
2N6X 55 4.6236 0.456533215911914
2N6X 56 3.1444 0.456320521486033
2N6X 57 3.5165 0.576031825392696
2N6X 58 4.5444 0.435178020284528
2N6X 59 4.071 0.297740373041151
2N6X 60 2.2686 0.584426853910279
2N6X 61 2.8599 0.427939183510679
2N6X 62 0.0142 0.455591429682676
2N6X 63 2.9424 0.385349698999652
2N6X 64 0.6535 0.428794559764857
2N6X 65 2.8284 0.455764784347988
2N6X 66 2.3144 0.455841966666588
2N6X 67 1.177 0.685761631361663
2N6X 68 2.3319 0.453513419502737
2N6X 69 1.708 0.451559432692236
2N6X 70 2.5646 0.716516982569782
2N6X 71 4.441 0.751115377696993
2N6X 72 2.4761 0.728896998973622
2N6X 73 3.5023 0.746383851014537
2N6X 74 2.9114 0.456525088240993
2N6X 75 0.5315 0.454118380993619
2N6X 76 4.5819 0.445501812333117
2N6X 77 2.8772 0.389470305936228
2N6X 78 3.6089 0.791198438216089
2N6X 79 2.9111 0.809197089083826
2N6X 80 4.0261 0.362528833752861
2N6X 81 0.1245 0.828921021435571
2N6X 82 0.4529 0.454384439995682
2N6X 83 0.3993 0.846818733352597
2N6X 84 2.5648 0.454512114706003
2N6X 85 1.4357 0.787364774729226
2N6X 86 0.6198 0.446653634689853
2N6X 87 4.426 0.456482906851116
2N6X 88 0.9506 0.445606158183481
2N6X 89 1.9443 0.83638054280803
2N6X 90 0.2311 0.919078326395225
2N6X 91 0.2292 0.455415355608672
2N6X 92 2.3288 0.449090056824336
2N6X 93 3.7513 0.401508929606212
2N6X 94 4.45 0.838751332472065
2N6X 95 3.117 0.455672782779775
2N6X 96 2.421 0.366259618036744
2N6X 97 2.6283 0.448952069749594
2N6X 98 1.4586 1
2N6X 99 0.1398 0.456534743669606
2N6X 100 3.5731 0.454820935645866
