2NCI 1 1.1917 0.163559880057042
2NCI 2 4.2498 0.353185275545928
2NCI 3 1.4209 0.228587290535225
2NCI 4 4.6681 0.441916409849428
2NCI 5 2.1585 0.416602112356624
2NCI 6 1.5766 0.380732959931633
2NCI 7 4.1353 0.437305171660883
2NCI 8 1.9958 0.464968725956565
2NCI 9 3.9711 0.447498463960088
2NCI 10 3.5083 0.451824123219167
2NCI 11 4.4322 0.471781752621365
2NCI 12 3.2137 0.468344957440504
2NCI 13 3.9775 0.726198931158521
2NCI 14 2.3651 0.150447788922209
2NCI 15 0.7578 0.159135930594248
2NCI 16 1.7992 0.159139411392769
2NCI 17 3.5812 0.402112716433748
2NCI 18 1.2354 0.297149779684406
2NCI 19 4.1348 0.187988878040025
2NCI 20 0.9636 0.202159186842917
2NCI 21 4.1594 0.446756023692808
2NCI 22 4.0234 0.371386400775363
2NCI 23 3.6899 0.267859790067378
2NCI 24 3.2991 0.470952011648843
2NCI 25 2.263 0.286485235252292
2NCI 26 2.1527 0.371158135166056
2NCI 27 3.4172 0.273104063792247
2NCI 28 1.8687 0.433110335285486
2NCI 29 1.0285 0.295334028646314
2NCI 30 3.4608 0.353247043706845
2NCI 31 3.6739 0.465735964077029
2NCI 32 2.1814 0.438302036815463
2NCI 33 3.1972 0.463808082619616
2NCI 34 2.6259 0.396754174985036
2NCI 35 3.0106 0.371761458282865
2NCI 36 4.0542 0.425107050724287
2NCI 37 4.2137 0.437441228888312
2NCI 38 3.812 0.451299931094804
2NCI 39 2.1551 0.39639764301552
2NCI 40 3.7915 0.470704031713033
2NCI 41 1.6756 0.421078238191063
2NCI 42 0.1043 0.425309164797888
2NCI 43 2.5361 0.435246499955376
2NCI 44 0.532 0.448174221045178
2NCI 45 1.4432 0.444205093112897
2NCI 46 3.5428 0.465451507337128
2NCI 47 3.2445 0.446697366838926
2NCI 48 3.0499 0.474809727578943
2NCI 49 0.3906 0.505758007936555
2NCI 50 1.732 0.405407669985386
2NCI 51 3.7586 0.431832018675774
2NCI 52 4.6476 0.429915557952327
2NCI 53 1.6007 0.544801989648719
2NCI 54 3.4887 0.477532187043424
2NCI 55 4.5695 0.45020078279359
2NCI 56 3.0754 0.44283220285935
2NCI 57 3.4392 0.40753242211531
2NCI 58 4.5486 0.478012838433459
2NCI 59 4.0288 0.608958294434439
2NCI 60 2.1797 0.621067902491958
2NCI 61 2.8124 0.476824992959507
2NCI 62 0.014 0.598217108814137
2NCI 63 2.8916 0.478125659738172
2NCI 64 0.6555 0.462823966627915
2NCI 65 2.8236 0.647961876018964
2NCI 66 2.357 0.616416391198427
2NCI 67 1.1646 0.607158584886089
2NCI 68 2.327 0.464478581200895
2NCI 69 1.6779 0.477975933572469
2NCI 70 2.4927 0.638056760371707
2NCI 71 4.4499 0.397486436160126
2NCI 72 2.378 0.474958748358174
2NCI 73 3.4286 0.307248895754426
2NCI 74 2.8716 0.427635281050462
2NCI 75 0.5291 0.450230705020514
2NCI 76 4.6179 0.790845572748301
2NCI 77 2.8944 0.797367973884687
2NCI 78 3.5196 0.431591531990172
2NCI 79 2.9191 0.453136604860389
2NCI 80 3.8575 0.478822865870558
2NCI 81 0.1241 0.466758939527133
2NCI 82 0.4534 0.674427762903156
2NCI 83 0.3952 0.467054941730199
2NCI 84 2.5178 0.797945350994014
2NCI 85 1.3828 0.475288419042439
2NCI 86 0.6116 0.453350083722924
2NCI 87 4.4448 0.726379510843991
2NCI 88 0.9533 0.916780817038149
2NCI 89 1.9277 0.927041789605286
2NCI 90 0.2296 0.676346931301939
2NCI 91 0.2267 0.479391924975673
2NCI 92 2.3221 0.957444360619831
2NCI 93 3.4916 0.968385015860761
2NCI 94 4.5828 0.979547034753248
2NCI 95 3.1506 0.477829968161939
2NCI 96 2.4534 1
2NCI 97 2.6394 0.442153070883185
2NCI 98 1.4626 0.469594556391778
2NCI 99 0.141 0.398838520767866
2NCI 100 3.4794 0.455058533298809
