2NCI 1 1.1917 0
2NCI 2 4.2498 1
2NCI 3 1.4209 0
2NCI 4 4.6681 0
2NCI 5 2.1585 0
2NCI 6 1.5766 0
2NCI 7 4.1353 0
2NCI 8 1.9958 1
2NCI 9 3.9711 0
2NCI 10 3.5083 1
2NCI 11 4.4322 0
2NCI 12 3.2137 0
2NCI 13 3.9775 0
2NCI 14 2.3651 0
2NCI 15 0.7578 0
2NCI 16 1.7992 0
2NCI 17 3.5812 1
2NCI 18 1.2354 0
2NCI 19 4.1348 0
2NCI 20 0.9636 0
2NCI 21 4.1594 1
2NCI 22 4.0234 0
2NCI 23 3.6899 0
2NCI 24 3.2991 0
2NCI 25 2.263 1
2NCI 26 2.1527 0
2NCI 27 3.4172 0
2NCI 28 1.8687 0
2NCI 29 1.0285 0
2NCI 30 3.4608 0
2NCI 31 3.6739 1
2NCI 32 2.1814 0
2NCI 33 3.1972 0
2NCI 34 2.6259 0
2NCI 35 3.0106 0
2NCI 36 4.0542 0
2NCI 37 4.2137 0
2NCI 38 3.812 0
2NCI 39 2.1551 0
2NCI 40 3.7915 0
2NCI 41 1.6756 0
2NCI 42 0.1043 0
2NCI 43 2.5361 0
2NCI 44 0.532 0
2NCI 45 1.4432 0
2NCI 46 3.5428 0
2NCI 47 3.2445 0
2NCI 48 3.0499 0
2NCI 49 0.3906 1
2NCI 50 1.732 0
2NCI 51 3.7586 1
2NCI 52 4.6476 0
2NCI 53 1.6007 0
2NCI 54 3.4887 0
2NCI 55 4.5695 1
2NCI 56 3.0754 1
2NCI 57 3.4392 0
2NCI 58 4.5486 0
2NCI 59 4.0288 0
2NCI 60 2.1797 0
2NCI 61 2.8124 0
2NCI 62 0.014 0
2NCI 63 2.8916 0
2NCI 64 0.6555 0
2NCI 65 2.8236 1
2NCI 66 2.357 0
2NCI 67 1.1646 0
2NCI 68 2.327 0
2NCI 69 1.6779 0
2NCI 70 2.4927 0
2NCI 71 4.4499 0
2NCI 72 2.378 0
2NCI 73 3.4286 0
2NCI 74 2.8716 0
2NCI 75 0.5291 0
2NCI 76 4.6179 0
2NCI 77 2.8944 0
2NCI 78 3.5196 1
2NCI 79 2.9191 0
2NCI 80 3.8575 0
2NCI 81 0.1241 0
2NCI 82 0.4534 1
2NCI 83 0.3952 0
2NCI 84 2.5178 0
2NCI 85 1.3828 0
2NCI 86 0.6116 0
2NCI 87 4.4448 0
2NCI 88 0.9533 0
2NCI 89 1.9277 0
2NCI 90 0.2296 0
2NCI 91 0.2267 0
2NCI 92 2.3221 0
2NCI 93 3.4916 1
2NCI 94 4.5828 0
2NCI 95 3.1506 0
2NCI 96 2.4534 0
2NCI 97 2.6394 0
2NCI 98 1.4626 0
2NCI 99 0.141 0
2NCI 100 3.4794 1
