2QH2 1 1.1911 0
2QH2 2 4.0736 0
2QH2 3 1.4355 1
2QH2 4 4.5564 0
2QH2 5 2.1666 1
2QH2 6 1.5746 0
2QH2 7 4.1501 0
2QH2 8 2.003 0
2QH2 9 3.7783 1
2QH2 10 3.4129 0
2QH2 11 4.774 1
2QH2 12 3.2013 1
2QH2 13 3.8546 0
2QH2 14 2.4531 1
2QH2 15 0.7454 0
2QH2 16 1.88 0
2QH2 17 3.583 0
2QH2 18 1.2244 0
2QH2 19 4.1015 0
2QH2 20 0.9586 0
2QH2 21 4.1297 0
2QH2 22 3.8721 0
2QH2 23 3.7519 0
2QH2 24 3.2955 1
2QH2 25 2.2633 0
2QH2 26 2.1486 0
2QH2 27 3.5703 0
2QH2 28 1.8772 0
2QH2 29 1.0377 0
2QH2 30 3.4929 0
2QH2 31 3.6806 0
2QH2 32 2.1971 0
2QH2 33 3.1623 1
2QH2 34 2.6182 0
2QH2 35 3.0417 0
2QH2 36 4.1782 0
2QH2 37 4.1005 0
2QH2 38 3.6752 0
2QH2 39 2.2434 1
2QH2 40 3.8461 1
2QH2 41 1.7153 0
2QH2 42 0.1052 0
2QH2 43 2.6152 0
2QH2 44 0.54 0
2QH2 45 1.4796 0
2QH2 46 3.6142 0
2QH2 47 3.3 0
2QH2 48 3.0221 0
2QH2 49 0.3891 0
2QH2 50 1.7679 0
2QH2 51 3.9634 0
2QH2 52 4.0816 0
2QH2 53 1.6023 1
2QH2 54 3.6513 0
2QH2 55 4.6072 0
2QH2 56 3.1642 0
2QH2 57 3.5109 0
2QH2 58 4.4363 0
2QH2 59 3.618 0
2QH2 60 2.2541 0
2QH2 61 2.8803 0
2QH2 62 0.014 0
2QH2 63 2.8038 0
2QH2 64 0.6457 0
2QH2 65 2.8317 0
2QH2 66 2.3074 1
2QH2 67 1.1456 0
2QH2 68 2.2678 1
2QH2 69 1.7224 1
2QH2 70 2.5728 0
2QH2 71 4.5933 0
2QH2 72 2.4369 1
2QH2 73 3.6516 0
2QH2 74 2.8344 0
2QH2 75 0.526 0
2QH2 76 4.5854 1
2QH2 77 2.922 0
2QH2 78 3.4597 1
2QH2 79 2.8811 0
2QH2 80 3.7221 0
2QH2 81 0.1236 0
2QH2 82 0.4462 0
2QH2 83 0.3966 1
2QH2 84 2.5221 1
2QH2 85 1.4164 0
2QH2 86 0.6174 0
2QH2 87 4.163 0
2QH2 88 0.9521 0
2QH2 89 1.8809 0
2QH2 90 0.2283 0
2QH2 91 0.2263 0
2QH2 92 2.1994 0
2QH2 93 3.6489 0
2QH2 94 4.7073 0
2QH2 95 3.0455 0
2QH2 96 2.4267 0
2QH2 97 2.7308 0
2QH2 98 1.4542 0
2QH2 99 0.1386 0
2QH2 100 3.3843 0
