2QH2 1 1.1911 0.0732243496628001
2QH2 2 4.0736 0.705056631152716
2QH2 3 1.4355 0.775884068067043
2QH2 4 4.5564 0.437043367475733
2QH2 5 2.1666 0.454462567357565
2QH2 6 1.5746 0.364120307170515
2QH2 7 4.1501 0.403612072969093
2QH2 8 2.003 0.474232599886912
2QH2 9 3.7783 0.815155642230689
2QH2 10 3.4129 0.483671941208907
2QH2 11 4.774 0.484130434087281
2QH2 12 3.2013 0.292219018009619
2QH2 13 3.8546 0.408712655402284
2QH2 14 2.4531 0.439626811412736
2QH2 15 0.7454 0.405802942849368
2QH2 16 1.88 0.16228923971849
2QH2 17 3.583 0.171233438993216
2QH2 18 1.2244 0.1819430308475
2QH2 19 4.1015 0.255392245716959
2QH2 20 0.9586 0.473520161163111
2QH2 21 4.1297 0.21349732233732
2QH2 22 3.8721 0.37350379290521
2QH2 23 3.7519 0.447792888413549
2QH2 24 3.2955 0.407649204417016
2QH2 25 2.2633 0.260492660940825
2QH2 26 2.1486 0.271517717861998
2QH2 27 3.5703 0.284362513055658
2QH2 28 1.8772 0.355493331265832
2QH2 29 1.0377 0.378940825357899
2QH2 30 3.4929 0.311483895878267
2QH2 31 3.6806 0.357894371499672
2QH2 32 2.1971 0.353547096390379
2QH2 33 3.1623 0.351322344860596
2QH2 34 2.6182 0.352842149691413
2QH2 35 3.0417 0.370074413665416
2QH2 36 4.1782 0.470481966896739
2QH2 37 4.1005 0.478182913053202
2QH2 38 3.6752 0.424835188998096
2QH2 39 2.2434 0.489172903894194
2QH2 40 3.8461 0.417269367094113
2QH2 41 1.7153 0.427286638086044
2QH2 42 0.1052 0.437722227767088
2QH2 43 2.6152 0.481858808908012
2QH2 44 0.54 0.389637268300522
2QH2 45 1.4796 0.472339659846353
2QH2 46 3.6142 0.489224427756034
2QH2 47 3.3 0.494097225813873
2QH2 48 3.0221 0.426386472695547
2QH2 49 0.3891 0.459970309423658
2QH2 50 1.7679 0.445079052729409
2QH2 51 3.9634 0.640684613650901
2QH2 52 4.0816 0.63522594832965
2QH2 53 1.6023 0.479202140124468
2QH2 54 3.6513 0.473039320958993
2QH2 55 4.6072 0.495288041534479
2QH2 56 3.1642 0.72374460515937
2QH2 57 3.5109 0.60519424306908
2QH2 58 4.4363 0.495317802433701
2QH2 59 3.618 0.494168847719724
2QH2 60 2.2541 0.613504148596684
2QH2 61 2.8803 0.485117252497397
2QH2 62 0.014 0.432269455150153
2QH2 63 2.8038 0.483950564233426
2QH2 64 0.6457 0.672202068420852
2QH2 65 2.8317 0.455753367686599
2QH2 66 2.3074 0.481004219819221
2QH2 67 1.1456 0.696660274009316
2QH2 68 2.2678 0.465654223203659
2QH2 69 1.7224 0.703315899212356
2QH2 70 2.5728 0.495417845942822
2QH2 71 4.5933 0.48839989704117
2QH2 72 2.4369 0.489575250679152
2QH2 73 3.6516 0.394950081737007
2QH2 74 2.8344 0.495414211305182
2QH2 75 0.526 0.412173926995228
2QH2 76 4.5854 0.495435702632588
2QH2 77 2.922 0.490712614545884
2QH2 78 3.4597 0.495388627956952
2QH2 79 2.8811 0.494489306595256
2QH2 80 3.7221 0.852022317514778
2QH2 81 0.1236 0.45007218772076
2QH2 82 0.4462 0.347326182773341
2QH2 83 0.3966 0.766866482044457
2QH2 84 2.5221 0.89464222155013
2QH2 85 1.4164 0.484976727137515
2QH2 86 0.6174 0.854547266632279
2QH2 87 4.163 0.495344737718051
2QH2 88 0.9521 0.456778593732374
2QH2 89 1.8809 0.486352687706444
2QH2 90 0.2283 0.767810051143864
2QH2 91 0.2263 0.833819714678246
2QH2 92 2.1994 0.494145268888412
2QH2 93 3.6489 0.495431771986209
2QH2 94 4.7073 0.993537071300673
2QH2 95 3.0455 0.495276677066637
2QH2 96 2.4267 0.975516903145427
2QH2 97 2.7308 0.495270232069835
2QH2 98 1.4542 1
2QH2 99 0.1386 0.971019315469736
2QH2 100 3.3843 0.495057331525859
