2QH4 1 1.1747 0.504960573316343
2QH4 2 3.8248 0.39302264376982
2QH4 3 1.4382 0.502652963514942
2QH4 4 4.1712 0.485837657065708
2QH4 5 2.1751 0.472460063947355
2QH4 6 1.537 0.597414493202532
2QH4 7 4.022 0.499539421126193
2QH4 8 2.0245 0.469920376516892
2QH4 9 3.3992 0.0829414170964532
2QH4 10 3.3587 0.480809161702816
2QH4 11 4.5192 0.488241557993087
2QH4 12 3.1229 0.114157358718971
2QH4 13 3.9116 0.179864418485279
2QH4 14 2.3554 0.416987705088046
2QH4 15 0.7405 0.504255380305962
2QH4 16 1.7657 0.441315518294203
2QH4 17 3.4052 0.44510596437638
2QH4 18 1.2138 0.377779984431624
2QH4 19 4.1602 0.479986537151698
2QH4 20 0.9494 0.498760910405025
2QH4 21 4.101 0.425263520383605
2QH4 22 3.6793 0.494319173328529
2QH4 23 3.4231 0.226423781928308
2QH4 24 3.2389 0.237909879208026
2QH4 25 2.2594 0.245498533574141
2QH4 26 2.1148 0.489797395157241
2QH4 27 3.349 0.618943804535621
2QH4 28 1.8484 0.48414680091435
2QH4 29 1.0189 0.450300267973064
2QH4 30 3.3148 0.381371147102788
2QH4 31 3.4179 0.307484375984626
2QH4 32 2.2224 0.318779906208514
2QH4 33 3.1563 0.32733494411652
2QH4 34 2.5731 0.337973910370716
2QH4 35 2.9552 0.499527255463837
2QH4 36 3.8912 0.474480088740786
2QH4 37 3.7716 0.367735315565716
2QH4 38 3.858 0.379687968675886
2QH4 39 2.2162 0.388433349163128
2QH4 40 3.6921 0.484055340904034
2QH4 41 1.6451 0.467739234673177
2QH4 42 0.103 0.427110526088891
2QH4 43 2.4822 0.437434798078412
2QH4 44 0.5363 0.465905431301427
2QH4 45 1.4334 0.41374252422358
2QH4 46 3.3544 0.469472134916855
2QH4 47 3.217 0.479228976877411
2QH4 48 3.025 0.480907966268018
2QH4 49 0.3904 0.49456246604691
2QH4 50 1.6721 0.497941221675356
2QH4 51 3.7012 0.470435710786706
2QH4 52 4.4807 0.656267794067508
2QH4 53 1.5801 0.505767322094828
2QH4 54 3.3071 0.550584172801766
2QH4 55 4.5058 0.501127705516965
2QH4 56 3.1178 0.497890261931214
2QH4 57 3.2788 0.439466872281269
2QH4 58 4.2229 0.463718168830689
2QH4 59 3.8544 0.601375482714228
2QH4 60 2.1582 0.593746884503825
2QH4 61 2.68 0.506540844779549
2QH4 62 0.014 0.505442912394985
2QH4 63 2.808 0.47335710170283
2QH4 64 0.6449 0.507670343848431
2QH4 65 2.7596 0.662340917476837
2QH4 66 2.2445 0.506676039950866
2QH4 67 1.173 0.508024018128808
2QH4 68 2.3028 0.50774497954315
2QH4 69 1.6913 0.487280301451176
2QH4 70 2.4153 0.492580259368447
2QH4 71 4.1735 0.723469186774146
2QH4 72 2.4385 0.615745348891324
2QH4 73 3.2301 0.745125233531017
2QH4 74 2.9438 0.508306267309686
2QH4 75 0.5294 0.507955373188975
2QH4 76 4.5076 0.471927926139451
2QH4 77 2.8257 0.505903986503053
2QH4 78 3.3323 0.508070737663644
2QH4 79 2.8602 0.508569780067745
2QH4 80 3.8124 0.725796255680413
2QH4 81 0.1214 0.502845147324549
2QH4 82 0.439 0.480343479300593
2QH4 83 0.3979 0.494394956850865
2QH4 84 2.4311 0.47797523204726
2QH4 85 1.3924 0.508301051573356
2QH4 86 0.6094 0.820196089202706
2QH4 87 4.4673 0.50807987190937
2QH4 88 0.9356 0.895913444362194
2QH4 89 1.8892 0.486579845694745
2QH4 90 0.2266 0.916381523309894
2QH4 91 0.2259 0.507974548824447
2QH4 92 2.201 0.751777236235305
2QH4 93 3.4051 0.507007016866973
2QH4 94 4.2864 0.956529514762039
2QH4 95 3.1006 0.968407651229472
2QH4 96 2.4 0.806662925013227
2QH4 97 2.5509 0.989805692611825
2QH4 98 1.4689 1
2QH4 99 0.1366 0.508049158327918
2QH4 100 3.3957 0.507350425500384
