2QH4 1 1.1747 0
2QH4 2 3.8248 0
2QH4 3 1.4382 0
2QH4 4 4.1712 0
2QH4 5 2.1751 0
2QH4 6 1.537 0
2QH4 7 4.022 1
2QH4 8 2.0245 0
2QH4 9 3.3992 0
2QH4 10 3.3587 0
2QH4 11 4.5192 0
2QH4 12 3.1229 0
2QH4 13 3.9116 0
2QH4 14 2.3554 0
2QH4 15 0.7405 1
2QH4 16 1.7657 1
2QH4 17 3.4052 0
2QH4 18 1.2138 1
2QH4 19 4.1602 0
2QH4 20 0.9494 1
2QH4 21 4.101 1
2QH4 22 3.6793 0
2QH4 23 3.4231 1
2QH4 24 3.2389 0
2QH4 25 2.2594 0
2QH4 26 2.1148 0
2QH4 27 3.349 0
2QH4 28 1.8484 0
2QH4 29 1.0189 0
2QH4 30 3.3148 0
2QH4 31 3.4179 0
2QH4 32 2.2224 0
2QH4 33 3.1563 1
2QH4 34 2.5731 0
2QH4 35 2.9552 0
2QH4 36 3.8912 1
2QH4 37 3.7716 0
2QH4 38 3.858 0
2QH4 39 2.2162 0
2QH4 40 3.6921 0
2QH4 41 1.6451 0
2QH4 42 0.103 0
2QH4 43 2.4822 0
2QH4 44 0.5363 0
2QH4 45 1.4334 1
2QH4 46 3.3544 0
2QH4 47 3.217 0
2QH4 48 3.025 0
2QH4 49 0.3904 0
2QH4 50 1.6721 0
2QH4 51 3.7012 0
2QH4 52 4.4807 0
2QH4 53 1.5801 0
2QH4 54 3.3071 0
2QH4 55 4.5058 0
2QH4 56 3.1178 0
2QH4 57 3.2788 0
2QH4 58 4.2229 1
2QH4 59 3.8544 1
2QH4 60 2.1582 1
2QH4 61 2.68 1
2QH4 62 0.014 1
2QH4 63 2.808 1
2QH4 64 0.6449 0
2QH4 65 2.7596 0
2QH4 66 2.2445 0
2QH4 67 1.173 0
2QH4 68 2.3028 0
2QH4 69 1.6913 1
2QH4 70 2.4153 1
2QH4 71 4.1735 1
2QH4 72 2.4385 0
2QH4 73 3.2301 0
2QH4 74 2.9438 0
2QH4 75 0.5294 0
2QH4 76 4.5076 0
2QH4 77 2.8257 0
2QH4 78 3.3323 0
2QH4 79 2.8602 0
2QH4 80 3.8124 0
2QH4 81 0.1214 0
2QH4 82 0.439 1
2QH4 83 0.3979 0
2QH4 84 2.4311 0
2QH4 85 1.3924 1
2QH4 86 0.6094 0
2QH4 87 4.4673 0
2QH4 88 0.9356 0
2QH4 89 1.8892 0
2QH4 90 0.2266 0
2QH4 91 0.2259 0
2QH4 92 2.201 0
2QH4 93 3.4051 0
2QH4 94 4.2864 0
2QH4 95 3.1006 1
2QH4 96 2.4 0
2QH4 97 2.5509 1
2QH4 98 1.4689 0
2QH4 99 0.1366 0
2QH4 100 3.3957 0
