2RVO 1 1.1903 0.366761664000908
2RVO 2 4.1912 0.625389715968839
2RVO 3 1.4258 0.669182790662576
2RVO 4 4.3806 0.0325982737518271
2RVO 5 2.218 0.396273234689332
2RVO 6 1.559 0.419658785660956
2RVO 7 4.05 0.0655422298745148
2RVO 8 2.0398 0.411400258282757
2RVO 9 3.8071 0.637320913643364
2RVO 10 3.3299 0.447631251712914
2RVO 11 4.6291 0.600214344527931
2RVO 12 3.2411 0.472642991025431
2RVO 13 3.8031 0.397343809922202
2RVO 14 2.348 0.378021464792017
2RVO 15 0.7524 0.335385393374557
2RVO 16 1.8387 0.414345696199348
2RVO 17 3.4185 0.389229945207005
2RVO 18 1.231 0.445587928851481
2RVO 19 4.1573 0.454089244524724
2RVO 20 0.9473 0.190651427236946
2RVO 21 4.1006 0.388070751426867
2RVO 22 3.828 0.40421522680924
2RVO 23 3.5144 0.437754865869041
2RVO 24 3.306 0.391909736101208
2RVO 25 2.2631 0.454378063203576
2RVO 26 2.1634 0.254036666471558
2RVO 27 3.6166 0.400914003381542
2RVO 28 1.8929 0.436147483078283
2RVO 29 1.0211 0.280086332078478
2RVO 30 3.5442 0.464609027546227
2RVO 31 3.5716 0.361805298837775
2RVO 32 2.2267 0.422493908611106
2RVO 33 3.2766 0.409838950579968
2RVO 34 2.6223 0.471408470735047
2RVO 35 3.0989 0.392622007488603
2RVO 36 4.2772 0.351245237367767
2RVO 37 4.0077 0.385343112179666
2RVO 38 3.7135 0.464181715378505
2RVO 39 2.2238 0.380928457130677
2RVO 40 3.9454 0.462315584907446
2RVO 41 1.6849 0.430872481561322
2RVO 42 0.1048 0.458228432537428
2RVO 43 2.6068 0.358847075531315
2RVO 44 0.5414 0.457773806127713
2RVO 45 1.4306 0.448769315326577
2RVO 46 3.471 0.451091875275154
2RVO 47 3.4248 0.463788512485157
2RVO 48 3.0748 0.471586542307243
2RVO 49 0.3891 0.446898267397876
2RVO 50 1.7387 0.454453330108276
2RVO 51 4.0744 0.581237815881087
2RVO 52 4.6484 0.475033605607499
2RVO 53 1.5899 0.456846924967703
2RVO 54 3.6493 0.359531153494894
2RVO 55 4.2833 0.453500133099187
2RVO 56 3.0418 0.423617979822569
2RVO 57 3.5934 0.477449850574854
2RVO 58 4.4433 0.405533299175381
2RVO 59 3.8229 0.475705062096463
2RVO 60 2.1633 0.47838442085045
2RVO 61 2.794 0.478899248862816
2RVO 62 0.0141 0.554712229782722
2RVO 63 2.8689 0.479346499086068
2RVO 64 0.6565 0.474141608593975
2RVO 65 2.8091 0.641941610167562
2RVO 66 2.3083 0.575890542638173
2RVO 67 1.1691 0.441312080220483
2RVO 68 2.273 0.478270320931763
2RVO 69 1.7352 0.689562642509413
2RVO 70 2.5515 0.404548093987457
2RVO 71 4.6458 0.441032202373707
2RVO 72 2.4316 0.478760204022635
2RVO 73 3.4 0.604236199021015
2RVO 74 2.8595 0.598644498330508
2RVO 75 0.5317 0.472343011207869
2RVO 76 4.7238 0.697837248483963
2RVO 77 2.8517 0.478760636162852
2RVO 78 3.5184 0.748838749828485
2RVO 79 2.8155 0.44338839475228
2RVO 80 3.8192 0.79888258374788
2RVO 81 0.1248 0.725388854668682
2RVO 82 0.4515 0.477112229854249
2RVO 83 0.3925 0.406498476899453
2RVO 84 2.5527 0.706283309814971
2RVO 85 1.3965 0.479359046053749
2RVO 86 0.607 0.754176873619908
2RVO 87 4.1253 0.468740764865534
2RVO 88 0.965 0.476146113342809
2RVO 89 1.9246 0.479424627057032
2RVO 90 0.2273 0.779248695323981
2RVO 91 0.229 0.440566131698933
2RVO 92 2.3151 0.479341402811784
2RVO 93 3.7783 0.929912921660072
2RVO 94 4.605 0.479375512086157
2RVO 95 3.0105 0.479381949485252
2RVO 96 2.487 0.478899681003033
2RVO 97 2.7 0.422621226059879
2RVO 98 1.4472 0.47498943789704
2RVO 99 0.1386 0.833743782098332
2RVO 100 3.3901 1
