2RVO 1 1.1903 0
2RVO 2 4.1912 0
2RVO 3 1.4258 0
2RVO 4 4.3806 1
2RVO 5 2.218 0
2RVO 6 1.559 0
2RVO 7 4.05 0
2RVO 8 2.0398 0
2RVO 9 3.8071 0
2RVO 10 3.3299 0
2RVO 11 4.6291 0
2RVO 12 3.2411 1
2RVO 13 3.8031 0
2RVO 14 2.348 0
2RVO 15 0.7524 0
2RVO 16 1.8387 0
2RVO 17 3.4185 0
2RVO 18 1.231 1
2RVO 19 4.1573 0
2RVO 20 0.9473 0
2RVO 21 4.1006 0
2RVO 22 3.828 0
2RVO 23 3.5144 1
2RVO 24 3.306 0
2RVO 25 2.2631 0
2RVO 26 2.1634 0
2RVO 27 3.6166 0
2RVO 28 1.8929 1
2RVO 29 1.0211 0
2RVO 30 3.5442 0
2RVO 31 3.5716 1
2RVO 32 2.2267 0
2RVO 33 3.2766 0
2RVO 34 2.6223 0
2RVO 35 3.0989 1
2RVO 36 4.2772 0
2RVO 37 4.0077 1
2RVO 38 3.7135 0
2RVO 39 2.2238 0
2RVO 40 3.9454 0
2RVO 41 1.6849 1
2RVO 42 0.1048 0
2RVO 43 2.6068 0
2RVO 44 0.5414 0
2RVO 45 1.4306 0
2RVO 46 3.471 1
2RVO 47 3.4248 1
2RVO 48 3.0748 0
2RVO 49 0.3891 0
2RVO 50 1.7387 0
2RVO 51 4.0744 1
2RVO 52 4.6484 0
2RVO 53 1.5899 0
2RVO 54 3.6493 0
2RVO 55 4.2833 0
2RVO 56 3.0418 0
2RVO 57 3.5934 0
2RVO 58 4.4433 0
2RVO 59 3.8229 0
2RVO 60 2.1633 1
2RVO 61 2.794 0
2RVO 62 0.0141 1
2RVO 63 2.8689 0
2RVO 64 0.6565 1
2RVO 65 2.8091 0
2RVO 66 2.3083 0
2RVO 67 1.1691 0
2RVO 68 2.273 0
2RVO 69 1.7352 0
2RVO 70 2.5515 1
2RVO 71 4.6458 0
2RVO 72 2.4316 0
2RVO 73 3.4 0
2RVO 74 2.8595 0
2RVO 75 0.5317 0
2RVO 76 4.7238 0
2RVO 77 2.8517 0
2RVO 78 3.5184 0
2RVO 79 2.8155 0
2RVO 80 3.8192 0
2RVO 81 0.1248 1
2RVO 82 0.4515 0
2RVO 83 0.3925 0
2RVO 84 2.5527 0
2RVO 85 1.3965 0
2RVO 86 0.607 0
2RVO 87 4.1253 0
2RVO 88 0.965 0
2RVO 89 1.9246 0
2RVO 90 0.2273 0
2RVO 91 0.229 1
2RVO 92 2.3151 0
2RVO 93 3.7783 1
2RVO 94 4.605 1
2RVO 95 3.0105 0
2RVO 96 2.487 0
2RVO 97 2.7 0
2RVO 98 1.4472 1
2RVO 99 0.1386 0
2RVO 100 3.3901 0
