2Y95 1 1.1717 0
2Y95 2 3.5784 0
2Y95 3 1.352 0
2Y95 4 4.3972 0
2Y95 5 2.1378 0
2Y95 6 1.5573 0
2Y95 7 4.1007 0
2Y95 8 2.0128 1
2Y95 9 3.5448 0
2Y95 10 3.2493 1
2Y95 11 4.3251 0
2Y95 12 3.0447 0
2Y95 13 3.627 1
2Y95 14 2.1819 0
2Y95 15 0.745 1
2Y95 16 1.7998 0
2Y95 17 3.3734 0
2Y95 18 1.2083 0
2Y95 19 4.1103 0
2Y95 20 0.9252 0
2Y95 21 3.895 0
2Y95 22 3.5328 0
2Y95 23 3.3046 0
2Y95 24 3.1366 0
2Y95 25 2.2526 0
2Y95 26 2.1407 1
2Y95 27 3.4371 0
2Y95 28 1.8356 0
2Y95 29 0.9712 0
2Y95 30 3.407 1
2Y95 31 3.6101 0
2Y95 32 2.1395 0
2Y95 33 3.0827 0
2Y95 34 2.5686 1
2Y95 35 3.0824 0
2Y95 36 3.9811 0
2Y95 37 3.539 1
2Y95 38 3.4513 0
2Y95 39 2.181 0
2Y95 40 3.5507 0
2Y95 41 1.6585 0
2Y95 42 0.1032 1
2Y95 43 2.5095 0
2Y95 44 0.5319 0
2Y95 45 1.4235 0
2Y95 46 3.0585 0
2Y95 47 3.3822 0
2Y95 48 2.8502 0
2Y95 49 0.3905 0
2Y95 50 1.7145 0
2Y95 51 3.7141 0
2Y95 52 4.2007 0
2Y95 53 1.5634 1
2Y95 54 3.3951 0
2Y95 55 4.3439 0
2Y95 56 2.9731 0
2Y95 57 3.4946 0
2Y95 58 4.0505 0
2Y95 59 3.2938 1
2Y95 60 2.1751 0
2Y95 61 2.6469 0
2Y95 62 0.0141 0
2Y95 63 2.6824 0
2Y95 64 0.6432 1
2Y95 65 2.7444 0
2Y95 66 2.1979 0
2Y95 67 1.1555 0
2Y95 68 2.2457 1
2Y95 69 1.655 0
2Y95 70 2.4534 1
2Y95 71 4.2448 0
2Y95 72 2.3357 0
2Y95 73 3.2926 0
2Y95 74 2.6643 0
2Y95 75 0.5248 0
2Y95 76 4.3495 0
2Y95 77 2.7924 0
2Y95 78 3.4752 0
2Y95 79 2.8082 1
2Y95 80 3.6741 0
2Y95 81 0.1234 0
2Y95 82 0.4391 0
2Y95 83 0.392 1
2Y95 84 2.4511 0
2Y95 85 1.3777 0
2Y95 86 0.602 0
2Y95 87 3.8639 0
2Y95 88 0.956 0
2Y95 89 1.794 1
2Y95 90 0.2242 0
2Y95 91 0.2252 0
2Y95 92 2.1298 1
2Y95 93 3.5956 0
2Y95 94 4.212 0
2Y95 95 2.8788 0
2Y95 96 2.3974 1
2Y95 97 2.6605 0
2Y95 98 1.426 0
2Y95 99 0.1388 0
2Y95 100 3.3047 0
