2Y95 1 1.1717 0.448391035485291
2Y95 2 3.5784 0.0104732045092303
2Y95 3 1.352 0.45676093899678
2Y95 4 4.3972 0.334600801095411
2Y95 5 2.1378 0.393787273392254
2Y95 6 1.5573 0.764675688087097
2Y95 7 4.1007 0.476524593286848
2Y95 8 2.0128 0.268895505559437
2Y95 9 3.5448 0.40557872171808
2Y95 10 3.2493 0.361257453232056
2Y95 11 4.3251 0.293256273096063
2Y95 12 3.0447 0.71648508631914
2Y95 13 3.627 0.470802307032494
2Y95 14 2.1819 0.133850795378347
2Y95 15 0.745 0.481056177256451
2Y95 16 1.7998 0.441730952805736
2Y95 17 3.3734 0.479895544749112
2Y95 18 1.2083 0.47467124445913
2Y95 19 4.1103 0.184987534973435
2Y95 20 0.9252 0.380240968081791
2Y95 21 3.895 0.204643942928263
2Y95 22 3.5328 0.216150421115433
2Y95 23 3.3046 0.225965348715174
2Y95 24 3.1366 0.235140893883284
2Y95 25 2.2526 0.37891430472752
2Y95 26 2.1407 0.320101504606401
2Y95 27 3.4371 0.452618891865213
2Y95 28 1.8356 0.407895236469186
2Y95 29 0.9712 0.319106796369568
2Y95 30 3.407 0.357117979159924
2Y95 31 3.6101 0.428008080807343
2Y95 32 2.1395 0.39416691384785
2Y95 33 3.0827 0.327260380186127
2Y95 34 2.5686 0.461210139388872
2Y95 35 3.0824 0.477689230022774
2Y95 36 3.9811 0.358262670878932
2Y95 37 3.539 0.376627311646492
2Y95 38 3.4513 0.441339573718046
2Y95 39 2.181 0.414835234519751
2Y95 40 3.5507 0.447665737228878
2Y95 41 1.6585 0.415881084215992
2Y95 42 0.1032 0.437241436074104
2Y95 43 2.5095 0.388675517808418
2Y95 44 0.5319 0.449933181148287
2Y95 45 1.4235 0.458069971565105
2Y95 46 3.0585 0.462939067851516
2Y95 47 3.3822 0.479669252545723
2Y95 48 2.8502 0.469103387446448
2Y95 49 0.3905 0.624746412812581
2Y95 50 1.7145 0.485555499019299
2Y95 51 3.7141 0.47625908095859
2Y95 52 4.2007 0.41773840682189
2Y95 53 1.5634 0.707184435651788
2Y95 54 3.3951 0.482588974644342
2Y95 55 4.3439 0.473725135072679
2Y95 56 2.9731 0.466401538013543
2Y95 57 3.4946 0.577144554448572
2Y95 58 4.0505 0.308879418000143
2Y95 59 3.2938 0.412188896179731
2Y95 60 2.1751 0.487214528571511
2Y95 61 2.6469 0.415222061271518
2Y95 62 0.0141 0.486929269153984
2Y95 63 2.6824 0.487074867777479
2Y95 64 0.6432 0.701119308259311
2Y95 65 2.7444 0.462991823182523
2Y95 66 2.1979 0.45125291703485
2Y95 67 1.1555 0.486013564499429
2Y95 68 2.2457 0.486776484234317
2Y95 69 1.655 0.487037946658377
2Y95 70 2.4534 0.486368007242812
2Y95 71 4.2448 0.428084907185483
2Y95 72 2.3357 0.484648777234959
2Y95 73 3.2926 0.560498900085605
2Y95 74 2.6643 0.730030143162895
2Y95 75 0.5248 0.486537387634571
2Y95 76 4.3495 0.48715700775173
2Y95 77 2.7924 0.755329453159706
2Y95 78 3.4752 0.486945149041499
2Y95 79 2.8082 0.487044660973232
2Y95 80 3.6741 0.477429457596331
2Y95 81 0.1234 0.827098871224709
2Y95 82 0.4391 0.485994700471978
2Y95 83 0.392 0.846617308383122
2Y95 84 2.4511 0.857716451469069
2Y95 85 1.3777 0.804801134021896
2Y95 86 0.602 0.877430867450198
2Y95 87 3.8639 0.788431253774518
2Y95 88 0.956 0.898660754537347
2Y95 89 1.794 0.487148847042518
2Y95 90 0.2242 0.486941190488523
2Y95 91 0.2252 0.928095915007797
2Y95 92 2.1298 0.486925980509973
2Y95 93 3.5956 0.887006439621729
2Y95 94 4.212 0.633773999450614
2Y95 95 2.8788 0.485785871577294
2Y95 96 2.3974 0.487221349462792
2Y95 97 2.6605 0.442354835979946
2Y95 98 1.426 1
2Y95 99 0.1388 0.486835877754159
2Y95 100 3.3047 0.487124867346606
