4A4S 1 1.2074 0
4A4S 2 4.364 0
4A4S 3 1.4563 0
4A4S 4 4.4518 0
4A4S 5 2.2598 0
4A4S 6 1.5263 0
4A4S 7 4.1417 0
4A4S 8 2.0504 1
4A4S 9 3.7652 1
4A4S 10 3.4403 0
4A4S 11 4.5837 0
4A4S 12 3.2573 0
4A4S 13 3.7712 0
4A4S 14 2.3646 0
4A4S 15 0.748 0
4A4S 16 1.828 0
4A4S 17 3.5284 0
4A4S 18 1.216 1
4A4S 19 4.6421 0
4A4S 20 0.9376 0
4A4S 21 4.0534 0
4A4S 22 3.8493 0
4A4S 23 3.4752 0
4A4S 24 2.9709 0
4A4S 25 2.2626 0
4A4S 26 2.1928 0
4A4S 27 3.4718 0
4A4S 28 1.8147 1
4A4S 29 1.0428 0
4A4S 30 3.4638 1
4A4S 31 3.7079 0
4A4S 32 2.2125 0
4A4S 33 3.1653 0
4A4S 34 2.6057 1
4A4S 35 3.2135 1
4A4S 36 4.2793 0
4A4S 37 4.0515 0
4A4S 38 3.4082 0
4A4S 39 2.1714 0
4A4S 40 3.7201 1
4A4S 41 1.6879 0
4A4S 42 0.1038 0
4A4S 43 2.5776 0
4A4S 44 0.539 0
4A4S 45 1.472 0
4A4S 46 3.4238 0
4A4S 47 3.4312 1
4A4S 48 3.1654 0
4A4S 49 0.3903 0
4A4S 50 1.7637 0
4A4S 51 4.0334 0
4A4S 52 4.2702 0
4A4S 53 1.6212 1
4A4S 54 3.061 0
4A4S 55 4.5042 0
4A4S 56 3.1576 0
4A4S 57 3.7139 0
4A4S 58 4.2518 0
4A4S 59 3.8846 0
4A4S 60 2.2753 0
4A4S 61 2.8025 0
4A4S 62 0.0142 0
4A4S 63 2.7881 0
4A4S 64 0.6579 1
4A4S 65 2.8684 1
4A4S 66 2.2557 1
4A4S 67 1.1562 0
4A4S 68 2.2878 0
4A4S 69 1.7006 0
4A4S 70 2.6065 0
4A4S 71 4.5673 0
4A4S 72 2.419 1
4A4S 73 3.4805 1
4A4S 74 2.8453 0
4A4S 75 0.5262 0
4A4S 76 4.7941 0
4A4S 77 2.8909 0
4A4S 78 3.4674 0
4A4S 79 2.9246 0
4A4S 80 3.8488 1
4A4S 81 0.1247 0
4A4S 82 0.45 0
4A4S 83 0.3973 1
4A4S 84 2.5577 0
4A4S 85 1.4304 0
4A4S 86 0.6083 0
4A4S 87 4.3033 0
4A4S 88 0.9578 0
4A4S 89 1.8663 0
4A4S 90 0.2289 0
4A4S 91 0.2277 1
4A4S 92 2.2909 1
4A4S 93 3.6679 1
4A4S 94 4.4954 0
4A4S 95 3.0094 0
4A4S 96 2.3814 1
4A4S 97 2.6312 0
4A4S 98 1.4813 1
4A4S 99 0.1379 1
4A4S 100 3.4965 0
