4A4S 1 1.2074 0.146093718884649
4A4S 2 4.364 0.0112704872691656
4A4S 3 1.4563 0.413511622690487
4A4S 4 4.4518 0.737803896499959
4A4S 5 2.2598 0.364981490500038
4A4S 6 1.5263 0.47892334282219
4A4S 7 4.1417 0.721281290950646
4A4S 8 2.0504 0.475813741807046
4A4S 9 3.7652 0.414898136470869
4A4S 10 3.4403 0.453643566138237
4A4S 11 4.5837 0.105852429864812
4A4S 12 3.2573 0.464595651906594
4A4S 13 3.7712 0.498310118165717
4A4S 14 2.3646 0.138815929942505
4A4S 15 0.748 0.403722416410347
4A4S 16 1.828 0.457576993766957
4A4S 17 3.5284 0.17038700015476
4A4S 18 1.216 0.497503835804379
4A4S 19 4.6421 0.409672930885344
4A4S 20 0.9376 0.383408149578215
4A4S 21 4.0534 0.211107115443408
4A4S 22 3.8493 0.471084608584437
4A4S 23 3.4752 0.464286116687104
4A4S 24 2.9709 0.225815287521577
4A4S 25 2.2626 0.253871293043089
4A4S 26 2.1928 0.690421076804688
4A4S 27 3.4718 0.282948380321852
4A4S 28 1.8147 0.28742927336007
4A4S 29 1.0428 0.294971669798844
4A4S 30 3.4638 0.803514010152504
4A4S 31 3.7079 0.724282205480103
4A4S 32 2.2125 0.395697584420101
4A4S 33 3.1653 0.429565696272838
4A4S 34 2.6057 0.421528121945546
4A4S 35 3.2135 0.445033936201755
4A4S 36 4.2793 0.36957949691433
4A4S 37 4.0515 0.482503876761891
4A4S 38 3.4082 0.471735252400432
4A4S 39 2.1714 0.409990453604288
4A4S 40 3.7201 0.757849271773869
4A4S 41 1.6879 0.45525668009958
4A4S 42 0.1038 0.450774515966164
4A4S 43 2.5776 0.444100669860892
4A4S 44 0.539 0.439408037470757
4A4S 45 1.472 0.473546751367848
4A4S 46 3.4238 0.473911100606181
4A4S 47 3.4312 0.493249260481522
4A4S 48 3.1654 0.497906427746382
4A4S 49 0.3903 0.510070024163677
4A4S 50 1.7637 0.449426339044652
4A4S 51 4.0334 0.501283382451486
4A4S 52 4.2702 0.479723206937405
4A4S 53 1.6212 0.558289130343971
4A4S 54 3.061 0.42467852354729
4A4S 55 4.5042 0.483697764695924
4A4S 56 3.1576 0.482998081713343
4A4S 57 3.7139 0.590054175960439
4A4S 58 4.2518 0.679005009904029
4A4S 59 3.8846 0.285465462664372
4A4S 60 2.2753 0.496628851532221
4A4S 61 2.8025 0.499466673563012
4A4S 62 0.0142 0.492580774255156
4A4S 63 2.7881 0.497211844837127
4A4S 64 0.6579 0.456301394811992
4A4S 65 2.8684 0.501708461793719
4A4S 66 2.2557 0.694584415738895
4A4S 67 1.1562 0.789030460996099
4A4S 68 2.2878 0.459577038522062
4A4S 69 1.7006 0.491070854392844
4A4S 70 2.6065 0.477189914207979
4A4S 71 4.5673 0.471713157313535
4A4S 72 2.419 0.493398716168742
4A4S 73 3.4805 0.67370496662716
4A4S 74 2.8453 0.477606425427026
4A4S 75 0.5262 0.500824234619442
4A4S 76 4.7941 0.501904634152596
4A4S 77 2.8909 0.483237785159615
4A4S 78 3.4674 0.756912003837013
4A4S 79 2.9246 0.491577205365076
4A4S 80 3.8488 0.82696890213813
4A4S 81 0.1247 0.493231182683151
4A4S 82 0.45 0.494183954842915
4A4S 83 0.3973 0.820979815416263
4A4S 84 2.5577 0.870003619012031
4A4S 85 1.4304 0.895034308114794
4A4S 86 0.6083 0.496762771611467
4A4S 87 4.3033 0.914129453419335
4A4S 88 0.9578 0.502100100347473
4A4S 89 1.8663 0.934429989284824
4A4S 90 0.2289 0.476802748026217
4A4S 91 0.2277 0.472146334002955
4A4S 92 2.2909 0.477310009165381
4A4S 93 3.6679 0.501813633151945
4A4S 94 4.4954 0.478545607852945
4A4S 95 3.0094 1
4A4S 96 2.3814 0.501993579431382
4A4S 97 2.6312 0.659620572747964
4A4S 98 1.4813 0.905311128482397
4A4S 99 0.1379 0.467476816714381
4A4S 100 3.4965 0.501746657419789
