4A4T 1 1.1981 1
4A4T 2 3.9831 0
4A4T 3 1.441 0
4A4T 4 4.6963 0
4A4T 5 2.188 1
4A4T 6 1.5649 0
4A4T 7 4.156 0
4A4T 8 2.0703 0
4A4T 9 4.0024 0
4A4T 10 3.6009 0
4A4T 11 4.5184 0
4A4T 12 3.2187 0
4A4T 13 4.0441 0
4A4T 14 2.3487 0
4A4T 15 0.7584 0
4A4T 16 1.86 0
4A4T 17 3.5203 0
4A4T 18 1.2271 0
4A4T 19 4.1849 0
4A4T 20 0.948 0
4A4T 21 4.2268 0
4A4T 22 3.6268 0
4A4T 23 3.668 0
4A4T 24 3.3244 0
4A4T 25 2.3356 0
4A4T 26 2.1431 1
4A4T 27 3.4728 0
4A4T 28 1.8456 0
4A4T 29 1.0334 0
4A4T 30 3.3342 0
4A4T 31 3.5677 0
4A4T 32 2.2151 0
4A4T 33 3.0909 0
4A4T 34 2.6283 0
4A4T 35 3.1268 0
4A4T 36 4.042 1
4A4T 37 3.9916 0
4A4T 38 3.777 1
4A4T 39 2.2249 1
4A4T 40 3.7401 0
4A4T 41 1.689 0
4A4T 42 0.1043 1
4A4T 43 2.532 1
4A4T 44 0.5433 0
4A4T 45 1.4618 0
4A4T 46 3.5087 0
4A4T 47 3.4684 0
4A4T 48 2.9986 0
4A4T 49 0.3919 0
4A4T 50 1.7207 0
4A4T 51 3.7117 1
4A4T 52 4.3222 0
4A4T 53 1.607 1
4A4T 54 3.3917 0
4A4T 55 4.506 0
4A4T 56 3.1402 0
4A4T 57 3.4342 1
4A4T 58 4.4252 0
4A4T 59 4.0018 0
4A4T 60 2.2418 0
4A4T 61 2.7517 1
4A4T 62 0.0141 0
4A4T 63 2.945 0
4A4T 64 0.6579 1
4A4T 65 2.8315 1
4A4T 66 2.3195 0
4A4T 67 1.1661 1
4A4T 68 2.3224 0
4A4T 69 1.6902 0
4A4T 70 2.4847 0
4A4T 71 4.4608 0
4A4T 72 2.4362 0
4A4T 73 3.4749 1
4A4T 74 2.9537 0
4A4T 75 0.5299 0
4A4T 76 4.5225 0
4A4T 77 2.9064 0
4A4T 78 3.6348 0
4A4T 79 2.9443 0
4A4T 80 3.958 0
4A4T 81 0.124 0
4A4T 82 0.4532 0
4A4T 83 0.395 1
4A4T 84 2.5622 0
4A4T 85 1.4166 0
4A4T 86 0.6155 1
4A4T 87 4.403 0
4A4T 88 0.9467 0
4A4T 89 1.9155 0
4A4T 90 0.2297 0
4A4T 91 0.2289 0
4A4T 92 2.2633 1
4A4T 93 3.7353 0
4A4T 94 4.4519 0
4A4T 95 3.0018 0
4A4T 96 2.3927 0
4A4T 97 2.6269 0
4A4T 98 1.4655 0
4A4T 99 0.1385 1
4A4T 100 3.4359 0
