4A4T 1 1.1981 0.610606316552473
4A4T 2 3.9831 0.338867916447932
4A4T 3 1.441 0.459348749615899
4A4T 4 4.6963 0.335417113586109
4A4T 5 2.188 0.472796418231609
4A4T 6 1.5649 0.434428767458243
4A4T 7 4.156 0.0615065155847805
4A4T 8 2.0703 0.451897001932619
4A4T 9 4.0024 0.364150789914648
4A4T 10 3.6009 0.449448784379618
4A4T 11 4.5184 0.744468426046775
4A4T 12 3.2187 0.339378921741636
4A4T 13 4.0441 0.673261709369703
4A4T 14 2.3487 0.469117180116935
4A4T 15 0.7584 0.435900932524804
4A4T 16 1.86 0.310510729123465
4A4T 17 3.5203 0.162796679343493
4A4T 18 1.2271 0.400467402319535
4A4T 19 4.1849 0.182521182513382
4A4T 20 0.948 0.419897093005554
4A4T 21 4.2268 0.429480275617297
4A4T 22 3.6268 0.213348617764938
4A4T 23 3.668 0.223043759249783
4A4T 24 3.3244 0.468547673112135
4A4T 25 2.3356 0.469633696768751
4A4T 26 2.1431 0.450922395048307
4A4T 27 3.4728 0.262815029455499
4A4T 28 1.8456 0.4383585916667
4A4T 29 1.0334 0.46313768785035
4A4T 30 3.3342 0.375601826000281
4A4T 31 3.5677 0.30334432221845
4A4T 32 2.2151 0.316183557980406
4A4T 33 3.0909 0.323645033361335
4A4T 34 2.6283 0.445091905209339
4A4T 35 3.1268 0.344197881608619
4A4T 36 4.042 0.445330489793793
4A4T 37 3.9916 0.365632667620503
4A4T 38 3.777 0.338349156101147
4A4T 39 2.2249 0.392598477955637
4A4T 40 3.7401 0.385750043285243
4A4T 41 1.689 0.413581287427354
4A4T 42 0.1043 0.42411240857583
4A4T 43 2.532 0.46186244089859
4A4T 44 0.5433 0.461649621160387
4A4T 45 1.4618 0.444715099979801
4A4T 46 3.5087 0.455175160748698
4A4T 47 3.4684 0.45830695234937
4A4T 48 2.9986 0.478631802036113
4A4T 49 0.3919 0.672725421097124
4A4T 50 1.7207 0.472811160361638
4A4T 51 3.7117 0.505768434355975
4A4T 52 4.3222 0.433558514977507
4A4T 53 1.607 0.462456628548046
4A4T 54 3.3917 0.395341763984552
4A4T 55 4.506 0.474541666575062
4A4T 56 3.1402 0.4751211422112
4A4T 57 3.4342 0.639523102483824
4A4T 58 4.4252 0.478343750753859
4A4T 59 4.0018 0.595471374261964
4A4T 60 2.2418 0.631415819410804
4A4T 61 2.7517 0.420765086732965
4A4T 62 0.0141 0.474304693234645
4A4T 63 2.945 0.474250076579267
4A4T 64 0.6579 0.479058405247271
4A4T 65 2.8315 0.478520099155055
4A4T 66 2.3195 0.477206378105007
4A4T 67 1.1661 0.477994442081454
4A4T 68 2.3224 0.479095463860143
4A4T 69 1.6902 0.632381029881289
4A4T 70 2.4847 0.47915339335373
4A4T 71 4.4608 0.474156172674403
4A4T 72 2.4362 0.465406771206388
4A4T 73 3.4749 0.737501135776463
4A4T 74 2.9537 0.704670863952366
4A4T 75 0.5299 0.478891694193592
4A4T 76 4.5225 0.478789508193206
4A4T 77 2.9064 0.47911669614139
4A4T 78 3.6348 0.576517693251481
4A4T 79 2.9443 0.478627359821242
4A4T 80 3.958 0.593118205048844
4A4T 81 0.124 0.816470178718887
4A4T 82 0.4532 0.728621795758886
4A4T 83 0.395 0.479074442395872
4A4T 84 2.5622 0.475971668246238
4A4T 85 1.4166 0.772024102283338
4A4T 86 0.6155 0.478952108315835
4A4T 87 4.403 0.847672792897588
4A4T 88 0.9467 0.47632850609639
4A4T 89 1.9155 0.469010130267725
4A4T 90 0.2297 0.479031511024358
4A4T 91 0.2289 0.478973355655438
4A4T 92 2.2633 0.926891458199044
4A4T 93 3.7353 0.714770789091257
4A4T 94 4.4519 0.712164187755166
4A4T 95 3.0018 0.458439902570031
4A4T 96 2.3927 0.473713818423398
4A4T 97 2.6269 0.440787188182492
4A4T 98 1.4655 0.479128020024722
4A4T 99 0.1385 1
4A4T 100 3.4359 0.46669227289824
