4A4U 1 1.1896 0.468904834523913
4A4U 2 4.0828 0.720174682081171
4A4U 3 1.4155 0.391716617960143
4A4U 4 4.4343 0.447537699187921
4A4U 5 2.1837 0.270547624157745
4A4U 6 1.5492 0.223836872716408
4A4U 7 4.0898 0.211170800452404
4A4U 8 2.0583 0.481012599659457
4A4U 9 3.6611 0.469454240726572
4A4U 10 3.4721 0.735700396152169
4A4U 11 4.6528 0.391466175224694
4A4U 12 3.2557 0.303453232579554
4A4U 13 3.808 0.121281015063722
4A4U 14 2.3529 0.135111743924291
4A4U 15 0.7547 0.47764934057509
4A4U 16 1.883 0.422465261871082
4A4U 17 3.6221 0.484618096615326
4A4U 18 1.2158 0.359073120171886
4A4U 19 4.3595 0.300990628579934
4A4U 20 0.9511 0.373462040239173
4A4U 21 4.1755 0.451360349997463
4A4U 22 4.0171 0.211414901655996
4A4U 23 3.7348 0.224080196145302
4A4U 24 3.2276 0.232813793408422
4A4U 25 2.3359 0.414798373155088
4A4U 26 2.1405 0.259758630662271
4A4U 27 3.6172 0.263128851326639
4A4U 28 1.871 0.267809885433242
4A4U 29 1.0266 0.479774801489444
4A4U 30 3.4927 0.479914712190772
4A4U 31 3.8009 0.393360548080422
4A4U 32 2.2254 0.33944260082415
4A4U 33 3.1772 0.614599968242836
4A4U 34 2.6076 0.455138134097839
4A4U 35 3.1869 0.673947377970006
4A4U 36 4.281 0.35948064043306
4A4U 37 4.0664 0.362989303489072
4A4U 38 3.5363 0.372200961784979
4A4U 39 2.2342 0.458130246068904
4A4U 40 3.7612 0.392431385518503
4A4U 41 1.7186 0.397598752118571
4A4U 42 0.1051 0.471051617659268
4A4U 43 2.6128 0.606097986453983
4A4U 44 0.5414 0.444430980126124
4A4U 45 1.4823 0.451166709756209
4A4U 46 3.5044 0.452605953234711
4A4U 47 3.5002 0.463552182563286
4A4U 48 2.9899 0.422143537895107
4A4U 49 0.3887 0.483183661439564
4A4U 50 1.7835 0.760307404814476
4A4U 51 3.9907 0.41451261886539
4A4U 52 4.321 0.512354904548676
4A4U 53 1.5846 0.358580028507773
4A4U 54 3.4598 0.471629254500045
4A4U 55 4.2002 0.365824886237616
4A4U 56 3.1216 0.792920672960637
4A4U 57 3.584 0.570184867247303
4A4U 58 4.3898 0.598162476527818
4A4U 59 3.9928 0.465324425109499
4A4U 60 2.2856 0.428377611065943
4A4U 61 2.8966 0.610646370832362
4A4U 62 0.0141 0.442656729111125
4A4U 63 2.8616 0.466650996065292
4A4U 64 0.6519 0.616122043210701
4A4U 65 2.8513 0.765529681073129
4A4U 66 2.287 0.726652261224745
4A4U 67 1.1557 0.400313198211097
4A4U 68 2.277 0.477093571862092
4A4U 69 1.6991 0.410904132869413
4A4U 70 2.5886 0.487914439140717
4A4U 71 4.5778 0.710359158117473
4A4U 72 2.4239 0.482463906995668
4A4U 73 3.4688 0.488308097964414
4A4U 74 2.8034 0.741073497136922
4A4U 75 0.5271 0.481669217767073
4A4U 76 4.5269 0.481969252124823
4A4U 77 2.8405 0.436573110258574
4A4U 78 3.384 0.398289702268312
4A4U 79 2.8935 0.755907503061068
4A4U 80 3.9505 0.484069151717573
4A4U 81 0.1233 0.472805507441151
4A4U 82 0.452 0.476117447744469
4A4U 83 0.3952 0.776383308910451
4A4U 84 2.4585 0.37603100794626
4A4U 85 1.424 0.849427350363521
4A4U 86 0.6108 0.469508852566407
4A4U 87 4.223 0.741693068040946
4A4U 88 0.9575 0.877562238686933
4A4U 89 1.915 0.450326026006019
4A4U 90 0.2283 0.478349936885252
4A4U 91 0.2271 0.460802539549386
4A4U 92 2.3681 0.48830972447544
4A4U 93 3.672 0.87192406789685
4A4U 94 4.6403 0.487851113940593
4A4U 95 3.0039 0.473158388042871
4A4U 96 2.4458 0.446017776703169
4A4U 97 2.7428 0.889425670466233
4A4U 98 1.4443 0.978503874917358
4A4U 99 0.1396 0.476781531586317
4A4U 100 3.438 1
