4A4U 1 1.1896 0
4A4U 2 4.0828 0
4A4U 3 1.4155 0
4A4U 4 4.4343 1
4A4U 5 2.1837 0
4A4U 6 1.5492 0
4A4U 7 4.0898 0
4A4U 8 2.0583 1
4A4U 9 3.6611 0
4A4U 10 3.4721 0
4A4U 11 4.6528 1
4A4U 12 3.2557 0
4A4U 13 3.808 0
4A4U 14 2.3529 0
4A4U 15 0.7547 1
4A4U 16 1.883 0
4A4U 17 3.6221 0
4A4U 18 1.2158 0
4A4U 19 4.3595 0
4A4U 20 0.9511 0
4A4U 21 4.1755 0
4A4U 22 4.0171 1
4A4U 23 3.7348 0
4A4U 24 3.2276 0
4A4U 25 2.3359 0
4A4U 26 2.1405 1
4A4U 27 3.6172 0
4A4U 28 1.871 0
4A4U 29 1.0266 0
4A4U 30 3.4927 0
4A4U 31 3.8009 0
4A4U 32 2.2254 0
4A4U 33 3.1772 0
4A4U 34 2.6076 1
4A4U 35 3.1869 0
4A4U 36 4.281 0
4A4U 37 4.0664 0
4A4U 38 3.5363 0
4A4U 39 2.2342 0
4A4U 40 3.7612 0
4A4U 41 1.7186 0
4A4U 42 0.1051 0
4A4U 43 2.6128 0
4A4U 44 0.5414 0
4A4U 45 1.4823 1
4A4U 46 3.5044 1
4A4U 47 3.5002 0
4A4U 48 2.9899 1
4A4U 49 0.3887 0
4A4U 50 1.7835 0
4A4U 51 3.9907 0
4A4U 52 4.321 0
4A4U 53 1.5846 0
4A4U 54 3.4598 0
4A4U 55 4.2002 0
4A4U 56 3.1216 0
4A4U 57 3.584 0
4A4U 58 4.3898 0
4A4U 59 3.9928 0
4A4U 60 2.2856 1
4A4U 61 2.8966 0
4A4U 62 0.0141 0
4A4U 63 2.8616 0
4A4U 64 0.6519 0
4A4U 65 2.8513 0
4A4U 66 2.287 1
4A4U 67 1.1557 0
4A4U 68 2.277 0
4A4U 69 1.6991 0
4A4U 70 2.5886 0
4A4U 71 4.5778 0
4A4U 72 2.4239 1
4A4U 73 3.4688 0
4A4U 74 2.8034 0
4A4U 75 0.5271 0
4A4U 76 4.5269 0
4A4U 77 2.8405 0
4A4U 78 3.384 0
4A4U 79 2.8935 1
4A4U 80 3.9505 0
4A4U 81 0.1233 0
4A4U 82 0.452 0
4A4U 83 0.3952 0
4A4U 84 2.4585 0
4A4U 85 1.424 1
4A4U 86 0.6108 0
4A4U 87 4.223 0
4A4U 88 0.9575 0
4A4U 89 1.915 0
4A4U 90 0.2283 0
4A4U 91 0.2271 0
4A4U 92 2.3681 0
4A4U 93 3.672 0
4A4U 94 4.6403 1
4A4U 95 3.0039 0
4A4U 96 2.4458 0
4A4U 97 2.7428 0
4A4U 98 1.4443 0
4A4U 99 0.1396 0
4A4U 100 3.438 0
