5A17 1 1.1912 0.00158310746345036
5A17 2 4.1401 0.472743301675367
5A17 3 1.3602 0.410285097381407
5A17 4 4.5812 0.35461870708352
5A17 5 2.1917 0.456418584380299
5A17 6 1.5723 0.474182959436534
5A17 7 4.1262 0.641646330115835
5A17 8 2.0231 0.334921110036227
5A17 9 3.7906 0.464040853722276
5A17 10 3.4485 0.442244593020724
5A17 11 4.6894 0.396096815953075
5A17 12 3.3064 0.462264618567791
5A17 13 3.9244 0.44352845609156
5A17 14 2.364 0.382930109736434
5A17 15 0.7495 0.444442424418869
5A17 16 1.8338 0.186241415135313
5A17 17 3.4262 0.269103233715502
5A17 18 1.2147 0.181391921088452
5A17 19 4.3396 0.189773791505669
5A17 20 0.9387 0.413848657787645
5A17 21 4.2558 0.215731771989859
5A17 22 3.9048 0.388472664274928
5A17 23 3.5931 0.236478112634228
5A17 24 3.3977 0.245836099844632
5A17 25 2.3092 0.337993459132788
5A17 26 2.1555 0.400150913165197
5A17 27 3.59 0.276491701219039
5A17 28 1.8527 0.289097534001579
5A17 29 1.0112 0.411539501891183
5A17 30 3.5288 0.468207749929381
5A17 31 3.6519 0.346688989500454
5A17 32 2.2161 0.735149685254569
5A17 33 3.2005 0.358654451517985
5A17 34 2.6178 0.383218844418767
5A17 35 3.0627 0.359565000267919
5A17 36 4.1807 0.696865806748577
5A17 37 4.0331 0.406092883752816
5A17 38 3.6542 0.474996646304391
5A17 39 2.2308 0.409266063323546
5A17 40 3.9358 0.47488088262994
5A17 41 1.6644 0.405484010746383
5A17 42 0.1044 0.43586383418576
5A17 43 2.6029 0.476863264967302
5A17 44 0.5409 0.43080521259042
5A17 45 1.4563 0.472129424791949
5A17 46 3.6242 0.47507303778062
5A17 47 3.4528 0.4825642651529
5A17 48 3.021 0.494936311783136
5A17 49 0.3891 0.457398481531961
5A17 50 1.7169 0.558512106119588
5A17 51 4.1556 0.484066087066079
5A17 52 4.6619 0.47759389375166
5A17 53 1.5959 0.557100965751395
5A17 54 3.5261 0.486508543735642
5A17 55 4.5453 0.479704055342691
5A17 56 3.1037 0.589029073435079
5A17 57 3.5362 0.599813698914808
5A17 58 4.4715 0.486093253318151
5A17 59 3.9933 0.368812384542205
5A17 60 2.2702 0.450537303448026
5A17 61 2.7296 0.618563978912313
5A17 62 0.0141 0.483849634092672
5A17 63 2.8466 0.58528841656752
5A17 64 0.6565 0.470989074167935
5A17 65 2.8365 0.681617362217071
5A17 66 2.2868 0.486099119932547
5A17 67 1.161 0.695916795596237
5A17 68 2.3225 0.450389147905317
5A17 69 1.7191 0.697033177806353
5A17 70 2.4847 0.696606263963013
5A17 71 4.4333 0.743586817924509
5A17 72 2.4192 0.475872387521316
5A17 73 3.5756 0.438699918720724
5A17 74 2.8493 0.480322481205187
5A17 75 0.5302 0.604114131187035
5A17 76 4.657 0.4865896881107
5A17 77 2.9898 0.484843021320218
5A17 78 3.5424 0.818657490236009
5A17 79 2.9229 0.461122150315586
5A17 80 4.0447 0.463017553035763
5A17 81 0.1222 0.486552010015032
5A17 82 0.4314 0.442013473511326
5A17 83 0.387 0.468057727736638
5A17 84 2.5003 0.88376076900209
5A17 85 1.405 0.474583928412999
5A17 86 0.6075 0.694511192433611
5A17 87 4.4387 0.45849178943786
5A17 88 0.9615 0.894231938451121
5A17 89 1.8898 0.486551194336025
5A17 90 0.2298 0.474922560689969
5A17 91 0.229 0.443537412874502
5A17 92 2.2855 0.966702084913189
5A17 93 3.6406 0.48629045940422
5A17 94 4.6692 0.752152921994358
5A17 95 3.1396 1
5A17 96 2.4622 0.486480104773341
5A17 97 2.6923 0.468930535646365
5A17 98 1.4558 0.679183987819528
5A17 99 0.1389 0.808592685793796
5A17 100 3.3853 0.4737982099234
