5A17 1 1.1912 0
5A17 2 4.1401 0
5A17 3 1.3602 0
5A17 4 4.5812 0
5A17 5 2.1917 0
5A17 6 1.5723 0
5A17 7 4.1262 0
5A17 8 2.0231 0
5A17 9 3.7906 0
5A17 10 3.4485 0
5A17 11 4.6894 0
5A17 12 3.3064 0
5A17 13 3.9244 0
5A17 14 2.364 0
5A17 15 0.7495 1
5A17 16 1.8338 0
5A17 17 3.4262 1
5A17 18 1.2147 0
5A17 19 4.3396 0
5A17 20 0.9387 0
5A17 21 4.2558 1
5A17 22 3.9048 0
5A17 23 3.5931 1
5A17 24 3.3977 0
5A17 25 2.3092 0
5A17 26 2.1555 0
5A17 27 3.59 0
5A17 28 1.8527 0
5A17 29 1.0112 0
5A17 30 3.5288 0
5A17 31 3.6519 0
5A17 32 2.2161 0
5A17 33 3.2005 0
5A17 34 2.6178 0
5A17 35 3.0627 1
5A17 36 4.1807 0
5A17 37 4.0331 1
5A17 38 3.6542 0
5A17 39 2.2308 0
5A17 40 3.9358 0
5A17 41 1.6644 0
5A17 42 0.1044 0
5A17 43 2.6029 0
5A17 44 0.5409 0
5A17 45 1.4563 0
5A17 46 3.6242 1
5A17 47 3.4528 0
5A17 48 3.021 1
5A17 49 0.3891 1
5A17 50 1.7169 0
5A17 51 4.1556 1
5A17 52 4.6619 0
5A17 53 1.5959 0
5A17 54 3.5261 0
5A17 55 4.5453 0
5A17 56 3.1037 0
5A17 57 3.5362 0
5A17 58 4.4715 0
5A17 59 3.9933 0
5A17 60 2.2702 0
5A17 61 2.7296 0
5A17 62 0.0141 0
5A17 63 2.8466 0
5A17 64 0.6565 1
5A17 65 2.8365 0
5A17 66 2.2868 0
5A17 67 1.161 0
5A17 68 2.3225 0
5A17 69 1.7191 0
5A17 70 2.4847 0
5A17 71 4.4333 0
5A17 72 2.4192 0
5A17 73 3.5756 0
5A17 74 2.8493 1
5A17 75 0.5302 0
5A17 76 4.657 1
5A17 77 2.9898 0
5A17 78 3.5424 0
5A17 79 2.9229 0
5A17 80 4.0447 0
5A17 81 0.1222 0
5A17 82 0.4314 0
5A17 83 0.387 0
5A17 84 2.5003 0
5A17 85 1.405 0
5A17 86 0.6075 0
5A17 87 4.4387 1
5A17 88 0.9615 1
5A17 89 1.8898 0
5A17 90 0.2298 0
5A17 91 0.229 0
5A17 92 2.2855 0
5A17 93 3.6406 0
5A17 94 4.6692 0
5A17 95 3.1396 0
5A17 96 2.4622 0
5A17 97 2.6923 0
5A17 98 1.4558 1
5A17 99 0.1389 0
5A17 100 3.3853 0
