5A18 1 1.1978 0.389695451451843
5A18 2 3.9242 0.483905724498513
5A18 3 1.4353 0.634114605965203
5A18 4 4.8026 0.36295577324618
5A18 5 2.2161 0.480636427767841
5A18 6 1.5498 0.472872057625831
5A18 7 4.1158 0.0604853729527017
5A18 8 2.0734 0.367957478662238
5A18 9 3.888 0.434416426356679
5A18 10 3.5329 0.445025397247863
5A18 11 4.5422 0.33184294506662
5A18 12 3.3191 0.400925642018445
5A18 13 4.031 0.413514072253739
5A18 14 2.402 0.415011990909578
5A18 15 0.7489 0.340934130847952
5A18 16 1.8485 0.45599412012845
5A18 17 3.451 0.463487276494345
5A18 18 1.2147 0.273747385266999
5A18 19 4.2607 0.357137537107939
5A18 20 0.9453 0.480419887910382
5A18 21 4.2395 0.407011663584672
5A18 22 3.9239 0.214411062863224
5A18 23 3.6303 0.227457439565596
5A18 24 3.3579 0.424226013356455
5A18 25 2.3121 0.374282301892342
5A18 26 2.1533 0.467114378990592
5A18 27 3.6515 0.261769335737489
5A18 28 1.8963 0.362087757418231
5A18 29 1.0029 0.421065001525465
5A18 30 3.451 0.627206724017691
5A18 31 3.5783 0.664748707995568
5A18 32 2.1824 0.387434448374369
5A18 33 3.1256 0.339379921410583
5A18 34 2.605 0.44581218068736
5A18 35 3.1169 0.346278476454666
5A18 36 4.0256 0.481219336775724
5A18 37 3.9601 0.373285895175456
5A18 38 3.7111 0.414076336318077
5A18 39 2.2011 0.433691862195915
5A18 40 3.9088 0.475079823996092
5A18 41 1.6646 0.45104668441533
5A18 42 0.1044 0.391361239398451
5A18 43 2.5788 0.798840610511252
5A18 44 0.5402 0.432107935417766
5A18 45 1.4534 0.442489422685188
5A18 46 3.5817 0.454428802244301
5A18 47 3.4113 0.464021964064115
5A18 48 3.0985 0.832310675051179
5A18 49 0.3904 0.483323294561111
5A18 50 1.7348 0.550320687534408
5A18 51 3.8947 0.503558048977681
5A18 52 4.5605 0.337839006179066
5A18 53 1.6258 0.647167539944784
5A18 54 3.5748 0.54180432644659
5A18 55 4.5788 0.480031331808302
5A18 56 2.9935 0.48773927643021
5A18 57 3.4315 0.487496672144388
5A18 58 4.4422 0.565204000112761
5A18 59 4.0964 0.487783440740187
5A18 60 2.2496 0.479237931207784
5A18 61 2.7931 0.485491283110488
5A18 62 0.0141 0.617007103881658
5A18 63 2.9412 0.423686924326641
5A18 64 0.6574 0.633266336823646
5A18 65 2.7987 0.487541959275805
5A18 66 2.2772 0.438706682166393
5A18 67 1.1724 0.657532813670612
5A18 68 2.3233 0.453866942395682
5A18 69 1.7194 0.466622792793169
5A18 70 2.5364 0.472481540328969
5A18 71 4.2969 0.711893016016209
5A18 72 2.4454 0.479429978586897
5A18 73 3.6313 0.383814112748669
5A18 74 2.8973 0.486887593911475
5A18 75 0.5307 0.487808112869964
5A18 76 4.7308 0.762086667532886
5A18 77 2.9592 0.468845245667867
5A18 78 3.5527 0.38932831878284
5A18 79 2.8955 0.472541349284344
5A18 80 3.9856 0.802326102767475
5A18 81 0.1227 0.479281466737755
5A18 82 0.4392 0.483045029466353
5A18 83 0.3936 0.432707417270105
5A18 84 2.581 0.42673505517552
5A18 85 1.4146 0.43749409489491
5A18 86 0.6108 0.758285258236281
5A18 87 4.5155 0.468656476927359
5A18 88 0.954 0.702289269732954
5A18 89 1.8998 0.484895603880094
5A18 90 0.2277 0.458098003059075
5A18 91 0.2276 0.857299949486509
5A18 92 2.3169 0.487945561185183
5A18 93 3.5574 0.932470973531251
5A18 94 4.8593 0.48791081360435
5A18 95 3.1801 0.887021317453704
5A18 96 2.4659 0.487493183912448
5A18 97 2.752 0.466237620126362
5A18 98 1.4793 0.470271722938211
5A18 99 0.1378 0.474572578182319
5A18 100 3.3878 1
