5A18 1 1.1978 0
5A18 2 3.9242 0
5A18 3 1.4353 0
5A18 4 4.8026 0
5A18 5 2.2161 0
5A18 6 1.5498 0
5A18 7 4.1158 0
5A18 8 2.0734 1
5A18 9 3.888 0
5A18 10 3.5329 0
5A18 11 4.5422 0
5A18 12 3.3191 1
5A18 13 4.031 0
5A18 14 2.402 0
5A18 15 0.7489 0
5A18 16 1.8485 1
5A18 17 3.451 0
5A18 18 1.2147 0
5A18 19 4.2607 0
5A18 20 0.9453 0
5A18 21 4.2395 0
5A18 22 3.9239 0
5A18 23 3.6303 0
5A18 24 3.3579 1
5A18 25 2.3121 0
5A18 26 2.1533 0
5A18 27 3.6515 1
5A18 28 1.8963 0
5A18 29 1.0029 0
5A18 30 3.451 0
5A18 31 3.5783 1
5A18 32 2.1824 0
5A18 33 3.1256 1
5A18 34 2.605 0
5A18 35 3.1169 0
5A18 36 4.0256 0
5A18 37 3.9601 0
5A18 38 3.7111 0
5A18 39 2.2011 1
5A18 40 3.9088 0
5A18 41 1.6646 0
5A18 42 0.1044 1
5A18 43 2.5788 1
5A18 44 0.5402 0
5A18 45 1.4534 0
5A18 46 3.5817 0
5A18 47 3.4113 0
5A18 48 3.0985 0
5A18 49 0.3904 0
5A18 50 1.7348 0
5A18 51 3.8947 0
5A18 52 4.5605 0
5A18 53 1.6258 0
5A18 54 3.5748 0
5A18 55 4.5788 0
5A18 56 2.9935 0
5A18 57 3.4315 1
5A18 58 4.4422 0
5A18 59 4.0964 0
5A18 60 2.2496 0
5A18 61 2.7931 1
5A18 62 0.0141 0
5A18 63 2.9412 0
5A18 64 0.6574 0
5A18 65 2.7987 0
5A18 66 2.2772 1
5A18 67 1.1724 0
5A18 68 2.3233 0
5A18 69 1.7194 0
5A18 70 2.5364 1
5A18 71 4.2969 0
5A18 72 2.4454 0
5A18 73 3.6313 0
5A18 74 2.8973 0
5A18 75 0.5307 0
5A18 76 4.7308 0
5A18 77 2.9592 0
5A18 78 3.5527 0
5A18 79 2.8955 0
5A18 80 3.9856 0
5A18 81 0.1227 0
5A18 82 0.4392 0
5A18 83 0.3936 1
5A18 84 2.581 0
5A18 85 1.4146 1
5A18 86 0.6108 0
5A18 87 4.5155 0
5A18 88 0.954 0
5A18 89 1.8998 0
5A18 90 0.2277 0
5A18 91 0.2276 0
5A18 92 2.3169 0
5A18 93 3.5574 0
5A18 94 4.8593 1
5A18 95 3.1801 0
5A18 96 2.4659 0
5A18 97 2.752 0
5A18 98 1.4793 0
5A18 99 0.1378 0
5A18 100 3.3878 1
