5IEM 1 1.1983 0.289283295179734
5IEM 2 4.2671 0.345100651557326
5IEM 3 1.4388 0.44188979484412
5IEM 4 4.6386 0.590234722461762
5IEM 5 2.1867 0.397699426115963
5IEM 6 1.5348 0.438404323510789
5IEM 7 4.0816 0.627156342766627
5IEM 8 2.0307 0.416914824620063
5IEM 9 3.898 0.0818070272310984
5IEM 10 3.7591 0.0931746146318475
5IEM 11 4.7922 0.455951915916279
5IEM 12 3.2749 0.464991675739784
5IEM 13 4.0328 0.458186540100551
5IEM 14 2.4009 0.641438872455525
5IEM 15 0.753 0.312447318708739
5IEM 16 1.8518 0.214441033789134
5IEM 17 3.5661 0.162734118685276
5IEM 18 1.2328 0.369887838047679
5IEM 19 4.5065 0.184048010180988
5IEM 20 0.946 0.372816455364388
5IEM 21 4.367 0.203128886347008
5IEM 22 4.2131 0.213173644527988
5IEM 23 3.6804 0.28682578652171
5IEM 24 3.3531 0.27193929487749
5IEM 25 2.3852 0.243715911740469
5IEM 26 2.1659 0.299847239700437
5IEM 27 3.5637 0.264689811638245
5IEM 28 1.9046 0.364030009832371
5IEM 29 1.0317 0.426147450946569
5IEM 30 3.439 0.386030752352813
5IEM 31 3.6038 0.304614686624471
5IEM 32 2.2663 0.415275799859551
5IEM 33 3.2401 0.364405337040345
5IEM 34 2.6364 0.33487122694615
5IEM 35 3.1569 0.312145193341834
5IEM 36 4.1294 0.355352858153293
5IEM 37 4.109 0.453345087934064
5IEM 38 3.8317 0.374855371321728
5IEM 39 2.2214 0.393529760335905
5IEM 40 4.0388 0.397101454967764
5IEM 41 1.7277 0.409134105321111
5IEM 42 0.1059 0.444033592692006
5IEM 43 2.5375 0.428123892377323
5IEM 44 0.5431 0.444975196971115
5IEM 45 1.4791 0.455520265194947
5IEM 46 3.6001 0.384121914490276
5IEM 47 3.4779 0.46567796277862
5IEM 48 3.0975 0.477730867482266
5IEM 49 0.3922 0.45817299492028
5IEM 50 1.7834 0.496511870734392
5IEM 51 4.0223 0.575033752882042
5IEM 52 4.3762 0.335859269667229
5IEM 53 1.6432 0.459784986161437
5IEM 54 3.6359 0.652133014164304
5IEM 55 4.5513 0.806191775310425
5IEM 56 3.2274 0.468074447556274
5IEM 57 3.4931 0.464613428039584
5IEM 58 4.4473 0.372511552890149
5IEM 59 4.0774 0.588067540555308
5IEM 60 2.2865 0.435577214070215
5IEM 61 2.9289 0.60797788769525
5IEM 62 0.0142 0.468080267872169
5IEM 63 2.9428 0.454444572938462
5IEM 64 0.6601 0.461982632487963
5IEM 65 2.8351 0.40546606651724
5IEM 66 2.3444 0.468363029088905
5IEM 67 1.1665 0.467649901296328
5IEM 68 2.3668 0.687954944839667
5IEM 69 1.7096 0.690859094701289
5IEM 70 2.6004 0.416619405615291
5IEM 71 4.6172 0.617352468088966
5IEM 72 2.4779 0.411466371844051
5IEM 73 3.6141 0.738703077791264
5IEM 74 2.8186 0.66520313891374
5IEM 75 0.5335 0.467770718440182
5IEM 76 4.5784 0.442053958765549
5IEM 77 2.9795 0.467579074409782
5IEM 78 3.5519 0.468030020241267
5IEM 79 2.9674 0.409770537719744
5IEM 80 3.8863 0.446122692348636
5IEM 81 0.1247 0.814354588529437
5IEM 82 0.4524 0.467838889758102
5IEM 83 0.3926 0.468047272369623
5IEM 84 2.5592 0.849716717490881
5IEM 85 1.4471 0.459282776015647
5IEM 86 0.6182 0.468495863031618
5IEM 87 4.4734 0.46705125826397
5IEM 88 0.9551 0.890973865787722
5IEM 89 1.9376 0.90042799332735
5IEM 90 0.2311 0.468391339803122
5IEM 91 0.2283 0.92084293930139
5IEM 92 2.346 0.465376510980947
5IEM 93 3.7561 0.423488978989975
5IEM 94 4.5951 0.822294602169273
5IEM 95 3.1707 0.468517834036423
5IEM 96 2.5166 0.468526375764984
5IEM 97 2.6637 0.468409506065705
5IEM 98 1.4933 0.99217840428972
5IEM 99 0.1407 1
5IEM 100 3.523 0.659697016402012
