5IEM 1 1.1983 0
5IEM 2 4.2671 0
5IEM 3 1.4388 0
5IEM 4 4.6386 0
5IEM 5 2.1867 0
5IEM 6 1.5348 0
5IEM 7 4.0816 0
5IEM 8 2.0307 0
5IEM 9 3.898 0
5IEM 10 3.7591 0
5IEM 11 4.7922 1
5IEM 12 3.2749 1
5IEM 13 4.0328 0
5IEM 14 2.4009 0
5IEM 15 0.753 0
5IEM 16 1.8518 0
5IEM 17 3.5661 0
5IEM 18 1.2328 0
5IEM 19 4.5065 0
5IEM 20 0.946 0
5IEM 21 4.367 0
5IEM 22 4.2131 0
5IEM 23 3.6804 0
5IEM 24 3.3531 0
5IEM 25 2.3852 1
5IEM 26 2.1659 0
5IEM 27 3.5637 0
5IEM 28 1.9046 0
5IEM 29 1.0317 1
5IEM 30 3.439 0
5IEM 31 3.6038 1
5IEM 32 2.2663 1
5IEM 33 3.2401 0
5IEM 34 2.6364 0
5IEM 35 3.1569 0
5IEM 36 4.1294 0
5IEM 37 4.109 0
5IEM 38 3.8317 0
5IEM 39 2.2214 0
5IEM 40 4.0388 0
5IEM 41 1.7277 0
5IEM 42 0.1059 0
5IEM 43 2.5375 0
5IEM 44 0.5431 1
5IEM 45 1.4791 0
5IEM 46 3.6001 0
5IEM 47 3.4779 0
5IEM 48 3.0975 0
5IEM 49 0.3922 0
5IEM 50 1.7834 0
5IEM 51 4.0223 0
5IEM 52 4.3762 0
5IEM 53 1.6432 1
5IEM 54 3.6359 1
5IEM 55 4.5513 0
5IEM 56 3.2274 0
5IEM 57 3.4931 0
5IEM 58 4.4473 1
5IEM 59 4.0774 0
5IEM 60 2.2865 0
5IEM 61 2.9289 0
5IEM 62 0.0142 0
5IEM 63 2.9428 0
5IEM 64 0.6601 0
5IEM 65 2.8351 0
5IEM 66 2.3444 1
5IEM 67 1.1665 1
5IEM 68 2.3668 0
5IEM 69 1.7096 0
5IEM 70 2.6004 0
5IEM 71 4.6172 0
5IEM 72 2.4779 0
5IEM 73 3.6141 0
5IEM 74 2.8186 0
5IEM 75 0.5335 1
5IEM 76 4.5784 0
5IEM 77 2.9795 0
5IEM 78 3.5519 0
5IEM 79 2.9674 0
5IEM 80 3.8863 1
5IEM 81 0.1247 0
5IEM 82 0.4524 0
5IEM 83 0.3926 0
5IEM 84 2.5592 0
5IEM 85 1.4471 0
5IEM 86 0.6182 1
5IEM 87 4.4734 0
5IEM 88 0.9551 0
5IEM 89 1.9376 1
5IEM 90 0.2311 0
5IEM 91 0.2283 0
5IEM 92 2.346 1
5IEM 93 3.7561 0
5IEM 94 4.5951 0
5IEM 95 3.1707 0
5IEM 96 2.5166 0
5IEM 97 2.6637 0
5IEM 98 1.4933 0
5IEM 99 0.1407 0
5IEM 100 3.523 0
