5KH8 1 1.1961 1
5KH8 2 3.9249 0
5KH8 3 1.4429 0
5KH8 4 4.4327 0
5KH8 5 2.1854 1
5KH8 6 1.558 0
5KH8 7 4.0809 0
5KH8 8 2.0497 0
5KH8 9 3.8066 0
5KH8 10 3.5156 0
5KH8 11 4.4108 0
5KH8 12 3.3015 0
5KH8 13 3.9282 0
5KH8 14 2.3939 0
5KH8 15 0.7441 0
5KH8 16 1.8326 1
5KH8 17 3.4548 1
5KH8 18 1.2148 0
5KH8 19 4.3575 1
5KH8 20 0.9479 0
5KH8 21 4.2052 1
5KH8 22 4.0694 0
5KH8 23 3.7061 0
5KH8 24 3.3116 0
5KH8 25 2.2756 0
5KH8 26 2.1582 0
5KH8 27 3.5614 1
5KH8 28 1.9315 1
5KH8 29 1.039 0
5KH8 30 3.4909 0
5KH8 31 3.6256 1
5KH8 32 2.1582 0
5KH8 33 3.0994 0
5KH8 34 2.5759 0
5KH8 35 3.1828 1
5KH8 36 4.0366 0
5KH8 37 4.1651 1
5KH8 38 3.7202 0
5KH8 39 2.1718 0
5KH8 40 3.7522 1
5KH8 41 1.6836 0
5KH8 42 0.1052 1
5KH8 43 2.557 0
5KH8 44 0.5394 0
5KH8 45 1.4646 0
5KH8 46 3.4749 0
5KH8 47 3.4627 1
5KH8 48 3.1053 0
5KH8 49 0.3926 0
5KH8 50 1.7093 0
5KH8 51 3.8261 0
5KH8 52 4.2362 0
5KH8 53 1.6091 1
5KH8 54 3.5007 0
5KH8 55 4.4392 0
5KH8 56 3.0863 0
5KH8 57 3.4572 0
5KH8 58 4.4677 0
5KH8 59 3.7758 0
5KH8 60 2.2761 1
5KH8 61 2.7633 1
5KH8 62 0.0141 0
5KH8 63 2.788 0
5KH8 64 0.6514 0
5KH8 65 2.7888 0
5KH8 66 2.3349 0
5KH8 67 1.1668 0
5KH8 68 2.263 0
5KH8 69 1.7014 0
5KH8 70 2.5555 0
5KH8 71 4.4226 0
5KH8 72 2.4165 1
5KH8 73 3.3094 1
5KH8 74 3.0009 0
5KH8 75 0.5342 0
5KH8 76 4.6273 0
5KH8 77 2.7975 0
5KH8 78 3.5399 0
5KH8 79 2.9275 0
5KH8 80 3.8798 1
5KH8 81 0.1241 0
5KH8 82 0.45 0
5KH8 83 0.3953 0
5KH8 84 2.5916 0
5KH8 85 1.4344 1
5KH8 86 0.6133 0
5KH8 87 4.1742 0
5KH8 88 0.9529 0
5KH8 89 1.9179 0
5KH8 90 0.2297 1
5KH8 91 0.2272 0
5KH8 92 2.349 0
5KH8 93 3.6034 0
5KH8 94 4.6096 1
5KH8 95 2.9431 0
5KH8 96 2.4711 0
5KH8 97 2.6748 1
5KH8 98 1.4472 0
5KH8 99 0.1376 1
5KH8 100 3.4079 0
