5KH8 1 1.1961 0.406496586681079
5KH8 2 3.9249 0.580448374445793
5KH8 3 1.4429 0.603991500512354
5KH8 4 4.4327 0.0336263830820543
5KH8 5 2.1854 0.465868281898673
5KH8 6 1.558 0.462251774164561
5KH8 7 4.0809 0.437937946420194
5KH8 8 2.0497 0.387723068139932
5KH8 9 3.8066 0.4467333869492
5KH8 10 3.5156 0.483335832524751
5KH8 11 4.4108 0.352965883073478
5KH8 12 3.3015 0.359546802140294
5KH8 13 3.9282 0.1228880597717
5KH8 14 2.3939 0.484714933304276
5KH8 15 0.7441 0.383575869208029
5KH8 16 1.8326 0.338777336949036
5KH8 17 3.4548 0.689114409561312
5KH8 18 1.2148 0.3098676859902
5KH8 19 4.3575 0.646264762257471
5KH8 20 0.9479 0.215741080360623
5KH8 21 4.2052 0.376148029551047
5KH8 22 4.0694 0.478168859878236
5KH8 23 3.7061 0.458540456248392
5KH8 24 3.3116 0.394099922373811
5KH8 25 2.2756 0.379165216177923
5KH8 26 2.1582 0.256002205021152
5KH8 27 3.5614 0.474222336640466
5KH8 28 1.9315 0.361974478976149
5KH8 29 1.039 0.774133144306977
5KH8 30 3.4909 0.448607173573216
5KH8 31 3.6256 0.722860205529789
5KH8 32 2.1582 0.325284371657958
5KH8 33 3.0994 0.278973700590736
5KH8 34 2.5759 0.431934565235248
5KH8 35 3.1828 0.478228427028856
5KH8 36 4.0366 0.352811405309956
5KH8 37 4.1651 0.452704108465335
5KH8 38 3.7202 0.706708394866505
5KH8 39 2.1718 0.384516756753187
5KH8 40 3.7522 0.400011901996987
5KH8 41 1.6836 0.400844520494841
5KH8 42 0.1052 0.411426494767058
5KH8 43 2.557 0.447231379073883
5KH8 44 0.5394 0.43027841255965
5KH8 45 1.4646 0.44807348787632
5KH8 46 3.4749 0.471683756983729
5KH8 47 3.4627 0.470079426245523
5KH8 48 3.1053 0.478534755941566
5KH8 49 0.3926 0.42713510052341
5KH8 50 1.7093 0.523197045067252
5KH8 51 3.8261 0.474645630130867
5KH8 52 4.2362 0.610741967436013
5KH8 53 1.6091 0.723354377093952
5KH8 54 3.5007 0.488009603043383
5KH8 55 4.4392 0.486051929568519
5KH8 56 3.0863 0.473468245435362
5KH8 57 3.4572 0.584593729224982
5KH8 58 4.4677 0.435158070151007
5KH8 59 3.7758 0.431149529765643
5KH8 60 2.2761 0.488041923753993
5KH8 61 2.7633 0.488558264421236
5KH8 62 0.0141 0.58752095825719
5KH8 63 2.788 0.486800880218987
5KH8 64 0.6514 0.520440785585803
5KH8 65 2.7888 0.643631801492619
5KH8 66 2.3349 0.477861767985245
5KH8 67 1.1668 0.486475816995483
5KH8 68 2.263 0.411632757884613
5KH8 69 1.7014 0.642398592221116
5KH8 70 2.5555 0.698892074435386
5KH8 71 4.4226 0.488524163464028
5KH8 72 2.4165 0.703764021813097
5KH8 73 3.3094 0.402095216873891
5KH8 74 3.0009 0.487122359505442
5KH8 75 0.5342 0.695927780404636
5KH8 76 4.6273 0.743534621944296
5KH8 77 2.7975 0.709960639805597
5KH8 78 3.5399 0.622838949473042
5KH8 79 2.9275 0.465326130449864
5KH8 80 3.8798 0.488530100486612
5KH8 81 0.1241 0.365229496854982
5KH8 82 0.45 0.431417959212498
5KH8 83 0.3953 0.466369145183221
5KH8 84 2.5916 0.432467566276843
5KH8 85 1.4344 0.487578997425265
5KH8 86 0.6133 0.484674873927208
5KH8 87 4.1742 0.395585117100067
5KH8 88 0.9529 0.83444409665984
5KH8 89 1.9179 0.488648112161869
5KH8 90 0.2297 0.669317647426839
5KH8 91 0.2272 0.622153158351971
5KH8 92 2.349 0.488167570409127
5KH8 93 3.6034 0.488734743069739
5KH8 94 4.6096 0.790469186970193
5KH8 95 2.9431 0.398027421534089
5KH8 96 2.4711 0.488385464950207
5KH8 97 2.6748 0.488519934531759
5KH8 98 1.4472 0.488325365311186
5KH8 99 0.1376 0.462978716125218
5KH8 100 3.4079 1
