5KMZ 1 1.1744 0.382753432762864
5KMZ 2 4.017 0.0102563553352007
5KMZ 3 1.3523 0.297125359200264
5KMZ 4 4.4966 0.0307725004306207
5KMZ 5 2.1766 0.332688284842072
5KMZ 6 1.5297 0.129174248859147
5KMZ 7 3.7636 0.293234350994871
5KMZ 8 2.0396 0.377539039812399
5KMZ 9 3.7353 0.08014631555896
5KMZ 10 3.1432 0.255910345036413
5KMZ 11 4.1279 0.429810566184539
5KMZ 12 3.1249 0.117337100283305
5KMZ 13 3.6262 0.195182554062004
5KMZ 14 2.3014 0.336416705967521
5KMZ 15 0.7378 0.395675816956761
5KMZ 16 1.7697 0.159300468577612
5KMZ 17 3.4167 0.254512319481604
5KMZ 18 1.2034 0.411296847746718
5KMZ 19 3.9265 0.386033456243858
5KMZ 20 0.9388 0.352415838706613
5KMZ 21 4.1371 0.2924708291069
5KMZ 22 3.6084 0.851887248556139
5KMZ 23 3.5415 0.410529859665798
5KMZ 24 2.9968 0.376485731140798
5KMZ 25 2.25 0.405361434601034
5KMZ 26 2.0369 0.341788312376058
5KMZ 27 3.2273 0.322452208441445
5KMZ 28 1.7829 0.323490770036896
5KMZ 29 0.9977 0.919706222712479
5KMZ 30 3.291 0.349513370665648
5KMZ 31 3.4765 0.30853415528324
5KMZ 32 2.0232 0.319593798920818
5KMZ 33 2.97 0.329871394318358
5KMZ 34 2.6063 0.357378841889462
5KMZ 35 3.0306 0.397320377927907
5KMZ 36 4.0105 0.318508884546027
5KMZ 37 3.8407 0.360476017480286
5KMZ 38 3.6719 0.301040842375631
5KMZ 39 2.1067 0.390260393763991
5KMZ 40 3.8679 0.428489747351976
5KMZ 41 1.6521 0.409372116577105
5KMZ 42 0.1037 0.421554248810065
5KMZ 43 2.4675 0.429927860933232
5KMZ 44 0.5359 0.438559237541578
5KMZ 45 1.4827 0.5563515624999
5KMZ 46 3.0372 0.758868033966431
5KMZ 47 3.3144 0.652500474331888
5KMZ 48 2.8823 0.390669878968744
5KMZ 49 0.3848 0.607904719837391
5KMZ 50 1.7201 0.340055069135338
5KMZ 51 3.7071 0.433642529059585
5KMZ 52 3.4862 0.335445579778056
5KMZ 53 1.5278 0.61051850118686
5KMZ 54 3.5571 0.340782088398541
5KMZ 55 3.7445 0.549658746129688
5KMZ 56 3.0639 0.723864530144368
5KMZ 57 3.447 0.331808120109124
5KMZ 58 3.9712 0.526769466887335
5KMZ 59 3.6086 0.206529777308886
5KMZ 60 2.2001 0.380523507122842
5KMZ 61 2.7825 0.380451011925785
5KMZ 62 0.0139 0.372929475836584
5KMZ 63 2.7512 0.373112045857543
5KMZ 64 0.6442 0.400924412382305
5KMZ 65 2.8309 0.648723232560326
5KMZ 66 2.2982 0.367224545753467
5KMZ 67 1.1306 0.342563364370983
5KMZ 68 2.2422 0.795830611918412
5KMZ 69 1.6742 0.348434328307343
5KMZ 70 2.4349 0.413819218181955
5KMZ 71 4.4012 0.400185373989253
5KMZ 72 2.418 0.407254486694833
5KMZ 73 3.3083 0.729336071326088
5KMZ 74 2.8934 0.740254716605244
5KMZ 75 0.521 0.425149426017476
5KMZ 76 3.9103 0.162447004302652
5KMZ 77 2.924 0.343779418339383
5KMZ 78 3.576 0.779538011087232
5KMZ 79 2.8074 0.310212782535704
5KMZ 80 3.7763 0.417583506905132
5KMZ 81 0.1212 0.36571761787488
5KMZ 82 0.443 0.360658700117603
5KMZ 83 0.3918 0.829537084473325
5KMZ 84 2.4791 0.839074108932983
5KMZ 85 1.3665 0.281316206871841
5KMZ 86 0.6071 0.860065952231087
5KMZ 87 3.985 0.397179003264516
5KMZ 88 0.9289 0.30086508962274
5KMZ 89 1.8971 0.375013922654774
5KMZ 90 0.2264 0.364986076013495
5KMZ 91 0.2207 0.425834289637087
5KMZ 92 2.2792 0.920074644102052
5KMZ 93 3.6612 0.929267163871395
5KMZ 94 4.3797 0.756005378231319
5KMZ 95 2.8565 0.948806039095767
5KMZ 96 2.3725 0.34252051345733
5KMZ 97 2.6368 0.300643039510245
5KMZ 98 1.4355 0.978736973993752
5KMZ 99 0.1391 0.415480615495723
5KMZ 100 3.395 1
