5KMZ 1 1.1744 0
5KMZ 2 4.017 1
5KMZ 3 1.3523 0
5KMZ 4 4.4966 0
5KMZ 5 2.1766 0
5KMZ 6 1.5297 0
5KMZ 7 3.7636 0
5KMZ 8 2.0396 0
5KMZ 9 3.7353 0
5KMZ 10 3.1432 0
5KMZ 11 4.1279 0
5KMZ 12 3.1249 0
5KMZ 13 3.6262 0
5KMZ 14 2.3014 1
5KMZ 15 0.7378 0
5KMZ 16 1.7697 0
5KMZ 17 3.4167 1
5KMZ 18 1.2034 0
5KMZ 19 3.9265 1
5KMZ 20 0.9388 1
5KMZ 21 4.1371 1
5KMZ 22 3.6084 0
5KMZ 23 3.5415 0
5KMZ 24 2.9968 1
5KMZ 25 2.25 1
5KMZ 26 2.0369 0
5KMZ 27 3.2273 0
5KMZ 28 1.7829 0
5KMZ 29 0.9977 0
5KMZ 30 3.291 0
5KMZ 31 3.4765 0
5KMZ 32 2.0232 1
5KMZ 33 2.97 0
5KMZ 34 2.6063 0
5KMZ 35 3.0306 0
5KMZ 36 4.0105 0
5KMZ 37 3.8407 0
5KMZ 38 3.6719 1
5KMZ 39 2.1067 0
5KMZ 40 3.8679 0
5KMZ 41 1.6521 0
5KMZ 42 0.1037 0
5KMZ 43 2.4675 0
5KMZ 44 0.5359 0
5KMZ 45 1.4827 0
5KMZ 46 3.0372 1
5KMZ 47 3.3144 0
5KMZ 48 2.8823 0
5KMZ 49 0.3848 1
5KMZ 50 1.7201 0
5KMZ 51 3.7071 0
5KMZ 52 3.4862 1
5KMZ 53 1.5278 0
5KMZ 54 3.5571 1
5KMZ 55 3.7445 0
5KMZ 56 3.0639 1
5KMZ 57 3.447 0
5KMZ 58 3.9712 0
5KMZ 59 3.6086 0
5KMZ 60 2.2001 0
5KMZ 61 2.7825 0
5KMZ 62 0.0139 0
5KMZ 63 2.7512 0
5KMZ 64 0.6442 0
5KMZ 65 2.8309 0
5KMZ 66 2.2982 0
5KMZ 67 1.1306 0
5KMZ 68 2.2422 0
5KMZ 69 1.6742 0
5KMZ 70 2.4349 0
5KMZ 71 4.4012 0
5KMZ 72 2.418 0
5KMZ 73 3.3083 0
5KMZ 74 2.8934 1
5KMZ 75 0.521 0
5KMZ 76 3.9103 0
5KMZ 77 2.924 0
5KMZ 78 3.576 0
5KMZ 79 2.8074 0
5KMZ 80 3.7763 0
5KMZ 81 0.1212 1
5KMZ 82 0.443 0
5KMZ 83 0.3918 0
5KMZ 84 2.4791 0
5KMZ 85 1.3665 0
5KMZ 86 0.6071 0
5KMZ 87 3.985 0
5KMZ 88 0.9289 1
5KMZ 89 1.8971 0
5KMZ 90 0.2264 0
5KMZ 91 0.2207 0
5KMZ 92 2.2792 1
5KMZ 93 3.6612 1
5KMZ 94 4.3797 0
5KMZ 95 2.8565 0
5KMZ 96 2.3725 0
5KMZ 97 2.6368 0
5KMZ 98 1.4355 0
5KMZ 99 0.1391 0
5KMZ 100 3.395 0
