5KQE 1 1.1867 0.346929189589129
5KQE 2 4.353 0.676930338968312
5KQE 3 1.4331 0.455715318812513
5KQE 4 4.678 0.757565851970618
5KQE 5 2.2274 0.562098668061573
5KQE 6 1.5508 0.363154853478231
5KQE 7 4.2805 0.273325553156396
5KQE 8 2.0756 0.429207561915067
5KQE 9 3.8998 0.604316802124299
5KQE 10 3.6042 0.164010688762448
5KQE 11 4.5203 0.459092257168545
5KQE 12 3.3504 0.429681718648677
5KQE 13 3.9637 0.476655684066327
5KQE 14 2.3716 0.13436353504683
5KQE 15 0.7516 0.331155127923431
5KQE 16 1.8362 0.428394864128384
5KQE 17 3.5711 0.3897117003632
5KQE 18 1.2323 0.716481307025543
5KQE 19 4.3485 0.741287036963275
5KQE 20 0.945 0.780626944787809
5KQE 21 4.115 0.676713405198767
5KQE 22 3.9108 0.754244059356067
5KQE 23 3.6336 0.222003749135299
5KQE 24 3.2079 0.232991922664958
5KQE 25 2.2627 0.294964511481863
5KQE 26 2.1557 0.257988778231497
5KQE 27 3.617 0.263314085611608
5KQE 28 1.9275 0.251768513092803
5KQE 29 1.0437 0.336094674708151
5KQE 30 3.4959 0.440198647889758
5KQE 31 3.5163 0.422161160755411
5KQE 32 2.2159 0.323279636856864
5KQE 33 3.2574 0.326726807798906
5KQE 34 2.6374 0.369328905796557
5KQE 35 3.1021 0.378934518449948
5KQE 36 4.0011 0.351783068033261
5KQE 37 3.9939 0.363202482625875
5KQE 38 3.9116 0.481225961704795
5KQE 39 2.1689 0.386939307208732
5KQE 40 3.9211 0.350931133453012
5KQE 41 1.6716 0.405009820294293
5KQE 42 0.1046 0.443956558812873
5KQE 43 2.5148 0.422810643259167
5KQE 44 0.5366 0.391170571766343
5KQE 45 1.4507 0.448765442041033
5KQE 46 3.4599 0.45441423701298
5KQE 47 3.3279 0.414946009933807
5KQE 48 3.0966 0.477711569405315
5KQE 49 0.3912 0.410777371973293
5KQE 50 1.7361 0.482456264916688
5KQE 51 3.8966 0.486641827574148
5KQE 52 4.4849 0.747722990955577
5KQE 53 1.6109 0.474961173204931
5KQE 54 3.6154 0.486108119106963
5KQE 55 4.5123 0.737337446801558
5KQE 56 3.0588 0.819653575221072
5KQE 57 3.5084 0.41461826812625
5KQE 58 4.5617 0.615356675506192
5KQE 59 4.1433 0.485677474581004
5KQE 60 2.2307 0.467839514011176
5KQE 61 2.7721 0.484899040264736
5KQE 62 0.0141 0.352811981440419
5KQE 63 2.888 0.623523392266549
5KQE 64 0.656 0.637678818038889
5KQE 65 2.7681 0.483265172368904
5KQE 66 2.3514 0.486131233832245
5KQE 67 1.163 0.556854221973548
5KQE 68 2.3267 0.48376508388638
5KQE 69 1.7054 0.393493529887354
5KQE 70 2.5529 0.484077321296842
5KQE 71 4.3588 0.663512041894244
5KQE 72 2.4493 0.486235190281824
5KQE 73 3.473 0.486689915860456
5KQE 74 2.9401 0.486744187893642
5KQE 75 0.5306 0.715434861352642
5KQE 76 4.6225 0.485975875433945
5KQE 77 2.8703 0.486208284472545
5KQE 78 3.5186 0.450962476131801
5KQE 79 2.8751 0.374562429923836
5KQE 80 3.7984 0.365408670116965
5KQE 81 0.1244 0.46341106857358
5KQE 82 0.455 0.359219004397528
5KQE 83 0.3948 0.469515154366662
5KQE 84 2.5722 0.431790504433521
5KQE 85 1.4267 0.763777608362799
5KQE 86 0.6151 0.448372155448676
5KQE 87 4.525 0.872023597356859
5KQE 88 0.9507 0.476306613451061
5KQE 89 1.9509 0.486175006769834
5KQE 90 0.228 0.703478758140454
5KQE 91 0.2265 0.47034203898605
5KQE 92 2.314 0.456146799477198
5KQE 93 3.5774 0.375445559195533
5KQE 94 4.6734 0.486859866861119
5KQE 95 3.177 0.952789667942745
5KQE 96 2.4794 0.486531655837719
5KQE 97 2.6682 0.972134517759974
5KQE 98 1.4625 0.486731100625524
5KQE 99 0.1388 0.446339058724777
5KQE 100 3.5038 1
