5KQE 1 1.1867 0
5KQE 2 4.353 1
5KQE 3 1.4331 0
5KQE 4 4.678 1
5KQE 5 2.2274 0
5KQE 6 1.5508 0
5KQE 7 4.2805 0
5KQE 8 2.0756 0
5KQE 9 3.8998 1
5KQE 10 3.6042 0
5KQE 11 4.5203 0
5KQE 12 3.3504 0
5KQE 13 3.9637 1
5KQE 14 2.3716 0
5KQE 15 0.7516 0
5KQE 16 1.8362 0
5KQE 17 3.5711 0
5KQE 18 1.2323 0
5KQE 19 4.3485 0
5KQE 20 0.945 0
5KQE 21 4.115 0
5KQE 22 3.9108 0
5KQE 23 3.6336 1
5KQE 24 3.2079 0
5KQE 25 2.2627 0
5KQE 26 2.1557 1
5KQE 27 3.617 0
5KQE 28 1.9275 1
5KQE 29 1.0437 0
5KQE 30 3.4959 0
5KQE 31 3.5163 0
5KQE 32 2.2159 0
5KQE 33 3.2574 0
5KQE 34 2.6374 1
5KQE 35 3.1021 0
5KQE 36 4.0011 0
5KQE 37 3.9939 1
5KQE 38 3.9116 0
5KQE 39 2.1689 0
5KQE 40 3.9211 1
5KQE 41 1.6716 1
5KQE 42 0.1046 0
5KQE 43 2.5148 0
5KQE 44 0.5366 0
5KQE 45 1.4507 1
5KQE 46 3.4599 1
5KQE 47 3.3279 0
5KQE 48 3.0966 0
5KQE 49 0.3912 0
5KQE 50 1.7361 0
5KQE 51 3.8966 0
5KQE 52 4.4849 0
5KQE 53 1.6109 0
5KQE 54 3.6154 0
5KQE 55 4.5123 0
5KQE 56 3.0588 0
5KQE 57 3.5084 0
5KQE 58 4.5617 0
5KQE 59 4.1433 0
5KQE 60 2.2307 0
5KQE 61 2.7721 0
5KQE 62 0.0141 0
5KQE 63 2.888 0
5KQE 64 0.656 0
5KQE 65 2.7681 0
5KQE 66 2.3514 0
5KQE 67 1.163 0
5KQE 68 2.3267 0
5KQE 69 1.7054 1
5KQE 70 2.5529 0
5KQE 71 4.3588 0
5KQE 72 2.4493 0
5KQE 73 3.473 1
5KQE 74 2.9401 0
5KQE 75 0.5306 0
5KQE 76 4.6225 0
5KQE 77 2.8703 0
5KQE 78 3.5186 0
5KQE 79 2.8751 0
5KQE 80 3.7984 1
5KQE 81 0.1244 1
5KQE 82 0.455 0
5KQE 83 0.3948 0
5KQE 84 2.5722 0
5KQE 85 1.4267 0
5KQE 86 0.6151 0
5KQE 87 4.525 0
5KQE 88 0.9507 0
5KQE 89 1.9509 0
5KQE 90 0.228 0
5KQE 91 0.2265 0
5KQE 92 2.314 0
5KQE 93 3.5774 0
5KQE 94 4.6734 0
5KQE 95 3.177 0
5KQE 96 2.4794 1
5KQE 97 2.6682 0
5KQE 98 1.4625 0
5KQE 99 0.1388 0
5KQE 100 3.5038 0
