5LSN 1 1.2052 0.384953147321485
5LSN 2 4.1607 0.452418817616323
5LSN 3 1.4296 0.46962760774164
5LSN 4 4.6366 0.461042362960358
5LSN 5 2.1981 0.288888450040096
5LSN 6 1.578 0.449306298990682
5LSN 7 4.1465 0.647676492499804
5LSN 8 1.9908 0.454255803370809
5LSN 9 3.7672 0.0812310476516305
5LSN 10 3.5165 0.416230225128379
5LSN 11 4.7056 0.25556359777473
5LSN 12 3.1761 0.110767661587076
5LSN 13 3.8931 0.121376456794306
5LSN 14 2.4348 0.41239269608924
5LSN 15 0.7488 0.410021120293075
5LSN 16 1.8798 0.453270586025515
5LSN 17 3.5377 0.431726411262967
5LSN 18 1.2267 0.398655918735815
5LSN 19 4.2406 0.184026422184371
5LSN 20 0.9529 0.431763448556354
5LSN 21 4.2485 0.415681637860362
5LSN 22 3.9074 0.473042326616258
5LSN 23 3.7601 0.221960635465563
5LSN 24 3.2742 0.23267438216204
5LSN 25 2.3319 0.387594502359132
5LSN 26 2.1542 0.272403423618445
5LSN 27 3.4919 0.262251603117268
5LSN 28 1.9325 0.272457167781803
5LSN 29 1.0354 0.469820060242825
5LSN 30 3.4422 0.293103167544352
5LSN 31 3.6465 0.301856357715531
5LSN 32 2.2277 0.422098130778621
5LSN 33 3.1424 0.441760838970623
5LSN 34 2.6278 0.460137998070261
5LSN 35 3.0415 0.341693124467188
5LSN 36 4.1085 0.466995294217948
5LSN 37 4.0109 0.462023193898997
5LSN 38 3.7782 0.38039556806297
5LSN 39 2.2448 0.465674250861324
5LSN 40 4.0659 0.35842123372645
5LSN 41 1.6943 0.451121665886839
5LSN 42 0.1049 0.418940909903549
5LSN 43 2.5746 0.428688143963842
5LSN 44 0.5416 0.444459530013624
5LSN 45 1.4727 0.448064940268299
5LSN 46 3.6245 0.43453269538661
5LSN 47 3.4461 0.475961043346575
5LSN 48 3.0886 0.473793080755185
5LSN 49 0.3924 0.65249877482904
5LSN 50 1.7507 0.644790002582276
5LSN 51 4.003 0.467822167041038
5LSN 52 4.2637 0.511033289990886
5LSN 53 1.6023 0.449155976820202
5LSN 54 3.6607 0.461908217264418
5LSN 55 4.549 0.382054426448672
5LSN 56 3.1848 0.56088880745094
5LSN 57 3.5441 0.479193137925284
5LSN 58 4.4226 0.479451941337531
5LSN 59 3.9387 0.461897555355621
5LSN 60 2.2452 0.582814411613205
5LSN 61 2.7848 0.479167595118607
5LSN 62 0.0141 0.620704688015969
5LSN 63 2.9146 0.609402617459072
5LSN 64 0.6499 0.470807596975269
5LSN 65 2.8675 0.650556811622317
5LSN 66 2.3547 0.713379463716227
5LSN 67 1.1564 0.478601775337715
5LSN 68 2.2857 0.635250291620151
5LSN 69 1.7107 0.682553833884745
5LSN 70 2.5615 0.47929758925342
5LSN 71 4.5119 0.47913577025368
5LSN 72 2.4651 0.720258556919013
5LSN 73 3.6191 0.461345160768809
5LSN 74 2.8769 0.479242209858881
5LSN 75 0.5312 0.74972589730337
5LSN 76 4.5213 0.45312129532755
5LSN 77 2.9193 0.46037646490139
5LSN 78 3.4908 0.478886237531554
5LSN 79 2.8837 0.472724521095892
5LSN 80 3.9418 0.703633539232283
5LSN 81 0.1242 0.809650313490998
5LSN 82 0.4484 0.478276060815719
5LSN 83 0.3949 0.473655200952115
5LSN 84 2.4939 0.459830608072934
5LSN 85 1.431 0.478929590149393
5LSN 86 0.6166 0.86092870163376
5LSN 87 4.2963 0.690058871967326
5LSN 88 0.9513 0.478959529117356
5LSN 89 1.9246 0.467516185623796
5LSN 90 0.2307 0.478073031944866
5LSN 91 0.2286 0.910834755941109
5LSN 92 2.2868 0.438480442157579
5LSN 93 3.7687 0.479141965285962
5LSN 94 4.6465 0.649084927814302
5LSN 95 3.0405 0.767976135556953
5LSN 96 2.4822 0.961220883905489
5LSN 97 2.7255 0.413147792745892
5LSN 98 1.4677 0.47468518277417
5LSN 99 0.1387 0.479354253688418
5LSN 100 3.4248 1
