5LSN 1 1.2052 0
5LSN 2 4.1607 1
5LSN 3 1.4296 0
5LSN 4 4.6366 0
5LSN 5 2.1981 0
5LSN 6 1.578 1
5LSN 7 4.1465 0
5LSN 8 1.9908 0
5LSN 9 3.7672 0
5LSN 10 3.5165 0
5LSN 11 4.7056 0
5LSN 12 3.1761 0
5LSN 13 3.8931 0
5LSN 14 2.4348 0
5LSN 15 0.7488 0
5LSN 16 1.8798 0
5LSN 17 3.5377 0
5LSN 18 1.2267 1
5LSN 19 4.2406 0
5LSN 20 0.9529 0
5LSN 21 4.2485 0
5LSN 22 3.9074 0
5LSN 23 3.7601 0
5LSN 24 3.2742 0
5LSN 25 2.3319 1
5LSN 26 2.1542 1
5LSN 27 3.4919 0
5LSN 28 1.9325 0
5LSN 29 1.0354 0
5LSN 30 3.4422 0
5LSN 31 3.6465 0
5LSN 32 2.2277 0
5LSN 33 3.1424 0
5LSN 34 2.6278 0
5LSN 35 3.0415 0
5LSN 36 4.1085 1
5LSN 37 4.0109 1
5LSN 38 3.7782 0
5LSN 39 2.2448 0
5LSN 40 4.0659 0
5LSN 41 1.6943 0
5LSN 42 0.1049 0
5LSN 43 2.5746 0
5LSN 44 0.5416 1
5LSN 45 1.4727 0
5LSN 46 3.6245 0
5LSN 47 3.4461 1
5LSN 48 3.0886 0
5LSN 49 0.3924 0
5LSN 50 1.7507 0
5LSN 51 4.003 1
5LSN 52 4.2637 0
5LSN 53 1.6023 0
5LSN 54 3.6607 1
5LSN 55 4.549 1
5LSN 56 3.1848 0
5LSN 57 3.5441 0
5LSN 58 4.4226 1
5LSN 59 3.9387 0
5LSN 60 2.2452 0
5LSN 61 2.7848 0
5LSN 62 0.0141 0
5LSN 63 2.9146 1
5LSN 64 0.6499 0
5LSN 65 2.8675 0
5LSN 66 2.3547 0
5LSN 67 1.1564 1
5LSN 68 2.2857 0
5LSN 69 1.7107 0
5LSN 70 2.5615 0
5LSN 71 4.5119 0
5LSN 72 2.4651 1
5LSN 73 3.6191 0
5LSN 74 2.8769 0
5LSN 75 0.5312 0
5LSN 76 4.5213 0
5LSN 77 2.9193 0
5LSN 78 3.4908 0
5LSN 79 2.8837 1
5LSN 80 3.9418 0
5LSN 81 0.1242 0
5LSN 82 0.4484 0
5LSN 83 0.3949 0
5LSN 84 2.4939 0
5LSN 85 1.431 0
5LSN 86 0.6166 0
5LSN 87 4.2963 1
5LSN 88 0.9513 1
5LSN 89 1.9246 1
5LSN 90 0.2307 1
5LSN 91 0.2286 0
5LSN 92 2.2868 0
5LSN 93 3.7687 1
5LSN 94 4.6465 1
5LSN 95 3.0405 0
5LSN 96 2.4822 0
5LSN 97 2.7255 0
5LSN 98 1.4677 0
5LSN 99 0.1387 0
5LSN 100 3.4248 1
