5LWJ 1 1.2101 0
5LWJ 2 4.2553 0
5LWJ 3 1.4519 1
5LWJ 4 4.5204 1
5LWJ 5 2.2285 1
5LWJ 6 1.5389 0
5LWJ 7 4.0943 0
5LWJ 8 2.0646 0
5LWJ 9 3.8161 1
5LWJ 10 3.5309 0
5LWJ 11 4.498 0
5LWJ 12 3.2703 0
5LWJ 13 3.869 1
5LWJ 14 2.3326 0
5LWJ 15 0.7545 0
5LWJ 16 1.8257 1
5LWJ 17 3.4584 0
5LWJ 18 1.2275 0
5LWJ 19 4.47 0
5LWJ 20 0.9456 0
5LWJ 21 4.1312 0
5LWJ 22 3.9876 0
5LWJ 23 3.5298 0
5LWJ 24 3.2905 0
5LWJ 25 2.3104 0
5LWJ 26 2.1744 0
5LWJ 27 3.633 0
5LWJ 28 1.8301 0
5LWJ 29 1.031 0
5LWJ 30 3.4011 0
5LWJ 31 3.7196 1
5LWJ 32 2.2035 1
5LWJ 33 3.2826 0
5LWJ 34 2.6364 0
5LWJ 35 3.2551 0
5LWJ 36 3.9655 0
5LWJ 37 4.1294 0
5LWJ 38 3.7789 0
5LWJ 39 2.187 0
5LWJ 40 3.8021 0
5LWJ 41 1.6706 0
5LWJ 42 0.1048 0
5LWJ 43 2.5007 0
5LWJ 44 0.5402 0
5LWJ 45 1.454 0
5LWJ 46 3.2306 0
5LWJ 47 3.4505 1
5LWJ 48 2.984 0
5LWJ 49 0.3954 0
5LWJ 50 1.7364 0
5LWJ 51 3.8909 0
5LWJ 52 4.2392 0
5LWJ 53 1.6233 0
5LWJ 54 3.4572 0
5LWJ 55 4.5936 0
5LWJ 56 3.0945 0
5LWJ 57 3.4089 0
5LWJ 58 4.3367 0
5LWJ 59 4.0106 0
5LWJ 60 2.2946 0
5LWJ 61 2.8277 0
5LWJ 62 0.0142 0
5LWJ 63 2.826 0
5LWJ 64 0.6476 0
5LWJ 65 2.8509 1
5LWJ 66 2.3104 0
5LWJ 67 1.1589 0
5LWJ 68 2.2926 1
5LWJ 69 1.71 0
5LWJ 70 2.5507 0
5LWJ 71 4.4482 0
5LWJ 72 2.3773 0
5LWJ 73 3.3682 1
5LWJ 74 2.9057 0
5LWJ 75 0.535 1
5LWJ 76 4.8386 0
5LWJ 77 2.8444 0
5LWJ 78 3.6263 0
5LWJ 79 2.9226 0
5LWJ 80 4.0499 0
5LWJ 81 0.1233 1
5LWJ 82 0.4559 1
5LWJ 83 0.3964 1
5LWJ 84 2.5939 0
5LWJ 85 1.4327 0
5LWJ 86 0.6087 0
5LWJ 87 4.3942 0
5LWJ 88 0.9532 0
5LWJ 89 1.8762 0
5LWJ 90 0.23 0
5LWJ 91 0.2283 1
5LWJ 92 2.4659 0
5LWJ 93 3.6297 0
5LWJ 94 4.7872 0
5LWJ 95 3.052 0
5LWJ 96 2.4427 0
5LWJ 97 2.7268 1
5LWJ 98 1.463 0
5LWJ 99 0.1403 0
5LWJ 100 3.3927 0
