5LWJ 1 1.2101 0.38486611363831
5LWJ 2 4.2553 0.0102781414405622
5LWJ 3 1.4519 0.45113394296212
5LWJ 4 4.5204 0.359036160901175
5LWJ 5 2.2285 0.357203285414144
5LWJ 6 1.5389 0.374561734285365
5LWJ 7 4.0943 0.389720940307771
5LWJ 8 2.0646 0.465269780081736
5LWJ 9 3.8161 0.465931764267034
5LWJ 10 3.5309 0.0927359970760458
5LWJ 11 4.498 0.102531589739004
5LWJ 12 3.2703 0.113346381538987
5LWJ 13 3.869 0.467892291789069
5LWJ 14 2.3326 0.466158452002308
5LWJ 15 0.7545 0.461164291932376
5LWJ 16 1.8257 0.43730346215501
5LWJ 17 3.4584 0.349949654218034
5LWJ 18 1.2275 0.432850950142096
5LWJ 19 4.47 0.433040817490858
5LWJ 20 0.9456 0.381803894862292
5LWJ 21 4.1312 0.378932160620582
5LWJ 22 3.9876 0.215014950190868
5LWJ 23 3.5298 0.428128276446137
5LWJ 24 3.2905 0.421811186683725
5LWJ 25 2.3104 0.365380933693348
5LWJ 26 2.1744 0.332956895309826
5LWJ 27 3.633 0.265924884906186
5LWJ 28 1.8301 0.402445695574885
5LWJ 29 1.031 0.403472993390545
5LWJ 30 3.4011 0.436255104764236
5LWJ 31 3.7196 0.303854895764135
5LWJ 32 2.2035 0.31449279616514
5LWJ 33 3.2826 0.325217524035237
5LWJ 34 2.6364 0.392862896445749
5LWJ 35 3.2551 0.346841056206185
5LWJ 36 3.9655 0.354185112611524
5LWJ 37 4.1294 0.364323860438391
5LWJ 38 3.7789 0.376860133260897
5LWJ 39 2.187 0.434888926923575
5LWJ 40 3.8021 0.397049672447588
5LWJ 41 1.6706 0.421411461195814
5LWJ 42 0.1048 0.433052107470369
5LWJ 43 2.5007 0.431576838321021
5LWJ 44 0.5402 0.441535548607953
5LWJ 45 1.454 0.454381513095097
5LWJ 46 3.2306 0.466128134643995
5LWJ 47 3.4505 0.46907807081045
5LWJ 48 2.984 0.358223794188792
5LWJ 49 0.3954 0.474270814093327
5LWJ 50 1.7364 0.502115305614477
5LWJ 51 3.8909 0.481253034181994
5LWJ 52 4.2392 0.47947693976525
5LWJ 53 1.6233 0.480324877439746
5LWJ 54 3.4572 0.481037395573335
5LWJ 55 4.5936 0.460375062151337
5LWJ 56 3.0945 0.480194169583621
5LWJ 57 3.4089 0.372148583958083
5LWJ 58 4.3367 0.582032102981473
5LWJ 59 4.0106 0.481265934865248
5LWJ 60 2.2946 0.668894841969641
5LWJ 61 2.8277 0.594835195653087
5LWJ 62 0.0142 0.480701631582679
5LWJ 63 2.826 0.641378316826631
5LWJ 64 0.6476 0.480689664204397
5LWJ 65 2.8509 0.478285305007828
5LWJ 66 2.3104 0.663127634422636
5LWJ 67 1.1589 0.481214979424389
5LWJ 68 2.2926 0.684307711251699
5LWJ 69 1.71 0.480839760718669
5LWJ 70 2.5507 0.480116690217564
5LWJ 71 4.4482 0.667396752008374
5LWJ 72 2.3773 0.458426878340235
5LWJ 73 3.3682 0.481266356357817
5LWJ 74 2.9057 0.480834401741728
5LWJ 75 0.535 0.481159086499157
5LWJ 76 4.8386 0.473655299463696
5LWJ 77 2.8444 0.776913090791456
5LWJ 78 3.6263 0.783648963527194
5LWJ 79 2.9226 0.481222280277806
5LWJ 80 4.0499 0.453249098043537
5LWJ 81 0.1233 0.48141440562247
5LWJ 82 0.4559 0.481110419160811
5LWJ 83 0.3964 0.481343805617262
5LWJ 84 2.5939 0.481311847448593
5LWJ 85 1.4327 0.855891705914399
5LWJ 86 0.6087 0.481331717812532
5LWJ 87 4.3942 0.875283389775704
5LWJ 88 0.9532 0.887522013578383
5LWJ 89 1.8762 0.447058621638013
5LWJ 90 0.23 0.906418308192054
5LWJ 91 0.2283 0.480797746941582
5LWJ 92 2.4659 0.476195650226801
5LWJ 93 3.6297 0.895252142123079
5LWJ 94 4.7872 0.451429800638531
5LWJ 95 3.052 0.957257221409595
5LWJ 96 2.4427 0.967951090002362
5LWJ 97 2.7268 0.480632672387826
5LWJ 98 1.463 0.481204728122993
5LWJ 99 0.1403 1
5LWJ 100 3.3927 0.906845039310956
