5N5C 1 1.1867 0
5N5C 2 3.9444 1
5N5C 3 1.4523 0
5N5C 4 4.5625 0
5N5C 5 2.2097 0
5N5C 6 1.5468 1
5N5C 7 4.0942 0
5N5C 8 1.996 0
5N5C 9 4.0266 0
5N5C 10 3.5555 0
5N5C 11 4.3492 0
5N5C 12 3.3162 0
5N5C 13 4.002 0
5N5C 14 2.4199 0
5N5C 15 0.7462 1
5N5C 16 1.7664 0
5N5C 17 3.4472 0
5N5C 18 1.215 0
5N5C 19 4.1905 0
5N5C 20 0.9465 0
5N5C 21 4.0998 0
5N5C 22 3.6961 0
5N5C 23 3.4645 0
5N5C 24 3.2475 0
5N5C 25 2.219 1
5N5C 26 2.1652 1
5N5C 27 3.3457 0
5N5C 28 1.8121 1
5N5C 29 1.0239 0
5N5C 30 3.4068 1
5N5C 31 3.5695 0
5N5C 32 2.1818 0
5N5C 33 3.0399 0
5N5C 34 2.6181 0
5N5C 35 2.9954 1
5N5C 36 3.9337 0
5N5C 37 3.7301 1
5N5C 38 3.568 1
5N5C 39 2.1547 0
5N5C 40 3.9467 0
5N5C 41 1.6762 1
5N5C 42 0.1049 1
5N5C 43 2.4494 0
5N5C 44 0.5342 1
5N5C 45 1.4309 0
5N5C 46 3.5458 0
5N5C 47 3.3156 0
5N5C 48 2.9954 0
5N5C 49 0.3871 0
5N5C 50 1.7143 0
5N5C 51 3.8227 0
5N5C 52 4.3932 0
5N5C 53 1.609 0
5N5C 54 3.3275 0
5N5C 55 4.4522 0
5N5C 56 2.9198 0
5N5C 57 3.3756 0
5N5C 58 4.1167 0
5N5C 59 3.8512 0
5N5C 60 2.1936 0
5N5C 61 2.7709 1
5N5C 62 0.014 0
5N5C 63 2.8703 0
5N5C 64 0.6498 0
5N5C 65 2.7659 1
5N5C 66 2.3415 0
5N5C 67 1.1612 1
5N5C 68 2.3082 0
5N5C 69 1.6591 1
5N5C 70 2.5297 1
5N5C 71 4.2064 1
5N5C 72 2.4187 0
5N5C 73 3.4681 0
5N5C 74 2.8586 0
5N5C 75 0.5268 1
5N5C 76 4.6949 0
5N5C 77 2.9093 0
5N5C 78 3.4784 0
5N5C 79 2.8597 0
5N5C 80 3.7403 0
5N5C 81 0.1228 0
5N5C 82 0.4492 0
5N5C 83 0.3927 0
5N5C 84 2.5687 0
5N5C 85 1.4149 0
5N5C 86 0.6043 0
5N5C 87 4.3241 0
5N5C 88 0.9525 0
5N5C 89 1.8903 1
5N5C 90 0.2266 0
5N5C 91 0.2251 1
5N5C 92 2.2386 0
5N5C 93 3.5841 0
5N5C 94 4.2273 0
5N5C 95 3.0953 0
5N5C 96 2.4515 0
5N5C 97 2.6071 0
5N5C 98 1.4704 0
5N5C 99 0.1385 0
5N5C 100 3.4927 0
