5N5C 1 1.1867 0.472269797129139
5N5C 2 3.9444 0.502288059154344
5N5C 3 1.4523 0.455605060175325
5N5C 4 4.5625 0.0329462036383121
5N5C 5 2.2097 0.501321406125708
5N5C 6 1.5468 0.44531449573905
5N5C 7 4.0942 0.313042076582475
5N5C 8 1.996 0.388666009883916
5N5C 9 4.0266 0.482192857044249
5N5C 10 3.5555 0.390469325434268
5N5C 11 4.3492 0.104396760501027
5N5C 12 3.3162 0.331897275293841
5N5C 13 4.002 0.44144953718174
5N5C 14 2.4199 0.448071731694416
5N5C 15 0.7462 0.444408759438496
5N5C 16 1.7664 0.470182684432761
5N5C 17 3.4472 0.355465973808246
5N5C 18 1.215 0.500792213170449
5N5C 19 4.1905 0.461077363471638
5N5C 20 0.9465 0.458485622362745
5N5C 21 4.0998 0.209120984057219
5N5C 22 3.6961 0.357877529023444
5N5C 23 3.4645 0.341195676923619
5N5C 24 3.2475 0.471630270352912
5N5C 25 2.219 0.373636810048038
5N5C 26 2.1652 0.401228439152331
5N5C 27 3.3457 0.48205368495953
5N5C 28 1.8121 0.444658782046343
5N5C 29 1.0239 0.424615835419839
5N5C 30 3.4068 0.444911478339075
5N5C 31 3.5695 0.435303466703561
5N5C 32 2.1818 0.43513854934142
5N5C 33 3.0399 0.48386902226206
5N5C 34 2.6181 0.34538397218649
5N5C 35 2.9954 0.477005863187521
5N5C 36 3.9337 0.365408352122308
5N5C 37 3.7301 0.458540744172319
5N5C 38 3.568 0.438618937894789
5N5C 39 2.1547 0.471758687241086
5N5C 40 3.9467 0.416477190288003
5N5C 41 1.6762 0.427188462228473
5N5C 42 0.1049 0.462386496449289
5N5C 43 2.4494 0.439131718991011
5N5C 44 0.5342 0.482143384632193
5N5C 45 1.4309 0.475707017813845
5N5C 46 3.5458 0.477990556281704
5N5C 47 3.3156 0.486295402095793
5N5C 48 2.9954 0.501141203771191
5N5C 49 0.3871 0.509163905342519
5N5C 50 1.7143 0.516034339345043
5N5C 51 3.8227 0.503337055874609
5N5C 52 4.3932 0.509087300803689
5N5C 53 1.609 0.569319355763085
5N5C 54 3.3275 0.512830495453309
5N5C 55 4.4522 0.563473243474333
5N5C 56 2.9198 0.582565618043457
5N5C 57 3.3756 0.49453650222545
5N5C 58 4.1167 0.406413206356114
5N5C 59 3.8512 0.496906643120475
5N5C 60 2.1936 0.515651818025957
5N5C 61 2.7709 0.514322426065591
5N5C 62 0.014 0.515830933976699
5N5C 63 2.8703 0.515915378554892
5N5C 64 0.6498 0.516152410518833
5N5C 65 2.7659 0.45182548842203
5N5C 66 2.3415 0.516147209809908
5N5C 67 1.1612 0.51082365855252
5N5C 68 2.3082 0.705985843020521
5N5C 69 1.6591 0.513588945084545
5N5C 70 2.5297 0.728729199708367
5N5C 71 4.2064 0.514853612199926
5N5C 72 2.4187 0.516242878391409
5N5C 73 3.4681 0.759679543034628
5N5C 74 2.8586 0.708099542658317
5N5C 75 0.5268 0.516152776493264
5N5C 76 4.6949 0.453919437555922
5N5C 77 2.9093 0.800368599915762
5N5C 78 3.4784 0.81237722076283
5N5C 79 2.8597 0.823097895322387
5N5C 80 3.7403 0.516308627435413
5N5C 81 0.1228 0.516302798841382
5N5C 82 0.4492 0.854067633434287
5N5C 83 0.3927 0.8646758617355
5N5C 84 2.5687 0.516429116644743
5N5C 85 1.4149 0.515208532994963
5N5C 86 0.6043 0.515066536210807
5N5C 87 4.3241 0.516460750861399
5N5C 88 0.9525 0.917163820085446
5N5C 89 1.8903 0.516033591107035
5N5C 90 0.2266 0.93583213572677
5N5C 91 0.2251 0.516308928459022
5N5C 92 2.2386 0.958307238648704
5N5C 93 3.5841 0.921246242516041
5N5C 94 4.2273 0.886983231748607
5N5C 95 3.0953 0.516451626743956
5N5C 96 2.4515 1
5N5C 97 2.6071 0.516363551778876
5N5C 98 1.4704 0.516222303750315
5N5C 99 0.1385 0.516323369453779
5N5C 100 3.4927 0.516423616641564
