5UF3 1 1.1987 0.338004252633734
5UF3 2 4.4201 0.367118345899058
5UF3 3 1.4483 0.527300057942967
5UF3 4 4.2802 0.487289421157407
5UF3 5 2.2013 0.31970498349167
5UF3 6 1.5448 0.353995787717114
5UF3 7 4.1125 0.523222902512053
5UF3 8 2.0348 0.437848856266968
5UF3 9 3.7779 0.432468531777504
5UF3 10 3.4467 0.314567245454019
5UF3 11 4.7273 0.482798918895189
5UF3 12 3.3137 0.363551354376995
5UF3 13 3.7829 0.478493208464311
5UF3 14 2.5018 0.448599419991761
5UF3 15 0.7498 0.510150205108832
5UF3 16 1.8702 0.522975130725734
5UF3 17 3.6424 0.390774006209152
5UF3 18 1.2248 0.511675881310248
5UF3 19 4.4458 0.505206343842253
5UF3 20 0.9459 0.212374140301121
5UF3 21 4.2396 0.653342379174366
5UF3 22 3.9091 0.387220154276142
5UF3 23 3.5883 0.249205608293003
5UF3 24 3.4202 0.438181139695916
5UF3 25 2.3383 0.448997892354308
5UF3 26 2.1475 0.286343891753298
5UF3 27 3.4947 0.464185587543658
5UF3 28 1.9204 0.301631377330395
5UF3 29 1.0479 0.312601646841441
5UF3 30 3.5227 0.525417938075892
5UF3 31 3.7392 0.369877321964223
5UF3 32 2.2598 0.471368193160296
5UF3 33 3.2509 0.357001142652954
5UF3 34 2.6328 0.390657903885122
5UF3 35 3.1483 0.52741869003878
5UF3 36 4.2441 0.845451065292576
5UF3 37 4.1181 0.401913208382542
5UF3 38 3.5774 0.508517915025415
5UF3 39 2.2187 0.427140870354432
5UF3 40 3.8656 0.811579625814845
5UF3 41 1.7135 0.446088313599063
5UF3 42 0.1053 0.43380033397076
5UF3 43 2.5674 0.4065591611246
5UF3 44 0.5457 0.463920480641856
5UF3 45 1.4554 0.489450424053311
5UF3 46 3.4598 0.517543899991744
5UF3 47 3.3666 0.524985364436668
5UF3 48 3.1678 0.530216133686363
5UF3 49 0.3938 0.520909290667475
5UF3 50 1.7782 0.396365158948104
5UF3 51 3.9673 0.68316647674424
5UF3 52 4.2675 0.619293472617718
5UF3 53 1.623 0.588926402933728
5UF3 54 3.4308 0.526531757351483
5UF3 55 4.4843 0.602240144396344
5UF3 56 3.1938 0.838373032865723
5UF3 57 3.6921 0.53172264006271
5UF3 58 4.4235 0.426614068083665
5UF3 59 4.0021 0.657583597521056
5UF3 60 2.2661 0.5289917045146
5UF3 61 2.891 0.613207944450261
5UF3 62 0.0142 0.647951685232687
5UF3 63 2.8821 0.531480259657434
5UF3 64 0.6571 0.420376333515635
5UF3 65 2.85 0.531566659732841
5UF3 66 2.327 0.520121431565164
5UF3 67 1.1582 0.531377765573103
5UF3 68 2.3142 0.75562124939153
5UF3 69 1.7376 0.722766196586073
5UF3 70 2.5796 0.509599102225207
5UF3 71 4.6495 0.531676852796084
5UF3 72 2.4238 0.595217581039542
5UF3 73 3.5811 0.531606114025019
5UF3 74 2.8409 0.73223994716963
5UF3 75 0.537 0.504922906933195
5UF3 76 4.4981 0.844910620893297
5UF3 77 2.9715 0.531855258891873
5UF3 78 3.5174 0.531300792475181
5UF3 79 2.9141 0.879786723437868
5UF3 80 4.0237 0.501140579871478
5UF3 81 0.1238 0.518018864183109
5UF3 82 0.4461 0.685132169351073
5UF3 83 0.4014 0.49852412040357
5UF3 84 2.4671 0.933112082945616
5UF3 85 1.4097 0.472682007433741
5UF3 86 0.6144 0.489610937437456
5UF3 87 4.4804 0.968362669315096
5UF3 88 0.9691 0.486305617432606
5UF3 89 1.8785 0.520531707926706
5UF3 90 0.2286 0.834706772516307
5UF3 91 0.2289 0.517611134363523
5UF3 92 2.3461 0.870525816508229
5UF3 93 3.6326 0.531607737818468
5UF3 94 4.4639 0.531840266712432
5UF3 95 3.0937 0.531929007114736
5UF3 96 2.5028 0.531739115356001
5UF3 97 2.6555 0.531956221164824
5UF3 98 1.4799 0.487755080975292
5UF3 99 0.139 1
5UF3 100 3.4945 0.85143233861305
