5UF3 1 1.1987 0
5UF3 2 4.4201 0
5UF3 3 1.4483 0
5UF3 4 4.2802 1
5UF3 5 2.2013 0
5UF3 6 1.5448 0
5UF3 7 4.1125 1
5UF3 8 2.0348 0
5UF3 9 3.7779 1
5UF3 10 3.4467 0
5UF3 11 4.7273 1
5UF3 12 3.3137 0
5UF3 13 3.7829 1
5UF3 14 2.5018 0
5UF3 15 0.7498 0
5UF3 16 1.8702 0
5UF3 17 3.6424 1
5UF3 18 1.2248 0
5UF3 19 4.4458 0
5UF3 20 0.9459 1
5UF3 21 4.2396 1
5UF3 22 3.9091 0
5UF3 23 3.5883 0
5UF3 24 3.4202 0
5UF3 25 2.3383 0
5UF3 26 2.1475 0
5UF3 27 3.4947 0
5UF3 28 1.9204 0
5UF3 29 1.0479 1
5UF3 30 3.5227 0
5UF3 31 3.7392 1
5UF3 32 2.2598 0
5UF3 33 3.2509 1
5UF3 34 2.6328 0
5UF3 35 3.1483 0
5UF3 36 4.2441 0
5UF3 37 4.1181 0
5UF3 38 3.5774 1
5UF3 39 2.2187 0
5UF3 40 3.8656 0
5UF3 41 1.7135 0
5UF3 42 0.1053 0
5UF3 43 2.5674 0
5UF3 44 0.5457 1
5UF3 45 1.4554 0
5UF3 46 3.4598 0
5UF3 47 3.3666 1
5UF3 48 3.1678 1
5UF3 49 0.3938 0
5UF3 50 1.7782 0
5UF3 51 3.9673 0
5UF3 52 4.2675 0
5UF3 53 1.623 0
5UF3 54 3.4308 0
5UF3 55 4.4843 0
5UF3 56 3.1938 0
5UF3 57 3.6921 0
5UF3 58 4.4235 0
5UF3 59 4.0021 0
5UF3 60 2.2661 0
5UF3 61 2.891 0
5UF3 62 0.0142 1
5UF3 63 2.8821 0
5UF3 64 0.6571 0
5UF3 65 2.85 0
5UF3 66 2.327 0
5UF3 67 1.1582 1
5UF3 68 2.3142 0
5UF3 69 1.7376 1
5UF3 70 2.5796 0
5UF3 71 4.6495 0
5UF3 72 2.4238 0
5UF3 73 3.5811 0
5UF3 74 2.8409 0
5UF3 75 0.537 1
5UF3 76 4.4981 0
5UF3 77 2.9715 1
5UF3 78 3.5174 0
5UF3 79 2.9141 0
5UF3 80 4.0237 0
5UF3 81 0.1238 1
5UF3 82 0.4461 0
5UF3 83 0.4014 1
5UF3 84 2.4671 0
5UF3 85 1.4097 0
5UF3 86 0.6144 0
5UF3 87 4.4804 0
5UF3 88 0.9691 1
5UF3 89 1.8785 0
5UF3 90 0.2286 0
5UF3 91 0.2289 0
5UF3 92 2.3461 0
5UF3 93 3.6326 0
5UF3 94 4.4639 0
5UF3 95 3.0937 0
5UF3 96 2.5028 1
5UF3 97 2.6555 0
5UF3 98 1.4799 0
5UF3 99 0.139 0
5UF3 100 3.4945 0
