5UZT 1 1.2052 0
5UZT 2 4.1846 1
5UZT 3 1.4519 0
5UZT 4 4.8685 0
5UZT 5 2.2367 0
5UZT 6 1.5412 0
5UZT 7 4.1678 0
5UZT 8 2.0667 1
5UZT 9 4.0205 0
5UZT 10 3.5413 1
5UZT 11 4.5958 1
5UZT 12 3.4245 0
5UZT 13 3.8835 0
5UZT 14 2.3865 0
5UZT 15 0.7508 0
5UZT 16 1.8538 1
5UZT 17 3.5431 0
5UZT 18 1.2182 0
5UZT 19 4.4756 0
5UZT 20 0.9424 0
5UZT 21 4.1753 1
5UZT 22 4.0672 1
5UZT 23 3.4932 1
5UZT 24 3.2545 1
5UZT 25 2.2636 0
5UZT 26 2.1853 0
5UZT 27 3.5735 0
5UZT 28 1.8657 0
5UZT 29 1.0419 0
5UZT 30 3.444 0
5UZT 31 3.7591 0
5UZT 32 2.2179 0
5UZT 33 3.1904 1
5UZT 34 2.6169 0
5UZT 35 3.1639 0
5UZT 36 4.2292 0
5UZT 37 4.1514 0
5UZT 38 3.6631 0
5UZT 39 2.191 1
5UZT 40 3.9577 0
5UZT 41 1.6991 0
5UZT 42 0.1051 0
5UZT 43 2.5743 0
5UZT 44 0.5447 0
5UZT 45 1.4681 0
5UZT 46 3.543 0
5UZT 47 3.5022 0
5UZT 48 3.1115 1
5UZT 49 0.3911 1
5UZT 50 1.7419 0
5UZT 51 4.087 0
5UZT 52 4.2969 0
5UZT 53 1.6418 0
5UZT 54 3.5259 0
5UZT 55 4.563 0
5UZT 56 3.0202 1
5UZT 57 3.7516 0
5UZT 58 4.245 0
5UZT 59 3.8767 0
5UZT 60 2.2986 0
5UZT 61 2.8372 0
5UZT 62 0.0141 0
5UZT 63 2.8492 0
5UZT 64 0.6568 1
5UZT 65 2.8245 0
5UZT 66 2.2877 0
5UZT 67 1.1712 1
5UZT 68 2.3074 1
5UZT 69 1.7165 0
5UZT 70 2.591 1
5UZT 71 4.362 1
5UZT 72 2.444 0
5UZT 73 3.5679 0
5UZT 74 2.8936 0
5UZT 75 0.5271 0
5UZT 76 4.84 0
5UZT 77 2.9264 0
5UZT 78 3.6582 0
5UZT 79 2.9082 1
5UZT 80 3.9296 0
5UZT 81 0.1243 0
5UZT 82 0.455 0
5UZT 83 0.3958 0
5UZT 84 2.6352 0
5UZT 85 1.4382 1
5UZT 86 0.6075 1
5UZT 87 4.4374 0
5UZT 88 0.9547 0
5UZT 89 1.8969 1
5UZT 90 0.2281 0
5UZT 91 0.2271 0
5UZT 92 2.3623 1
5UZT 93 3.6986 0
5UZT 94 4.743 1
5UZT 95 3.0879 0
5UZT 96 2.5157 1
5UZT 97 2.7474 0
5UZT 98 1.4895 0
5UZT 99 0.1391 1
5UZT 100 3.5082 1
