5UZT 1 1.2052 0.459561273415673
5UZT 2 4.1846 0.923153089453555
5UZT 3 1.4519 0.483637150397905
5UZT 4 4.8685 0.456075302886884
5UZT 5 2.2367 0.471200462166905
5UZT 6 1.5412 0.433243697815315
5UZT 7 4.1678 0.618787421300769
5UZT 8 2.0667 0.459306317558424
5UZT 9 4.0205 0.310994342945978
5UZT 10 3.5413 0.48810262584352
5UZT 11 4.5958 0.455689815838949
5UZT 12 3.4245 0.379475553091989
5UZT 13 3.8835 0.257151394998998
5UZT 14 2.3865 0.137985142748365
5UZT 15 0.7508 0.408024947719265
5UZT 16 1.8538 0.422582259887735
5UZT 17 3.5431 0.380156681729867
5UZT 18 1.2182 0.322867204414889
5UZT 19 4.4756 0.391876473982259
5UZT 20 0.9424 0.199266725195078
5UZT 21 4.1753 0.425853462216487
5UZT 22 4.0672 0.488895100768953
5UZT 23 3.4932 0.463671946418882
5UZT 24 3.2545 0.247541627526641
5UZT 25 2.2636 0.450725631656348
5UZT 26 2.1853 0.351033024468002
5UZT 27 3.5735 0.465660286521549
5UZT 28 1.8657 0.282009747498028
5UZT 29 1.0419 0.292621739801685
5UZT 30 3.444 0.381656175382019
5UZT 31 3.7591 0.455846915168686
5UZT 32 2.2179 0.459929663989659
5UZT 33 3.1904 0.486877123391192
5UZT 34 2.6169 0.37086069650569
5UZT 35 3.1639 0.481186992751163
5UZT 36 4.2292 0.466172387892429
5UZT 37 4.1514 0.388003141273191
5UZT 38 3.6631 0.39719122990902
5UZT 39 2.191 0.402881226538234
5UZT 40 3.9577 0.479169205754782
5UZT 41 1.6991 0.403285501776871
5UZT 42 0.1051 0.440682282410273
5UZT 43 2.5743 0.448001263819338
5UZT 44 0.5447 0.454367068921556
5UZT 45 1.4681 0.475402361861244
5UZT 46 3.543 0.437121636578656
5UZT 47 3.5022 0.488338368734653
5UZT 48 3.1115 0.491405425182416
5UZT 49 0.3911 0.39234033790477
5UZT 50 1.7419 0.478222827321661
5UZT 51 4.087 0.51222004002935
5UZT 52 4.2969 0.491611498052419
5UZT 53 1.6418 0.43974581148882
5UZT 54 3.5259 0.615133950600583
5UZT 55 4.563 0.410494858720272
5UZT 56 3.0202 0.476722188951975
5UZT 57 3.7516 0.630493992061178
5UZT 58 4.245 0.552220730662853
5UZT 59 3.8767 0.479111316168669
5UZT 60 2.2986 0.491520644326875
5UZT 61 2.8372 0.724788824353262
5UZT 62 0.0141 0.479526055467048
5UZT 63 2.8492 0.42958778426283
5UZT 64 0.6568 0.430180791114989
5UZT 65 2.8245 0.48106623066535
5UZT 66 2.2877 0.446002670904338
5UZT 67 1.1712 0.484681266461359
5UZT 68 2.3074 0.424588128890209
5UZT 69 1.7165 0.485780983684557
5UZT 70 2.591 0.728362959608613
5UZT 71 4.362 0.738480186502531
5UZT 72 2.444 0.749253450518662
5UZT 73 3.5679 0.485721294869844
5UZT 74 2.8936 0.485717637263566
5UZT 75 0.5271 0.724624123664616
5UZT 76 4.84 0.491702299038203
5UZT 77 2.9264 0.467758255306729
5UZT 78 3.6582 0.434847134644696
5UZT 79 2.9082 0.491649390960119
5UZT 80 3.9296 0.491598535205282
5UZT 81 0.1243 0.789684941034698
5UZT 82 0.455 0.778014441666765
5UZT 83 0.3958 0.432973232805891
5UZT 84 2.6352 0.457558652685298
5UZT 85 1.4382 0.487227836063228
5UZT 86 0.6075 0.623373249650915
5UZT 87 4.4374 0.491748289283195
5UZT 88 0.9547 0.480403336011431
5UZT 89 1.8969 0.482497901808209
5UZT 90 0.2281 0.69995645185158
5UZT 91 0.2271 0.698511517331744
5UZT 92 2.3623 0.49182367986773
5UZT 93 3.6986 0.491844424382477
5UZT 94 4.743 0.488849557569343
5UZT 95 3.0879 0.733058538950733
5UZT 96 2.5157 1
5UZT 97 2.7474 0.816288569818703
5UZT 98 1.4895 0.476976499436283
5UZT 99 0.1391 0.791232822392883
5UZT 100 3.5082 0.491673970714362
