5V16 1 1.2132 0
5V16 2 4.0312 0
5V16 3 1.4448 1
5V16 4 4.7879 1
5V16 5 2.1761 0
5V16 6 1.5792 0
5V16 7 4.0909 0
5V16 8 2.0306 0
5V16 9 3.9063 0
5V16 10 3.5672 0
5V16 11 4.5686 0
5V16 12 3.1534 0
5V16 13 3.9186 0
5V16 14 2.4669 1
5V16 15 0.7543 0
5V16 16 1.8647 0
5V16 17 3.5865 0
5V16 18 1.218 0
5V16 19 4.3436 1
5V16 20 0.958 0
5V16 21 4.3674 0
5V16 22 4.0606 1
5V16 23 3.6225 0
5V16 24 3.3489 0
5V16 25 2.3476 1
5V16 26 2.1876 0
5V16 27 3.5067 0
5V16 28 1.898 0
5V16 29 1.0473 0
5V16 30 3.4735 0
5V16 31 3.6533 1
5V16 32 2.1969 0
5V16 33 3.135 0
5V16 34 2.6237 0
5V16 35 3.1478 0
5V16 36 4.1094 0
5V16 37 3.9867 0
5V16 38 3.616 0
5V16 39 2.204 1
5V16 40 3.8988 0
5V16 41 1.7146 0
5V16 42 0.1053 0
5V16 43 2.5342 1
5V16 44 0.542 1
5V16 45 1.4819 0
5V16 46 3.7055 0
5V16 47 3.4158 0
5V16 48 3.1059 0
5V16 49 0.3948 0
5V16 50 1.7651 1
5V16 51 3.7986 0
5V16 52 4.4186 1
5V16 53 1.5991 0
5V16 54 3.6712 0
5V16 55 4.6399 0
5V16 56 3.1385 0
5V16 57 3.5479 0
5V16 58 4.3332 1
5V16 59 3.9725 1
5V16 60 2.2516 0
5V16 61 2.857 0
5V16 62 0.0142 0
5V16 63 3.0024 0
5V16 64 0.6559 0
5V16 65 2.8399 0
5V16 66 2.3556 0
5V16 67 1.1521 1
5V16 68 2.3172 0
5V16 69 1.6725 0
5V16 70 2.6247 1
5V16 71 4.4884 0
5V16 72 2.4433 0
5V16 73 3.6937 0
5V16 74 3.018 0
5V16 75 0.5327 0
5V16 76 4.5337 1
5V16 77 2.9872 1
5V16 78 3.6049 0
5V16 79 2.9313 0
5V16 80 3.8991 0
5V16 81 0.1239 1
5V16 82 0.449 0
5V16 83 0.3965 0
5V16 84 2.5312 0
5V16 85 1.4261 0
5V16 86 0.6158 0
5V16 87 4.2898 0
5V16 88 0.9535 0
5V16 89 1.8648 1
5V16 90 0.23 1
5V16 91 0.2282 0
5V16 92 2.3336 0
5V16 93 3.706 1
5V16 94 4.8539 0
5V16 95 3.1469 1
5V16 96 2.4508 0
5V16 97 2.8311 0
5V16 98 1.4678 0
5V16 99 0.1403 0
5V16 100 3.3785 0
