5V16 1 1.2132 0.386635613787774
5V16 2 4.0312 0.0104390455085812
5V16 3 1.4448 0.0204519906405419
5V16 4 4.7879 0.430941822559337
5V16 5 2.1761 0.319085119638437
5V16 6 1.5792 0.457641725180431
5V16 7 4.0909 0.462312997560948
5V16 8 2.0306 0.42635420786695
5V16 9 3.9063 0.26539964073266
5V16 10 3.5672 0.778655069885053
5V16 11 4.5686 0.101623602113444
5V16 12 3.1534 0.111315361745702
5V16 13 3.9186 0.171757969131461
5V16 14 2.4669 0.13049243815943
5V16 15 0.7543 0.799380088373854
5V16 16 1.8647 0.395417925773208
5V16 17 3.5865 0.160540236488609
5V16 18 1.218 0.258275673202456
5V16 19 4.3436 0.181516002587183
5V16 20 0.958 0.459037324543383
5V16 21 4.3674 0.200954265280156
5V16 22 4.0606 0.211684031489323
5V16 23 3.6225 0.400642053292575
5V16 24 3.3489 0.410316040029305
5V16 25 2.3476 0.412676821325803
5V16 26 2.1876 0.253694526882547
5V16 27 3.5067 0.379749829365588
5V16 28 1.898 0.452617775214332
5V16 29 1.0473 0.793672216229755
5V16 30 3.4735 0.290499504024698
5V16 31 3.6533 0.302218776494727
5V16 32 2.1969 0.280747547371695
5V16 33 3.135 0.322553889554434
5V16 34 2.6237 0.311974180764476
5V16 35 3.1478 0.340351391346303
5V16 36 4.1094 0.350789421895773
5V16 37 3.9867 0.36942225312561
5V16 38 3.616 0.371145011772509
5V16 39 2.204 0.394567406154096
5V16 40 3.8988 0.390554365192164
5V16 41 1.7146 0.405837739952317
5V16 42 0.1053 0.443710181338338
5V16 43 2.5342 0.445312724361911
5V16 44 0.542 0.44705031106361
5V16 45 1.4819 0.449474131653211
5V16 46 3.7055 0.45760701751723
5V16 47 3.4158 0.393648789304022
5V16 48 3.1059 0.472973643463084
5V16 49 0.3948 0.446038544582833
5V16 50 1.7651 0.393407776252509
5V16 51 3.7986 0.46999906532492
5V16 52 4.4186 0.472595923650802
5V16 53 1.5991 0.437121912563971
5V16 54 3.6712 0.462160962713417
5V16 55 4.6399 0.465367021849091
5V16 56 3.1385 0.428087286786702
5V16 57 3.5479 0.436522539253756
5V16 58 4.3332 0.466400761104055
5V16 59 3.9725 0.762486871071192
5V16 60 2.2516 0.388812182124488
5V16 61 2.857 0.600615928438432
5V16 62 0.0142 0.462754008343645
5V16 63 3.0024 0.620535425163301
5V16 64 0.6559 0.463549503170888
5V16 65 2.8399 0.459703327297528
5V16 66 2.3556 0.412251396219979
5V16 67 1.1521 0.46476784146928
5V16 68 2.3172 0.438608771524929
5V16 69 1.6725 0.456681082901957
5V16 70 2.6247 0.698834584237512
5V16 71 4.4884 0.39554299385866
5V16 72 2.4433 0.466743429475057
5V16 73 3.6937 0.726741234853509
5V16 74 3.018 0.640953588688598
5V16 75 0.5327 0.429168017408766
5V16 76 4.5337 0.457111616957306
5V16 77 2.9872 0.466695615798683
5V16 78 3.6049 0.467550995289501
5V16 79 2.9313 0.655036270699437
5V16 80 3.8991 0.436293739652811
5V16 81 0.1239 0.465477278273711
5V16 82 0.449 0.450053689368419
5V16 83 0.3965 0.466726608400983
5V16 84 2.5312 0.469496502428172
5V16 85 1.4261 0.764528867725893
5V16 86 0.6158 0.858834592694208
5V16 87 4.2898 0.867911415880066
5V16 88 0.9535 0.755074203972172
5V16 89 1.8648 0.729482070616765
5V16 90 0.23 0.899188335061131
5V16 91 0.2282 0.465727166322994
5V16 92 2.3336 0.919993652659783
5V16 93 3.706 0.345208505716428
5V16 94 4.8539 0.832235981508956
5V16 95 3.1469 0.948863224219341
5V16 96 2.4508 0.368752934458326
5V16 97 2.8311 0.969887117547202
5V16 98 1.4678 0.824941296770908
5V16 99 0.1403 0.987308641932743
5V16 100 3.3785 1
