5V17 1 1.2059 0.325830228211494
5V17 2 4.3743 0.363268397761055
5V17 3 1.4536 0.71712799750895
5V17 4 4.6688 0.42674920220149
5V17 5 2.2416 0.236458910054428
5V17 6 1.5828 0.347793633975627
5V17 7 4.1806 0.273102258165556
5V17 8 2.0667 0.407479906353487
5V17 9 3.8043 0.432045808230032
5V17 10 3.6205 0.0924822784265445
5V17 11 4.7552 0.102439189602102
5V17 12 3.279 0.368985717921159
5V17 13 3.9031 0.339376453510726
5V17 14 2.4059 0.467777712190813
5V17 15 0.7536 0.416879558079159
5V17 16 1.8691 0.275209164350651
5V17 17 3.559 0.460425530874448
5V17 18 1.2301 0.319012350068992
5V17 19 4.2091 0.183678612980897
5V17 20 0.9582 0.45380364891894
5V17 21 4.3005 0.20566737478955
5V17 22 3.884 0.33653500686447
5V17 23 3.7991 0.22350527664569
5V17 24 3.2884 0.464534674096571
5V17 25 2.3392 0.335975091067064
5V17 26 2.1822 0.320390451088711
5V17 27 3.4545 0.298711651831444
5V17 28 1.9166 0.382394401771748
5V17 29 1.062 0.286329887783957
5V17 30 3.4881 0.440396972421875
5V17 31 3.729 0.305143725682252
5V17 32 2.2438 0.392663524338354
5V17 33 3.1992 0.325174774460625
5V17 34 2.6378 0.335300001474575
5V17 35 3.1284 0.347671109946209
5V17 36 4.2027 0.33722488748293
5V17 37 4.1408 0.364777972890193
5V17 38 3.9738 0.376115867826245
5V17 39 2.2328 0.441071518670554
5V17 40 4.0932 0.395092422103099
5V17 41 1.7128 0.427237215501219
5V17 42 0.106 0.44702418216531
5V17 43 2.6113 0.426198734549245
5V17 44 0.5433 0.467072633038525
5V17 45 1.4473 0.452011957608738
5V17 46 3.5003 0.46526033994215
5V17 47 3.468 0.467089220117649
5V17 48 3.21 0.476439457742273
5V17 49 0.393 0.47371206801771
5V17 50 1.7797 0.454950436403939
5V17 51 3.9044 0.508235665899762
5V17 52 4.6547 0.517892032483327
5V17 53 1.5942 0.475728990430523
5V17 54 3.8106 0.538221195899427
5V17 55 4.9024 0.408917307313041
5V17 56 3.2303 0.688217443053909
5V17 57 3.6103 0.438488401820739
5V17 58 4.3936 0.470835983203492
5V17 59 4.0684 0.461405194858863
5V17 60 2.2273 0.41009785757875
5V17 61 2.8547 0.608601108382133
5V17 62 0.0142 0.62546461367025
5V17 63 2.898 0.476332615218961
5V17 64 0.6593 0.645073891815206
5V17 65 2.9208 0.333597629849776
5V17 66 2.3823 0.476046514516615
5V17 67 1.1737 0.474516005557864
5V17 68 2.2923 0.688111491010731
5V17 69 1.6839 0.474276828630766
5V17 70 2.5588 0.44927890805281
5V17 71 4.693 0.456953367713614
5V17 72 2.427 0.444750907123812
5V17 73 3.4761 0.73729560669853
5V17 74 2.9779 0.45020432821341
5V17 75 0.531 0.758544424793678
5V17 76 4.6692 0.476488841657554
5V17 77 2.8856 0.476495497619241
5V17 78 3.5933 0.785454025106801
5V17 79 2.8905 0.47623021000344
5V17 80 4.0349 0.447386456651404
5V17 81 0.1254 0.475250802598047
5V17 82 0.4544 0.830178887950598
5V17 83 0.3945 0.475924201787568
5V17 84 2.5489 0.850307134899636
5V17 85 1.4073 0.474386659545039
5V17 86 0.6156 0.870681607152433
5V17 87 4.3538 0.452766149004403
5V17 88 0.9631 0.476446762697956
5V17 89 1.9388 0.446777685189645
5V17 90 0.2308 0.911498831863631
5V17 91 0.2282 0.92093413298047
5V17 92 2.3473 0.333005762417696
5V17 93 3.7389 0.468832840593446
5V17 94 4.9086 0.471191224405809
5V17 95 3.1542 0.962043269154216
5V17 96 2.537 0.425188009410292
5V17 97 2.7714 0.981735392137492
5V17 98 1.4722 0.991093357318542
5V17 99 0.1406 1
5V17 100 3.4215 0.678927939193066
