5V17 1 1.2059 0
5V17 2 4.3743 0
5V17 3 1.4536 0
5V17 4 4.6688 0
5V17 5 2.2416 0
5V17 6 1.5828 0
5V17 7 4.1806 0
5V17 8 2.0667 0
5V17 9 3.8043 0
5V17 10 3.6205 0
5V17 11 4.7552 0
5V17 12 3.279 0
5V17 13 3.9031 1
5V17 14 2.4059 0
5V17 15 0.7536 0
5V17 16 1.8691 0
5V17 17 3.559 0
5V17 18 1.2301 0
5V17 19 4.2091 0
5V17 20 0.9582 0
5V17 21 4.3005 1
5V17 22 3.884 0
5V17 23 3.7991 0
5V17 24 3.2884 0
5V17 25 2.3392 0
5V17 26 2.1822 1
5V17 27 3.4545 1
5V17 28 1.9166 0
5V17 29 1.062 0
5V17 30 3.4881 1
5V17 31 3.729 0
5V17 32 2.2438 1
5V17 33 3.1992 0
5V17 34 2.6378 0
5V17 35 3.1284 0
5V17 36 4.2027 0
5V17 37 4.1408 0
5V17 38 3.9738 1
5V17 39 2.2328 1
5V17 40 4.0932 1
5V17 41 1.7128 0
5V17 42 0.106 0
5V17 43 2.6113 0
5V17 44 0.5433 0
5V17 45 1.4473 0
5V17 46 3.5003 0
5V17 47 3.468 0
5V17 48 3.21 0
5V17 49 0.393 0
5V17 50 1.7797 0
5V17 51 3.9044 0
5V17 52 4.6547 1
5V17 53 1.5942 1
5V17 54 3.8106 0
5V17 55 4.9024 1
5V17 56 3.2303 0
5V17 57 3.6103 0
5V17 58 4.3936 0
5V17 59 4.0684 0
5V17 60 2.2273 0
5V17 61 2.8547 0
5V17 62 0.0142 0
5V17 63 2.898 0
5V17 64 0.6593 0
5V17 65 2.9208 1
5V17 66 2.3823 0
5V17 67 1.1737 0
5V17 68 2.2923 1
5V17 69 1.6839 0
5V17 70 2.5588 1
5V17 71 4.693 1
5V17 72 2.427 0
5V17 73 3.4761 0
5V17 74 2.9779 0
5V17 75 0.531 0
5V17 76 4.6692 0
5V17 77 2.8856 0
5V17 78 3.5933 1
5V17 79 2.8905 0
5V17 80 4.0349 0
5V17 81 0.1254 0
5V17 82 0.4544 0
5V17 83 0.3945 0
5V17 84 2.5489 0
5V17 85 1.4073 0
5V17 86 0.6156 0
5V17 87 4.3538 1
5V17 88 0.9631 0
5V17 89 1.9388 1
5V17 90 0.2308 0
5V17 91 0.2282 0
5V17 92 2.3473 0
5V17 93 3.7389 0
5V17 94 4.9086 0
5V17 95 3.1542 0
5V17 96 2.537 0
5V17 97 2.7714 0
5V17 98 1.4722 0
5V17 99 0.1406 0
5V17 100 3.4215 0
