5WQ1 1 1.2054 0.466438167457387
5WQ1 2 4.0131 0.36540687325974
5WQ1 3 1.4511 0.444907332083021
5WQ1 4 4.6666 0.456279995535491
5WQ1 5 2.1843 0.503610645511624
5WQ1 6 1.5535 0.390172802379727
5WQ1 7 4.216 0.466692992433051
5WQ1 8 2.0507 0.507796983370257
5WQ1 9 3.8447 0.716993625963597
5WQ1 10 3.4902 0.485495894167161
5WQ1 11 4.4598 0.48398526466125
5WQ1 12 3.169 0.505148494259506
5WQ1 13 4.0817 0.467232535905346
5WQ1 14 2.3661 0.466373984761466
5WQ1 15 0.7587 0.499501339183631
5WQ1 16 1.822 0.494324303912074
5WQ1 17 3.4312 0.482617048196625
5WQ1 18 1.2343 0.39672673783794
5WQ1 19 4.2016 0.478609210776312
5WQ1 20 0.9439 0.362602184738394
5WQ1 21 4.1279 0.279960877449997
5WQ1 22 3.7024 0.22141949622547
5WQ1 23 3.5387 0.486501023465015
5WQ1 24 3.1279 0.369646081921527
5WQ1 25 2.2949 0.350264398587083
5WQ1 26 2.1453 0.356943625553234
5WQ1 27 3.4323 0.268282009052404
5WQ1 28 1.8903 0.39918357028726
5WQ1 29 1.0492 0.467775752668907
5WQ1 30 3.3582 0.424926886902866
5WQ1 31 3.4847 0.446521904973154
5WQ1 32 2.2233 0.428388664217007
5WQ1 33 3.2732 0.332200089677489
5WQ1 34 2.6007 0.479188976019494
5WQ1 35 3.0595 0.442177477265324
5WQ1 36 3.8809 0.362445078532047
5WQ1 37 3.6444 0.455318792038628
5WQ1 38 3.8962 0.469392000825768
5WQ1 39 2.2202 0.422268499885944
5WQ1 40 3.8604 0.406591415324658
5WQ1 41 1.6929 0.452326950095771
5WQ1 42 0.1046 0.431577096404961
5WQ1 43 2.5833 0.435251232988627
5WQ1 44 0.5504 0.471726846192348
5WQ1 45 1.4813 0.462120205889973
5WQ1 46 3.2365 0.464938803735986
5WQ1 47 3.3539 0.482993752669092
5WQ1 48 3.1393 0.502267250659525
5WQ1 49 0.3974 0.505020297931279
5WQ1 50 1.7079 0.513245826826049
5WQ1 51 3.4689 0.616010545634988
5WQ1 52 3.8983 0.51458659350741
5WQ1 53 1.642 0.517648274092572
5WQ1 54 3.5856 0.517489231339365
5WQ1 55 4.5642 0.516424437954929
5WQ1 56 3.0769 0.513969065600463
5WQ1 57 3.4643 0.554446445303786
5WQ1 58 4.1544 0.493883555068461
5WQ1 59 3.9593 0.511368329276165
5WQ1 60 2.2365 0.516168736922353
5WQ1 61 2.7133 0.517882765326208
5WQ1 62 0.0142 0.515042004777246
5WQ1 63 2.8415 0.64856970798687
5WQ1 64 0.6612 0.51429924684004
5WQ1 65 2.6547 0.509172254398443
5WQ1 66 2.3473 0.680211023974358
5WQ1 67 1.1574 0.515421506484066
5WQ1 68 2.3365 0.700583343244047
5WQ1 69 1.7117 0.518476347677541
5WQ1 70 2.4809 0.739670082499663
5WQ1 71 4.1735 0.722721516600218
5WQ1 72 2.4031 0.518036075285933
5WQ1 73 3.4464 0.501753527812025
5WQ1 74 2.9035 0.662730829853671
5WQ1 75 0.5349 0.772002530544185
5WQ1 76 4.3372 0.518473289163056
5WQ1 77 2.8108 0.440486672054365
5WQ1 78 3.5518 0.51851684609798
5WQ1 79 2.912 0.812657457781818
5WQ1 80 3.7681 0.651297902907258
5WQ1 81 0.1249 0.518612151868431
5WQ1 82 0.4577 0.518623632824813
5WQ1 83 0.3986 0.855153072809582
5WQ1 84 2.6233 0.518609093353946
5WQ1 85 1.4262 0.518119884730583
5WQ1 86 0.6136 0.886606835770652
5WQ1 87 4.5793 0.518645626464149
5WQ1 88 0.9398 0.906711865465446
5WQ1 89 1.9337 0.917197421392566
5WQ1 90 0.2288 0.518007380579687
5WQ1 91 0.2283 0.518699265738278
5WQ1 92 2.2806 0.948424593001633
5WQ1 93 3.4317 0.473106881740586
5WQ1 94 4.5766 0.518279065808565
5WQ1 95 3.1898 0.518544265142405
5WQ1 96 2.405 0.518661180316704
5WQ1 97 2.6265 1
5WQ1 98 1.4822 0.518737504854047
5WQ1 99 0.139 0.518439522548368
5WQ1 100 3.4775 0.383610767237426
