5WQ1 1 1.2054 0
5WQ1 2 4.0131 1
5WQ1 3 1.4511 0
5WQ1 4 4.6666 0
5WQ1 5 2.1843 0
5WQ1 6 1.5535 0
5WQ1 7 4.216 0
5WQ1 8 2.0507 1
5WQ1 9 3.8447 0
5WQ1 10 3.4902 1
5WQ1 11 4.4598 0
5WQ1 12 3.169 0
5WQ1 13 4.0817 0
5WQ1 14 2.3661 0
5WQ1 15 0.7587 0
5WQ1 16 1.822 0
5WQ1 17 3.4312 0
5WQ1 18 1.2343 0
5WQ1 19 4.2016 0
5WQ1 20 0.9439 0
5WQ1 21 4.1279 0
5WQ1 22 3.7024 1
5WQ1 23 3.5387 0
5WQ1 24 3.1279 1
5WQ1 25 2.2949 0
5WQ1 26 2.1453 0
5WQ1 27 3.4323 0
5WQ1 28 1.8903 1
5WQ1 29 1.0492 0
5WQ1 30 3.3582 0
5WQ1 31 3.4847 0
5WQ1 32 2.2233 0
5WQ1 33 3.2732 0
5WQ1 34 2.6007 1
5WQ1 35 3.0595 0
5WQ1 36 3.8809 1
5WQ1 37 3.6444 0
5WQ1 38 3.8962 1
5WQ1 39 2.2202 1
5WQ1 40 3.8604 0
5WQ1 41 1.6929 0
5WQ1 42 0.1046 1
5WQ1 43 2.5833 0
5WQ1 44 0.5504 0
5WQ1 45 1.4813 0
5WQ1 46 3.2365 0
5WQ1 47 3.3539 0
5WQ1 48 3.1393 0
5WQ1 49 0.3974 1
5WQ1 50 1.7079 1
5WQ1 51 3.4689 0
5WQ1 52 3.8983 0
5WQ1 53 1.642 0
5WQ1 54 3.5856 0
5WQ1 55 4.5642 1
5WQ1 56 3.0769 1
5WQ1 57 3.4643 0
5WQ1 58 4.1544 0
5WQ1 59 3.9593 0
5WQ1 60 2.2365 0
5WQ1 61 2.7133 0
5WQ1 62 0.0142 1
5WQ1 63 2.8415 0
5WQ1 64 0.6612 1
5WQ1 65 2.6547 0
5WQ1 66 2.3473 0
5WQ1 67 1.1574 0
5WQ1 68 2.3365 0
5WQ1 69 1.7117 0
5WQ1 70 2.4809 0
5WQ1 71 4.1735 0
5WQ1 72 2.4031 0
5WQ1 73 3.4464 1
5WQ1 74 2.9035 0
5WQ1 75 0.5349 0
5WQ1 76 4.3372 0
5WQ1 77 2.8108 1
5WQ1 78 3.5518 0
5WQ1 79 2.912 0
5WQ1 80 3.7681 0
5WQ1 81 0.1249 1
5WQ1 82 0.4577 1
5WQ1 83 0.3986 0
5WQ1 84 2.6233 0
5WQ1 85 1.4262 0
5WQ1 86 0.6136 0
5WQ1 87 4.5793 0
5WQ1 88 0.9398 0
5WQ1 89 1.9337 0
5WQ1 90 0.2288 1
5WQ1 91 0.2283 0
5WQ1 92 2.2806 0
5WQ1 93 3.4317 0
5WQ1 94 4.5766 0
5WQ1 95 3.1898 0
5WQ1 96 2.405 0
5WQ1 97 2.6265 0
5WQ1 98 1.4822 0
5WQ1 99 0.139 0
5WQ1 100 3.4775 0
