6EZ0 1 1.1918 0.494461017364682
6EZ0 2 3.7917 0.487483756410146
6EZ0 3 1.4154 0.47556532933967
6EZ0 4 4.4854 0.0309351520670548
6EZ0 5 2.1578 0.286377648341931
6EZ0 6 1.5125 0.445448186969754
6EZ0 7 3.983 0.466457097012448
6EZ0 8 2.0016 0.590720806260097
6EZ0 9 3.6552 0.247547671839114
6EZ0 10 3.439 0.495382185395306
6EZ0 11 4.7924 0.10331834172054
6EZ0 12 3.2595 0.359755443843805
6EZ0 13 3.68 0.124541801061534
6EZ0 14 2.3736 0.487194251779923
6EZ0 15 0.7267 0.39592381435761
6EZ0 16 1.8511 0.773816186303361
6EZ0 17 3.5088 0.374547103083855
6EZ0 18 1.2128 0.296981720098139
6EZ0 19 3.9942 0.185044298049199
6EZ0 20 0.928 0.195000779474253
6EZ0 21 4.0846 0.209386778025839
6EZ0 22 3.66 0.810649912979598
6EZ0 23 3.6181 0.22672596176143
6EZ0 24 3.2355 0.237127219569549
6EZ0 25 2.3272 0.246493497860411
6EZ0 26 2.1474 0.767457156686734
6EZ0 27 3.481 0.338600166922641
6EZ0 28 1.8679 0.278547352506176
6EZ0 29 0.9834 0.404846700688336
6EZ0 30 3.4442 0.28866788154493
6EZ0 31 3.7476 0.305216501795044
6EZ0 32 2.1948 0.319608488348415
6EZ0 33 3.1276 0.454812593539959
6EZ0 34 2.5904 0.339232740504603
6EZ0 35 3.1723 0.48068503605072
6EZ0 36 4.2562 0.358955063157735
6EZ0 37 3.9877 0.412037080163187
6EZ0 38 3.6752 0.457055754349006
6EZ0 39 2.2494 0.391173207361453
6EZ0 40 3.7859 0.407510844569736
6EZ0 41 1.6829 0.410454219797886
6EZ0 42 0.0995 0.442705032566123
6EZ0 43 2.6074 0.431382095101943
6EZ0 44 0.5365 0.375134285312736
6EZ0 45 1.4252 0.480074342013677
6EZ0 46 3.541 0.462372970365153
6EZ0 47 3.3585 0.478351144697833
6EZ0 48 3.0236 0.401712643964706
6EZ0 49 0.392 0.498247035827298
6EZ0 50 1.7597 0.48642968720068
6EZ0 51 4.0774 0.497152211643337
6EZ0 52 4.1534 0.495014337862226
6EZ0 53 1.6051 0.497803837498275
6EZ0 54 3.5199 0.721667017294947
6EZ0 55 4.331 0.489301501721773
6EZ0 56 3.0299 0.497729911585934
6EZ0 57 3.4837 0.4748596440832
6EZ0 58 4.337 0.59198988860516
6EZ0 59 3.9675 0.480390686807041
6EZ0 60 2.1577 0.497994807294775
6EZ0 61 2.8545 0.493653836210694
6EZ0 62 0.014 0.481344469927968
6EZ0 63 2.7222 0.627562658483041
6EZ0 64 0.6224 0.481654107286226
6EZ0 65 2.7864 0.49844596034563
6EZ0 66 2.2556 0.498988014566858
6EZ0 67 1.1147 0.450656097031637
6EZ0 68 2.1864 0.678794076113456
6EZ0 69 1.7081 0.42784308455181
6EZ0 70 2.5588 0.736397986863558
6EZ0 71 4.3336 0.498964122710858
6EZ0 72 2.3403 0.414259790906585
6EZ0 73 3.4712 0.74504695905713
6EZ0 74 2.8515 0.755995774334248
6EZ0 75 0.5298 0.497864312579958
6EZ0 76 4.5567 0.768520981842187
6EZ0 77 2.7973 0.626138166474756
6EZ0 78 3.461 0.461054108609556
6EZ0 79 2.9003 0.485180529552572
6EZ0 80 3.9639 0.483567420910524
6EZ0 81 0.1188 0.496749200024291
6EZ0 82 0.4366 0.494453371430678
6EZ0 83 0.3937 0.496640858965074
6EZ0 84 2.4041 0.467525831291014
6EZ0 85 1.3651 0.49895485077698
6EZ0 86 0.6024 0.778929482479221
6EZ0 87 4.0392 0.469767074555932
6EZ0 88 0.9586 0.498941642762793
6EZ0 89 1.8955 0.908951597102195
6EZ0 90 0.2226 0.859816326027149
6EZ0 91 0.2243 0.925692095882997
6EZ0 92 2.2267 0.939671129847319
6EZ0 93 3.5614 0.952190936796667
6EZ0 94 4.7106 0.575058275982071
6EZ0 95 2.8863 0.498372356945289
6EZ0 96 2.4919 0.981430308678522
6EZ0 97 2.7522 0.722541276571999
6EZ0 98 1.4157 1
6EZ0 99 0.1345 0.984801925346665
6EZ0 100 3.313 0.478283481932119
