6EZ0 1 1.1918 1
6EZ0 2 3.7917 0
6EZ0 3 1.4154 0
6EZ0 4 4.4854 0
6EZ0 5 2.1578 1
6EZ0 6 1.5125 0
6EZ0 7 3.983 0
6EZ0 8 2.0016 0
6EZ0 9 3.6552 0
6EZ0 10 3.439 0
6EZ0 11 4.7924 0
6EZ0 12 3.2595 0
6EZ0 13 3.68 0
6EZ0 14 2.3736 0
6EZ0 15 0.7267 0
6EZ0 16 1.8511 1
6EZ0 17 3.5088 0
6EZ0 18 1.2128 0
6EZ0 19 3.9942 0
6EZ0 20 0.928 0
6EZ0 21 4.0846 0
6EZ0 22 3.66 0
6EZ0 23 3.6181 0
6EZ0 24 3.2355 0
6EZ0 25 2.3272 0
6EZ0 26 2.1474 1
6EZ0 27 3.481 0
6EZ0 28 1.8679 0
6EZ0 29 0.9834 0
6EZ0 30 3.4442 1
6EZ0 31 3.7476 0
6EZ0 32 2.1948 0
6EZ0 33 3.1276 0
6EZ0 34 2.5904 0
6EZ0 35 3.1723 1
6EZ0 36 4.2562 0
6EZ0 37 3.9877 0
6EZ0 38 3.6752 0
6EZ0 39 2.2494 0
6EZ0 40 3.7859 0
6EZ0 41 1.6829 0
6EZ0 42 0.0995 0
6EZ0 43 2.6074 0
6EZ0 44 0.5365 1
6EZ0 45 1.4252 1
6EZ0 46 3.541 0
6EZ0 47 3.3585 1
6EZ0 48 3.0236 0
6EZ0 49 0.392 1
6EZ0 50 1.7597 1
6EZ0 51 4.0774 0
6EZ0 52 4.1534 1
6EZ0 53 1.6051 0
6EZ0 54 3.5199 0
6EZ0 55 4.331 0
6EZ0 56 3.0299 1
6EZ0 57 3.4837 0
6EZ0 58 4.337 1
6EZ0 59 3.9675 0
6EZ0 60 2.1577 0
6EZ0 61 2.8545 0
6EZ0 62 0.014 0
6EZ0 63 2.7222 1
6EZ0 64 0.6224 0
6EZ0 65 2.7864 1
6EZ0 66 2.2556 1
6EZ0 67 1.1147 0
6EZ0 68 2.1864 0
6EZ0 69 1.7081 0
6EZ0 70 2.5588 1
6EZ0 71 4.3336 0
6EZ0 72 2.3403 0
6EZ0 73 3.4712 0
6EZ0 74 2.8515 0
6EZ0 75 0.5298 0
6EZ0 76 4.5567 1
6EZ0 77 2.7973 0
6EZ0 78 3.461 0
6EZ0 79 2.9003 0
6EZ0 80 3.9639 0
6EZ0 81 0.1188 0
6EZ0 82 0.4366 1
6EZ0 83 0.3937 0
6EZ0 84 2.4041 0
6EZ0 85 1.3651 0
6EZ0 86 0.6024 0
6EZ0 87 4.0392 0
6EZ0 88 0.9586 0
6EZ0 89 1.8955 0
6EZ0 90 0.2226 0
6EZ0 91 0.2243 0
6EZ0 92 2.2267 1
6EZ0 93 3.5614 0
6EZ0 94 4.7106 0
6EZ0 95 2.8863 1
6EZ0 96 2.4919 0
6EZ0 97 2.7522 1
6EZ0 98 1.4157 0
6EZ0 99 0.1345 0
6EZ0 100 3.313 0
