5.78306
8.09749
5.86916
4.91083
7.55435
5.96046
7.71792
7.75835
5.43714
4.97534
7.50715
5.50082
5.5282
7.69332
5.74438
6.85076
7.8475
5.48474
7.61829
7.40264
5.31679
5.15544
7.24031
5.57638
5.67266
7.59917
5.46037
7.60906
5.58128
5.59437
7.62979
5.88809
7.79286
8.215
5.68433
7.3128
5.78008
7.18711
5.6296
5.13142
7.61039
5.74606
7.69302
5.41042
7.60515
5.77563
7.677
5.66206
7.15017
5.40958
4.97534
7.34492
5.83353
8.1333
7.96549
5.34834
5.3706
7.38427
5.85468
7.99199
8.26038
5.30798
5.24151
7.40672
5.54323
5.58766
7.68191
5.94264
7.48949
8.20497
5.42267
7.5329
5.4061
5.30111
7.68944
5.58332
5.64634
7.87301
5.78565
7.27368
7.91399
5.23366
5.31822
7.52088
5.90146
7.39043
8.32022
5.38509
5.18356
7.47281
5.51706
5.41736
7.73765
5.72098
7.61799
5.72331
5.85456
7.90027
5.75339
7.84807
5.90256
7.66043
7.8063
5.43565
4.96687
7.57504
5.53757
7.79297
5.57141
7.60878
