91.292
74.926
74.704
83.487
67.001
139.069
5.812
4.938
4.741
4.547
4.403
4.261
8.134
92.891
73.364
72.877
82.634
66.283
137.001
5.886
4.637
4.621
4.58
4.458
4.295
7.578
92.903
153.945
75.604
72.504
81.938
64.693
141.438
5.999
7.742
4.554
4.66
4.528
4.411
4.156
7.891
93.495
75.52
81.79
97.406
64.718
140.199
5.357
4.478
4.422
4.42
5.25
4.509
4.075
7.436
93.205
153.225
75.421
72.602
81.978
65.09
139.299
5.937
7.387
4.686
4.506
4.501
4.62
4.127
7.924
93.389
75.618
72.034
82.087
103.883
63.994
5.279
4.015
4.475
4.393
5.383
4.375
4.048
7.607
93.497
72.377
81.644
64.54
142.439
5.535
4.447
4.585
4.354
5.634
4.085
7.897
92.793
152.522
75.676
81.904
65.583
139.391
5.839
7.029
4.509
4.642
4.482
4.405
4.164
7.954
92.522
73.009
72.488
82.341
65.762
135.765
5.509
4.431
4.421
4.411
4.431
4.048
7.086
92.339
154.414
73.942
72.985
83.176
65.681
139.532
5.831
7.872
4.431
4.656
4.423
4.288
4.044
7.623
91.168
75.608
75.78
84.381
104.4
66.34
142.28
5.521
4.165
4.376
4.285
5.447
4.061
3.977
7.508
90.092
75.73
77.587
85.295
105.208
67.736
143.542
5.828
4.26
4.556
4.362
5.672
4.045
3.994
7.652
91.274
75.247
76.303
84.767
105.242
67.778
143.815
5.884
4.449
4.61
4.416
5.858
4.185
4.094
7.749
91.519
75.928
76.915
84.627
99.031
67.635
143.872
6.056
4.497
4.705
4.547
6.106
4.304
4.213
7.923
94.81
75.091
73.584
82.84
98.543
67.262
142.484
5.572
4.493
4.432
4.547
6.059
4.376
4.25
7.948
93.613
75.329
82.089
103.721
64.643
141.916
5.556
4.655
4.656
4.457
5.524
4.605
4.166
7.954
92.175
76.026
73.128
136.386
5.843
4.546
4.62
4.444
4.34
7.742
93.407
75.118
73.145
82.151
66.264
136.761
5.676
4.568
4.248
4.48
4.403
4.059
7.124
93.656
71.924
103.523
64.042
5.494
4.558
4.422
4.561
5.216
4.469
4.085
7.618
92.923
75.273
82.035
65.331
136.271
5.779
4.496
4.583
4.502
4.504
4.127
7.702
93.692
75.31
102.537
64.482
141.916
5.537
4.481
4.291
5.094
4.478
4.08
7.823
94.159
75.698
81.554
97.531
64.533
141.939
5.587
4.233
4.471
4.413
5.634
4.526
4.072
7.894
92.794
77.513
69.687
83.394
97.942
65.073
141.78
5.719
4.064
4.195
4.151
5.52
4.333
4.012
7.661
