137
5.896
4.644
4.667
4.55
4.231
7.564
153
76.12
73.3
82.39
65.8
137.8
6.033
7.362
4.628
4.66
4.526
4.509
7.858
136.3
5.655
4.565
4.206
4.474
4.367
4.012
7.038
97.12
141.6
5.515
4.313
4.45
5.263
7.664
97.76
140.9
5.509
4.6
4.411
5.48
7.687
136.2
5.694
4.477
4.503
4.087
7.536
102.8
141.5
5.533
4.545
4.576
4.431
5.103
4.079
7.726
92.71
153.8
75.83
73.17
82.55
65.61
139.8
6.01
7.274
4.509
4.568
4.524
4.446
4.155
8.046
104.1
141.3
5.52
4.247
4.577
5.386
4.091
7.519
139
5.71
4.6
4.454
7.848
97.19
140.9
5.479
4.561
4.472
5.182
4.415
4.106
7.627
136.2
5.665
4.59
4.105
4.408
4.134
7.469
153.9
139.1
5.918
7.755
4.493
4.511
4.474
4.444
4.105
7.674
93.12
75.72
72.11
82.11
104.2
64.02
139.1
5.335
4.209
4.437
4.357
5.3
4.47
4.047
7.4
137.1
5.632
4.489
4.7
7.634
154.4
142.2
5.65
7.743
4.678
4.461
4.147
4.177
3.966
8.317
154.5
140.7
5.473
7.697
4.393
4.634
4.332
3.938
7.959
91.47
155.5
76.43
73.94
82.69
65.75
141.1
5.994
8.159
4.618
4.962
4.467
4.541
4.285
8.192
137.7
4.04
4.369
4.457
4.283
3.805
7.772
102.4
141.5
5.477
4.374
5.134
7.724
97.54
141.2
5.541
4.456
4.51
4.411
5.588
4.071
7.823
136.1
5.617
4.462
4.424
4.534
4.066
7.508
97.12
140.3
5.397
4.352
4.393
4.537
5.127
4.069
7.45
154
71.97
84.87
66.52
139.6
5.839
7.161
4.183
4.533
4.405
4.449
4.055
7.929
97.41
141.8
5.589
4.113
4.493
4.371
5.408
4.236
4.042
7.434
86.12
75.08
75.02
83.44
67.71
139.5
5.63
4.703
4.68
4.555
7.849
104.2
142.2
5.659
4.508
4.607
4.623
5.563
7.847
92.67
153.3
75.65
73.04
82.23
140.1
6.022
7.232
4.564
4.709
4.547
4.207
8.25
97.25
140.4
5.406
4.384
4.486
4.405
5.181
4.432
4.049
7.467
136.1
5.695
4.644
4.544
4.409
4.097
7.487
135.9
5.723
4.638
4.374
4.456
4.492
4.07
7.209
103.8
140.5
5.536
4.172
4.54
5.427
7.743
103.6
143.2
5.641
4.501
4.538
4.412
5.617
4.091
8.088
82.21
97.83
142
5.571
4.206
4.425
4.447
5.685
4.081
7.894
