153.284
75.36
139.1
5.982
7.318
4.919
4.707
8.554
92.56
154.484
75.61
72.97
82.16
137.2
6.163
8.194
4.909
4.767
4.699
8.205
138.3
5.585
4.29
4.421
4.613
5.436
7.464
97.85
139.5
5.584
4.78
4.406
4.075
5.595
7.848
6.094
5.9
7.943
92.53
76.71
105.9
142
5.791
3.915
4.729
4.644
5.991
7.961
5.987
4.633
4.688
5.888
7.944
93.54
148.084
72.4
139.7
6.14
7.547
4.73
4.861
4.642
8.792
97.76
139.5
5.509
4.215
4.624
5.069
8.063
97.75
138.9
5.524
4.65
4.708
4.495
5.406
7.974
92.84
152.084
76.32
137.6
5.893
6.646
4.532
4.848
4.634
8.075
138.7
6.166
8.299
4.714
8.379
93.54
75.62
104.2
138.2
5.555
4.54
4.498
5.355
7.628
94.74
75.79
104.7
138.8
5.368
4.715
4.383
5.499
7.656
93.01
151.884
75.11
136.6
5.682
6.247
4.609
4.68
8.012
133.4
5.545
4.716
4.558
4.495
7.173
134.2
5.912
4.753
7.273
89.43
76.13
80.48
86.19
67.37
140.7
6.243
4.508
4.76
3.939
5.152
4.825
4.035
8.21
94.89
74.47
72.42
82.73
104.8
142.4
6.589
4.807
4.72
4.648
5.896
8.264
100.5
141.3
5.929
6.415
7.671
156.484
5.939
8.01
7.772
139
5.762
8.355
8.34
155.584
140
8.208
8.352
93.56
76.35
102.9
5.35
4.101
4.883
5.325
7.931
95.63
151.884
137.5
5.987
6.444
4.817
7.683
93.92
153.884
77.51
138.4
6.129
7.574
5.187
4.744
4.525
7.849
137.4
6.308
4.835
4.482
4.787
5.272
8.025
93.12
72.38
103.5
139.3
5.859
4.588
4.771
5.211
8.137
134.4
5.881
4.769
4.588
7.857
133.5
5.665
4.479
4.522
7.219
103.7
138.7
5.541
4.661
5.209
7.734
