5.93
4.5
4.66
4.38
8.18
5.72
4.45
4.67
7.64
5.53
4.55
4.6
4.45
5.21
7.71
5.73
4.5
4.38
4.46
7.39
5.58
4.51
4.38
5.1
7.58
5.11
4.01
4.64
4.52
5.46
7.38
6.1
8.11
4.91
4.66
4.55
4.15
4.25
7.94
4.78
4.44
4.53
4.36
4.36
7.24
5.39
4.34
4.44
4.06
4.13
7.84
5.52
4.36
4.45
4.07
5.42
7.39
5.44
4.12
4.5
4.16
5.62
7.88
5.48
4.41
4.37
4.5
5.31
7.57
5.64
4.28
4.67
4.41
4.11
4.34
7.52
5.46
4.72
4.4
4.2
4
4.02
7.98
5.61
7.79
4.39
4.61
4.27
3.91
3.94
7.97
5.99
8.16
4.65
4.97
4.46
4.25
4.26
8.19
3.61
4.44
4.2
4.21
4.09
4.29
7.93
5.72
4.47
4.43
7.17
5.8
6.83
4.3
4.45
7.78
6.08
8.14
4.65
4.42
4.51
7.82
4.71
3.89
4.75
4.37
7.46
5.85
4.51
4.43
4.17
5.93
4.16
4.16
8.04
5.94
6.67
4.63
4.39
4.53
4.19
4.19
7.6
4.62
4.54
4.35
4.33
4.04
4.04
7.21
5.37
4.29
4.41
4.33
5.4
4.05
4.05
7.64
5.72
4.46
4.409
7.63
5.52
4.3
4.17
5.21
7.64
5.71
4
4.17
5.25
7.64
