5.763
4.425
4.148
4.234
8.095
7.463
5.95
7.776
7.888
5.331
4.217
3.983
5.184
7.378
5.43
7.71
5.557
4.294
5.445
7.699
5.65
4.027
4.231
7.455
5.686
4.387
7.232
5.546
4.22
3.981
5.039
7.35
5.384
4.242
4.33
4.023
5.566
7.556
5.751
4.159
4.429
4.223
7.735
5.834
8.053
4.296
4.171
3.833
8.072
5.247
5.607
7.751
4.963
4.218
4.243
7.754
5.338
4.229
4.025
5.188
7.522
5.694
4.404
5.645
7.718
5.718
4.421
4.004
7.165
5.704
4.316
7.848
5.705
7.63
5.052
4.023
4.018
5.051
7.742
5.568
4.082
4.32
5.624
7.836
5.662
3.876
5.551
7.649
