91.58
154.972
75.698
73.2
83.8
63.778
142.865
5.96
8.1
4.83
4.62
4.38
3.95
3.84
8.25
5.79
4.34
4.63
4.49
5.66
4.13
4.13
7.81
93.08
101.3
5.51
4.54
4.43
5.8
4.15
4.15
8.04
93.78
5.56
4.36
4.44
5.72
4.13
4.13
7.89
93.88
5.4
4.3
4.43
5.47
4.04
4.04
7.76
93.58
5.44
4.32
5.32
4.03
4.03
7.82
92.88
100.9
144.137
5.55
4.37
4.53
5.5
7.84
91.98
153.272
75.698
71.5
80.2
66.978
140.065
5.71
6.85
4.52
4.49
4.44
4.37
4.11
7.95
91.18
155.272
75.398
72.8
81.2
67.078
140.365
5.25
7.94
4.41
4.36
4.25
4.19
3.95
7.63
88.98
154.672
77.498
76
83.2
68.078
141.565
5.66
7.6
4.42
4.57
4.4
4.13
3.92
8
103.2
5.96
4.35
4.68
4.48
5.82
4.11
4.09
7.74
142.737
5.82
4.55
4.54
4.5
5.89
4.23
4.2
7.84
92.08
152.272
74.098
72.7
80.3
68.178
141.065
5.88
6.59
4.59
4.58
4.54
4.39
4.3
8.18
91.88
153.172
75.598
70.1
79.3
65.978
139.465
5.83
7.32
4.52
4.57
4.44
4.5
4.13
7.73
91.88
5.48
4.4
3.98
6.95
92.38
5.62
4.5
4.43
7.03
92.48
153.772
75.698
70.3
79.4
65.878
139.365
5.89
7.6
4.56
4.45
4.4
4.43
4.02
7.5
91.58
137.265
5.46
4.31
3.96
7.17
91.28
82.1
101.4
143.137
5.62
3.98
4.09
4.06
5.26
4.21
4.21
7.52
