138.51
5.85
4.98
8.19
136.04
5.96
7.68
5.59
5.28
7.7
135.26
5.76
7.58
5.52
5.25
7.72
103.454
5.54
5.44
7.9
5.64
5.59
8.02
5.62
5.54
7.83
137.21
5.43
7.68
151.61
139.53
7.49
7.77
6.05
5.81
7.82
150.45
140.14
5.9
7.33
8.39
5.41
5.23
7.58
149.33
138.8
5.87
6.75
7.95
151.16
138.34
5.91
7.79
7.76
5.56
5.03
7.34
142.913
5.69
4.24
4.48
5.91
7.76
105.534
143.403
5.65
5.77
7.66
152.19
140.61
5.63
7.95
8
5.94
5.88
7.81
151.11
140.17
5.79
7.87
8.3
5.59
5.13
7.68
5.69
5.57
7.96
135.63
5.76
7.72
5.57
5.07
7.56
151.59
140.16
5.81
7.32
4.56
4.72
8.08
149.82
5.61
6.95
8.21
149.89
139.08
5.83
7.11
7.83
150.32
138.13
5.85
7.4
7.71
134.72
5.56
7.15
97.624
140.173
5.5
5.17
7.54
135.74
7.6
5.55
5.24
7.73
98.274
5.55
7.7
