139.41
5.82
4.91
4.77
4.52
4.27
4.46
8.16
92.81
139.77
5.92
4.52
4.19
7.51
136.15
5.77
4.49
4.09
7.22
154.19
139.15
5.97
7.89
4.08
7.65
93.21
104.01
140.58
5.33
4.1
5.33
7.55
5.59
5.59
7.77
5.58
5.63
7.74
137.26
5.71
7.86
93.84
104.03
140.78
5.42
5.39
7.69
5.67
4.57
4.5
5.51
7.84
153.31
140.05
5.82
7.73
8
5.53
5.25
7.42
5.47
5.5
7.49
5.45
5.72
7.78
5.39
5.51
7.68
153.64
139.64
5.86
6.99
7.89
90.75
5.53
5.28
7.41
90.98
105.34
143.9
6
5.89
7.86
137.7
5.72
7.85
153.84
139.92
6.02
7.83
7.88
90.6
102.74
141.65
5.88
5.02
7.61
5.55
5.6
7.68
136.21
5.61
4.42
7.54
5.27
7.75
5.47
5.46
7.65
94.59
75.93
104.78
140.8
5.59
3.77
4.52
4.36
5.76
4.09
4.5
7.77
89.25
86.93
105.44
144.81
6.09
4
4.67
4.46
5.85
4.04
4.23
8.03
5.95
4.09
4.47
3.77
6.13
2.72
3.6
7.68
94.62
75.95
69.08
142.94
5.94
4.86
5.62
4.39
4.17
4.39
7.84
92.97
69.66
138.8
4.48
4.39
4.29
4.59
4.25
4.51
8.28
136.15
5.77
4.45
4.39
4
4.44
7.2
5.78
4.31
4.4
5.2
7.68
91.55
105.03
143.9
5.89
5.83
7.86
137.97
5.78
4.9
4.56
7.82
153.84
140.32
6.02
7.81
4.56
7.96
93.34
102.53
141.65
5.55
4.97
7.6
5.67
5.51
7.64
93.04
141.28
5.63
5.53
7.74
137.7
5.73
7.82
137.27
5.86
7.4
5.9
5.97
7.76
92.1
5.75
5.72
7.79
138.49
5.81
7.55
137.75
5.9
7.59
5.83
5.76
7.79
5.95
5.57
7.68
154.87
141.9
6.09
8.12
8.34
137.72
5.61
7.86
137
5.79
7.29
5.6
5.31
7.58
137.27
5.74
7.44
136.48
5.77
7.29
136.93
5.78
7.16
102.91
5.57
5.18
7.58
5.58
5.63
7.92
5.49
5.49
7.78
5.77
5.53
7.72
