92.522
75.037
73.555
82.738
66.295
139.312
5.835
4.832
4.723
4.583
4.516
4.301
8.19
93.003
75.072
72.319
82.057
64.934
136.95
5.928
4.687
4.555
4.535
4.587
4.205
7.523
93.567
75.337
71.828
81.647
97.786
63.955
140.011
5.489
4.402
4.585
4.425
5.48
4.543
4.129
7.691
92.697
152.569
75.535
72.778
81.772
64.998
139.131
5.908
7.027
4.684
4.69
4.49
4.522
4.151
7.946
92.588
74.988
72.661
81.832
65.482
135.457
5.514
4.349
4.328
4.421
4.442
4.028
7.186
93.722
74.962
71.878
81.525
96.391
64.034
140.425
5.355
4.054
4.18
4.306
4.953
4.448
3.951
7.433
93.517
75.346
72.186
81.337
96.575
63.925
139.428
5.523
4.194
4.196
4.198
4.602
4.539
4.03
7.214
87.455
155.122
79.171
80.114
83.741
66.737
140.58
4.827
7.743
3.844
4.587
4.644
4.385
4.112
8.471
89.457
71.988
79.411
83.777
67.685
146.731
6.237
6.107
4.752
4.919
4.315
4.206
8.139
93.739
152.72
74.648
75.549
82.303
70.067
142.107
5.867
7.392
4.95
4.088
4.731
4.479
4.178
8.375
91.027
77.473
72.922
82.741
64.846
136.8
4.721
4.713
5.059
4.5
4.459
4.347
7.658
89.194
155.562
76.2
77.697
85.869
68.767
142.621
6.228
8.304
4.945
4.929
4.683
4.317
8.526
94.317
74.804
73.376
83.709
65.643
139.21
5.919
4.917
4.685
4.54
4.597
4.251
8.219
93.68
75.15
71.818
81.861
96.99
64.405
141.126
5.584
4.839
4.635
4.486
5.404
4.588
4.172
7.92
93.643
153.27
75.201
72.674
82.002
65.596
138.432
5.94
7.005
4.577
4.444
4.51
4.522
4.164
7.752
94.091
75.297
71.488
82.032
97.455
63.814
139.338
5.181
4.086
4.318
4.303
5.219
4.548
4.032
7.383
86.194
74.237
76.986
85.375
66.663
139.047
5.465
4.498
4.516
4.432
4.253
3.992
7.852
87.093
75.444
77.705
83.819
106.242
68.07
142.811
5.133
3.771
4.296
3.072
5.317
3.519
7.18
89.773
155.121
75.878
77.433
85.804
68.152
140.424
5.366
7.801
4.629
4.688
4.407
3.982
3.889
7.68
91.547
75.694
77.935
85.183
105.515
68.515
144.654
6.125
4.671
4.825
4.742
5.962
4.349
7.958
93.667
153.64
74.933
72.885
82.686
66.091
140.189
5.97
7.754
4.842
4.406
4.615
4.52
4.289
8.296
92.856
76.276
73.611
81.733
97.133
64.007
138.763
5.369
4.499
4.55
4.386
5.095
4.597
4.174
7.113
94.34
74.742
75.499
84.58
69.66
139.234
6.156
4.903
4.271
4.816
4.468
8.618
93.535
75.23
71.694
81.838
96.77
64.396
140.809
5.605
4.797
4.578
4.48
5.096
4.593
4.177
7.813
93.263
153.222
75.418
73.054
81.979
66.217
138.54
5.898
7.073
4.747
4.459
4.529
4.493
4.187
7.728
92.248
154.082
75.084
71.925
81.582
64.149
137.659
5.168
7.602
4.467
4.56
4.408
4.455
4.108
7.53
92.48
75.127
72.417
81.49
64.384
135.205
5.572
4.461
4.578
4.415
4.49
4.021
7.026
92.294
75.172
72.021
81.669
64.328
135.655
5.776
4.465
4.607
4.443
4.535
4.103
7.538
93.697
75.415
72.014
81.567
97.171
64.203
140.38
5.435
4.3
4.388
4.394
5.216
4.522
4.046
7.562
93.421
75.04
72.316
81.85
103.551
64.52
141.487
5.493
4.695
4.554
4.408
5.363
4.513
4.065
7.796
93.004
75.073
72.611
81.774
65.174
136.012
5.744
4.635
4.44
4.473
4.51
4.115
7.632
94.189
75.558
71.911
82.484
103.661
63.933
140.611
5.419
4.023
4.497
4.35
5.421
4.525
4.04
7.779
91.413
84.85
77.819
85.193
98.682
65.602
143.008
6.169
4.652
5
4.35
5.639
4.556
4.079
7.528
