93.382
74.684
73.661
82.788
66.196
137.533
5.966
5.026
4.816
4.593
4.558
4.337
8.256
92.7
74.92
73.005
81.705
65.878
134.469
5.597
4.538
4.563
4.449
4.495
4.104
7.588
97.621
140.361
5.141
7.38
90.911
78.338
73.448
81.882
66.005
135.176
5.723
4.245
5.021
4.458
7.626
93.4
151.56
76.615
78.855
79.44
68.507
138.44
6.33
7.636
4.629
5.011
4.579
4.678
4.539
8.31
92.784
75.825
74.191
84.112
103.661
65.657
144.582
6.26
4.605
5.001
4.34
4.79
4.399
7.574
92.575
74.404
73.72
82.274
67.229
133.263
5.351
4.491
4.154
4.388
4.369
4.004
6.646
93.234
74.827
134.027
5.672
4.245
6.921
92.989
103.004
141.328
5.577
4.543
4.82
7.79
92.486
75.231
72.899
81.521
65.944
133.582
5.81
4.385
4.477
4.469
4.453
7.506
93.614
74.905
72.049
81.804
103.531
140.697
5.338
4.507
4.282
4.374
5.079
7.484
93.442
105.199
141.523
5.573
4.226
5.776
8.077
93.642
98.563
141.657
5.477
5.673
7.764
93.218
74.485
72.903
81.697
133.978
5.965
4.658
4.57
4.608
7.651
94.204
96.764
141.071
5.462
5.233
7.75
94.769
97.371
141.332
5.807
5.456
7.82
88.9
152.64
77.404
79.824
85.256
67.416
139.71
5.932
7.618
4.511
4.648
4.175
4.653
3.964
8.262
89.647
75.437
78.61
83.985
105.7
67.419
143.737
5.617
4.203
4.467
4.05
5.913
3.634
7.59
90.08
153.698
74.679
75.794
83.107
68.708
138.982
5.482
7.991
4.041
4.632
4.396
4.169
4.087
7.992
91.227
154.931
74.021
83.421
66.613
138.607
5.859
8.543
4.279
4.871
4.331
4.437
4.271
7.942
89.963
153.382
78.123
72.694
85.839
66.874
138.528
5.92
8.23
4.175
4.302
4.239
4.166
4.021
8.315
92.99
98.426
142.982
5.967
4.304
5.805
7.817
93.408
74.485
72.775
82.801
65.753
135.462
5.427
4.633
4.574
4.431
4.269
4.122
7.162
93.989
97.042
141.74
5.563
5.228
7.793
93.589
103.615
142.249
5.581
4.59
5.434
7.926
93.946
97.986
141.348
5.538
5.637
7.746
94.405
75.44
73.236
82.172
105.243
64.111
140.851
5.513
3.72
4.52
4.334
5.71
4.49
4.071
7.775
89.148
74.098
77.906
86.705
105.752
67.986
144.775
6.076
4.624
3.994
4.456
5.844
4.216
4.015
8.003
89.038
98.872
142.916
5.93
4.081
4.475
3.784
6.113
3.596
2.703
7.662
94.448
76.889
76.133
82.953
69.227
140.903
5.95
4.835
5.617
4.404
4.389
4.184
7.847
93.01
74.784
74.889
82.917
69.936
137.053
4.439
4.504
4.343
4.381
4.526
4.291
8.306
92.787
151.454
75.185
72.524
81.533
137.519
5.965
7.508
4.676
4.694
4.45
7.846
92.576
74.964
65.961
133.566
5.653
4.464
4.473
4.054
7.221
93.975
97.6
140.819
5.475
5.191
7.508
93.589
75.419
72.227
81.843
104.692
65.274
140.748
5.623
4.417
4.548
4.429
5.47
4.54
4.038
7.799
93.687
151.404
75.344
71.288
81.688
64.543
138.111
6.171
6.699
4.509
5.077
4.431
4.565
4.191
8.027
87.486
153.821
76.393
74.137
86.472
68.342
139.236
5.322
7.98
4.554
4.481
4.237
4.25
3.95
8.06
94.807
73.918
71.685
82.406
102.77
67.114
144.259
5.714
4.851
4.628
4.188
5.859
4.165
4.044
8.259
94.517
74.746
72.29
83.816
64.417
137.009
5.519
4.896
4.794
4.486
4.546
4.289
7.232
93.158
152.562
75.925
72.002
83.002
64.549
139.196
6.012
7.796
4.41
5.409
4.482
4.447
4.228
8.189
92.831
99.228
140.204
5.502
5.898
7.376
92.355
151.473
75.231
81.226
136.505
5.88
7.397
4.172
4.407
7.667
93.098
97.949
139.859
5.249
5.235
7.222
93.999
98.47
140.983
5.366
5.376
7.458
93.543
74.946
72.171
81.756
104.673
65.082
140.629
5.391
4.291
4.425
4.375
5.423
4.021
7.625
92.964
150.721
75.674
85.322
65.242
137.255
5.88
6.645
4.341
4.203
4.442
4.088
7.849
92.234
97.933
141.337
5.383
5.34
7.308
