94.212
98.142
141.538
5.338
5.563
7.596
97.998
141.268
5.433
5.428
7.665
93.779
104.105
141.476
5.49
5.502
7.776
92.572
97.593
142.489
5.732
5.662
7.934
92.919
137.519
5.677
7.553
103.039
141.734
5.495
5.09
7.637
92.524
136.447
5.796
7.706
89.328
136.284
5.684
7.175
105.637
141.594
5.502
4.993
7.617
92.666
136.333
5.791
7.679
136.277
5.637
7.168
102.816
5.542
4.983
7.628
142.239
5.85
5.526
7.727
139.815
5.688
7.975
88.945
78.028
75.873
84.56
105.637
143.243
5.45
4.378
4.019
3.892
5.681
7.499
89.954
138.986
5.406
7.392
87.526
153.217
141.578
5.682
7.19
8.296
92.994
154.152
139.74
5.961
7.845
7.965
97.102
140.919
5.418
5.1
7.504
93.801
97.792
141.156
5.413
5.392
7.692
92.992
153.223
139.636
5.882
7.316
8.02
93.739
97.145
140.751
5.367
5.122
7.496
97.755
5.42
5.394
7.676
93.417
153.294
139.367
5.901
7.308
7.886
92.781
140.372
5.296
5.287
7.42
92.657
137.715
5.758
7.817
103.285
141.17
5.455
5.079
7.311
5.775
7.652
136.43
5.702
7.179
