5.545
8.039
5.181
7.451
5.946
4.511
4.46
7.866
5.319
4.262
4.311
5.179
7.363
3.888
5.415
7.722
5.44
4.008
5.431
7.69
5.652
4.01
4.53
7.438
5.684
4.355
4.302
4.015
7.199
5.57
4.342
4.472
5.046
7.365
5.515
4.362
4.742
5.568
7.513
5.472
4.281
4.371
5.506
7.719
5.752
4.152
4.241
4.211
8.153
5.218
4.406
4.45
5.248
7.64
5.006
4.219
4.711
4.265
7.817
5.359
4.26
5.144
7.528
5.701
4.383
5.645
7.718
5.707
4.417
4.409
7.146
5.681
7.857
5.718
4.425
7.575
5.568
4.354
5.027
7.714
5.43
4.36
5.61
7.816
5.663
3.9
4.132
5.528
7.624
