5.79874
4.919
8.09213
5.88136
4.919
7.55561
5.9754
7.74017
4.51522
7.77078
5.43075
4.31484
7.50582
5.52064
4.23477
7.69185
5.75639
6.8515
4.51888
7.82715
5.50281
7.66695
4.10821
7.45978
5.29963
3.86435
7.1967
5.767
7.92427
4.55827
8.05734
5.32209
4.47648
7.63266
5.7907
4.35509
7.59696
5.8355
7.57688
8.25735
5.67281
4.58281
7.27458
5.7554
4.59636
7.15691
5.61253
4.6435
7.62161
5.7513
4.6435
7.67886
5.40345
4.46077
7.60096
5.76148
4.48853
7.67132
5.68788
4.56021
7.18069
5.40429
4.53438
7.37837
5.86121
8.14709
4.45496
7.95172
5.35427
3.94098
7.38486
5.88167
7.99548
8.25515
5.35629
4.29913
7.42087
5.57484
4.31742
7.67467
5.95365
7.46592
4.30688
8.22428
5.43404
4.34907
7.59259
5.51591
4.14115
7.72058
5.60929
4.60411
7.88994
5.77398
7.29292
4.63231
7.90334
5.23347
4.10628
7.53647
5.89403
7.37798
4.58496
8.33568
5.3655
4.23972
7.47595
5.4975
4.51371
7.73703
5.89948
4.35337
7.75732
5.7697
7.88743
5.76755
4.42913
7.85644
5.91719
7.65919
4.47045
7.81204
5.43579
4.3426
7.56913
5.54069
4.19861
7.78943
5.70551
3.95712
7.61437
