92.984
75
73.426
82.932
66.943
139.637
5.83
4.73
4.51
4.46
4.28
8.24
93.644
75.32
73.506
82.222
66.113
137.267
5.9
4.58
4.53
4.52
4.19
7.62
93.964
75.35
73.076
81.752
103.249
65.323
140.699
5.57
4.56
4.47
5.14
4.57
4.12
7.72
93.374
75.38
74.216
81.892
66.843
136.557
5.76
4.5
4.49
4.47
4.15
7.69
94.294
75.101
72.826
82.032
102.749
65.253
141.395
5.45
4.45
4.42
5.04
4.58
4.14
7.76
93.784
75.53
73.076
81.752
104.049
65.233
141.359
5.6
4.7
4.56
5.554
4.15
7.93
92.864
75.72
137.127
5.68
7.7
92.034
141.257
5.94
8.06
8.13
5.32
7.33
93.524
104.229
141.549
5.376
5.47
7.6
92.024
75.56
84.072
137.337
4.28
7.74
91.874
105.199
142.709
5.65
5.65
7.706
90.594
84.242
104.988
142.479
5.64
4.31
5.54
7.64
91.204
84.142
138.307
5.63
4.36
7.82
91.044
84.722
141.937
5.83
7.94
4.47
8.14
91.664
75.63
139.637
5.65
7.824
7.82
91.294
76.52
85.002
105.319
143.019
5.77
4.39
5.68
7.69
92.314
75.97
99.019
143.499
5.84
5.91
7.76
91.904
75.36
105.269
143.029
5.78
4.51
5.79
7.81
93.414
76.16
83.352
98.759
142.679
5.69
4.41
5.86
7.7
90.804
141.877
5.85
7.53
8.14
5.53
7.68
7.74
93.144
74.8
141.787
5.85
8.14
5.25
7.61
93.294
152.404
75.56
73.426
139.807
5.76
6.63
4.75
7.98
92.944
154.034
75.59
73.156
81.582
65.203
139.367
5.84
7.58
4.63
4.46
4.58
4.12
7.87
93.704
75.4
72.866
81.442
97.649
65.123
139.809
5.28
4.44
4.36
5.17
4.47
4.04
7.44
93.364
153.804
75.45
73.286
81.752
139.717
5.89
7.42
4.64
4.44
8
94.304
75.78
72.876
81.682
97.249
65.183
140.244
5.39
4.35
4.36
5.18
4.48
4.03
7.49
93.314
77.38
70.536
83.302
98.349
65.783
141.439
5.73
4.13
4.13
5.46
4.44
4.01
7.64
