138.91
5.77
4.85
4.68
4.5
8.16
92.79
75.35
73.08
82.56
66.72
136.78
5.77
4.65
4.48
4.54
4.41
4.24
7.59
92.79
153.77
75.62
72.56
82.25
64.4
139.14
6.06
7.77
4.52
4.62
4.46
4.55
4.12
7.91
93.55
75.47
72.47
82.08
97.63
64.68
140.14
5.38
4.39
4.37
4.36
5.33
4.44
4.02
7.4
93.14
152.92
75.53
72.85
82.22
65.1
139.5
6
7.31
4.46
4.54
4.54
4.48
4.08
8.03
92.79
75.5
72.76
82.45
103.18
64.76
141.22
5.53
4.22
4.47
4.36
5.16
4.46
4.04
7.6
91.25
76.28
74.56
83.48
66.29
140.36
6.04
7.8
4.46
4.67
4.44
4.37
4.1
8.14
92.01
75.62
75.33
83.25
66.32
140.86
6.02
4.6
4.53
4.46
4.35
4.12
7.98
92.53
74.25
72.92
82.35
66.43
135.78
5.62
4.48
4.34
4.37
4.3
4.04
7.11
92.36
75.79
73.23
82.91
65.79
136.28
5.7
4.46
4.5
4.36
4.34
4.03
7.3
92.02
153.87
75.71
75.35
84.47
66.3
5.78
7.9
4.44
4.49
4.34
4.25
4.03
7.81
89.68
154.77
76.78
75.41
85.41
67.46
141.59
5.84
7.86
4.49
4.55
4.25
4.02
4.08
8.22
91.13
154.64
76.08
76.55
84.77
68.13
141.27
5.8
7.97
4.56
4.63
4.39
4.08
4
8.09
90.64
155.18
76.25
76.34
84.53
67.84
141.59
6.08
8.19
4.67
4.76
4.56
4.33
4.23
8.35
92.56
75.21
74.05
82.4
98.59
68.92
141.95
5.64
4.28
4.13
4.25
6
4.28
4.2
7.79
98.04
141.5
4.25
4.43
5.73
7.88
93.93
75.25
72.68
82.55
104.15
64.38
142.13
5.66
4.46
4.47
4.37
5.6
4.46
4.03
7.92
92.82
152.96
75.41
73.02
82.56
65.55
140.14
5.92
7.1
4.39
4.5
4.45
4.45
4.14
8.23
92.88
75.27
72.41
82.11
102.6
64.56
140.82
5.39
4.41
4.39
4.31
5.1
4.42
4.01
7.58
92.65
75.21
73.02
82.62
65.97
136.33
5.82
4.46
4.42
4.41
4.37
4.04
7.69
93.64
75.12
72.06
82.44
103.04
64.63
141.86
5.59
4.45
4.29
4.39
5.09
4.47
4.02
7.84
94.16
75.59
72.15
82.18
97.31
64.68
141.63
5.65
4.19
4.49
4.37
5.68
4.46
4.03
7.94
92.71
77.47
70.22
83.78
98.04
65.15
141.68
5.79
3.95
4.1
4.13
5.57
4.45
3.96
7.7
