5.763
4.425
4.148
4.234
8.095
7.463
5.95
7.777
7.888
5.33
4.227
3.995
5.203
7.378
5.207
7.725
5.557
4.292
5.444
7.706
5.649
4.015
4.211
7.455
5.696
4.387
7.233
5.584
4.264
3.988
5.059
7.37
5.403
4.194
4.129
4.003
5.607
7.587
5.417
4.287
3.938
3.815
5.422
7.622
5.83
8.043
4.326
4.152
4.283
8.143
5.2
5.609
7.758
5.013
4.247
4.155
7.726
5.653
4.248
4.022
5.198
7.539
5.693
4.406
5.664
7.754
5.717
4.421
4.004
7.166
5.705
4.223
7.855
5.685
7.631
5.052
4.032
4.018
5.034
7.722
5.568
4.064
4.32
5.62
7.849
5.655
3.876
5.542
7.65
