5.791
4.894
4.66
4.525
4.4
4.236
8.091
5.869
4.654
4.573
4.514
4.465
4.218
7.49
5.94
7.408
4.665
4.602
4.489
4.433
4.122
7.695
5.597
4.402
4.425
4.37
4.436
4.019
7.134
5.502
4.574
4.373
4.498
5.106
4.152
4.033
7.483
5.736
4.587
4.458
4.084
7.45
5.832
4.418
4.568
4.444
4.56
4.074
7.305
5.706
4.677
4.456
4.421
4.09
4.069
7.458
5.616
4.525
4.484
4.404
4.055
7.166
5.743
4.378
4.733
4.403
4.295
4.008
7.147
5.56
4.607
4.866
4.493
4.328
4.09
7.817
5.547
7.88
4.239
4.496
4.112
3.486
3.768
7.864
6.05
7.856
4.733
5.371
4.482
4.446
4.35
8.159
4.466
7.866
4.331
4.363
4.354
4.271
4.239
8.141
5.396
4.271
4.241
4.373
5.127
4.254
3.981
7.414
5.46
4.461
4.632
4.269
5.391
4.371
4.003
7.72
5.88
7.498
4.534
4.848
4.469
4.416
4.323
8.203
5.638
4.609
4.462
4.541
5.681
4.258
4.179
7.819
5.734
4.552
4.528
4.497
4.479
4.183
7.703
5.517
4.322
4.78
4.453
5.215
4.541
4.045
7.801
5.549
4.18
4.464
4.397
5.549
4.118
4.052
7.868
5.685
3.949
4.132
4.493
5.442
4.479
3.994
7.628
