1.24223602484472
1.194743130227
1.4903129657228
5.40540540540541
7.2992700729927
8.84955752212389
1.194743130227
1.4903129657228
5.40540540540541
7.2992700729927
8.84955752212389
1.12612612612613
1.13378684807256
1.2453300124533
6.17283950617284
5.84795321637427
9.1743119266055
1.24223602484472
1.194743130227
1.4903129657228
5.40540540540541
7.2992700729927
8.84955752212389
1.16009280742459
0.978473581213307
5.26315789473684
4.8780487804878
1.13378684807256
1.2453300124533
6.17283950617284
5.84795321637427
9.1743119266055
1.16009280742459
0.978473581213307
5.26315789473684
4.8780487804878
1.16009280742459
0.978473581213307
5.26315789473684
4.8780487804878
1.13378684807256
1.2453300124533
6.17283950617284
5.84795321637427
9.1743119266055
1.16009280742459
0.978473581213307
5.26315789473684
4.8780487804878
0.978473581213307
5.26315789473684
4.8780487804878
1.13378684807256
6.17283950617284
5.84795321637427
9.1743119266055
1.2453300124533
6.17283950617284
5.84795321637427
9.1743119266055
0.978473581213307
5.26315789473684
4.8780487804878
1.12612612612613
1.953125
0.785545954438335
1.03199174406605
1.13378684807256
1.2453300124533
6.17283950617284
6.80272108843537
9.00900900900901
10.752688172043
5.84795321637427
9.1743119266055
1.16009280742459
0.978473581213307
5.26315789473684
4.8780487804878
1.15074798619102
1.36425648021828
1.28865979381443
5.91715976331361
4.21940928270042
6.5359477124183
1.15074798619102
1.36425648021828
1.28865979381443
5.91715976331361
4.21940928270042
6.5359477124183
1.194743130227
1.4903129657228
5.40540540540541
7.2992700729927
8.84955752212389
1.24223602484472
1.194743130227
1.4903129657228
5.40540540540541
7.2992700729927
8.84955752212389
1.15074798619102
1.36425648021828
1.28865979381443
5.91715976331361
4.21940928270042
6.5359477124183
1.24223602484472
1.194743130227
1.4903129657228
5.40540540540541
7.2992700729927
8.84955752212389
1.194743130227
5.40540540540541
7.2992700729927
8.84955752212389
1.15074798619102
1.36425648021828
1.28865979381443
5.91715976331361
4.21940928270042
6.5359477124183
1.12612612612613
1.2453300124533
6.17283950617284
5.84795321637427
9.1743119266055
1.16009280742459
0.978473581213307
5.26315789473684
4.8780487804878
1.13378684807256
1.2453300124533
6.17283950617284
5.84795321637427
9.1743119266055
5.26315789473684
4.8780487804878
0.978473581213307
5.26315789473684
4.8780487804878
