1 0.000146109757169338
2 0.0267322419943613
3 0.0531771454512688
4 0.0793370461472763
5 0.10582945600586
6 0.132609557891994
7 0.158053888320228
8 0.184771560492105
9 0.491795216574229
10 0.237873449778039
11 0.459091989565923
12 0.222083621144764
13 0.749388703216431
14 0.211980636057992
15 0.452815063788523
16 0.395724788466555
17 0.291833110844591
18 0.448352164505253
19 0.447042357612413
20 0.524903037349936
21 0.724195814981419
22 0.761720251461575
23 0.704164020935285
24 0.606390233313944
25 0.658079434835572
26 0.684415449221283
27 0.707763017133426
28 0.222332554903761
29 0.409101983958269
30 0.945963244027633
31 0.533622138333429
32 0.84211354399195
33 0.362271166175467
34 0.313392330187198
35 0.919440137261738
36 0.347055121469542
37 0.973427697712392
38 1
39 0.452850613967261
40 0.989617209165818
