1 0 0.000146109757169338
2 0 0.0267322419943613
3 0 0.0531771454512688
4 0 0.0793370461472763
5 0 0.10582945600586
6 0 0.132609557891994
7 0 0.158053888320228
8 0 0.184771560492105
9 0 0.491795216574229
10 0 0.237873449778039
11 0 0.459091989565923
12 0 0.222083621144764
13 0 0.749388703216431
14 0 0.211980636057992
15 0 0.452815063788523
16 0 0.395724788466555
17 0 0.291833110844591
18 0 0.448352164505253
19 0 0.447042357612413
20 0 0.524903037349936
21 1 0.724195814981419
22 1 0.761720251461575
23 1 0.704164020935285
24 1 0.606390233313944
25 1 0.658079434835572
26 1 0.684415449221283
27 1 0.707763017133426
28 1 0.222332554903761
29 1 0.409101983958269
30 1 0.945963244027633
31 1 0.533622138333429
32 1 0.84211354399195
33 1 0.362271166175467
34 1 0.313392330187198
35 1 0.919440137261738
36 1 0.347055121469542
37 1 0.973427697712392
38 1 1
39 1 0.452850613967261
40 1 0.989617209165818
