1 0.246694572849242
2 0.641296035671716
3 0.0733934600425638
4 0.381247661338552
5 0.386926816475198
6 0.176757370682818
7 0.873967455540627
8 0.808355501095646
9 0.850492416276812
10 0.84049640083483
11 0.175116167497628
12 0.74078310413202
13 0.60834600011621
14 0.609624474323157
15 0.94726258651352
16 0.618345281296804
17 0.306139670679349
18 0.771697353188453
19 0.47357123400377
20 0.139472682792491
21 0.21992943577602
22 0.621078865124781
23 0.385044037860582
24 0.439134091727067
25 0.528953431780898
26 0.914743557072476
27 0.670845473672008
28 0.457522769871716
29 0.82866900200884
30 1
31 0.510513875927059
32 0.393882893254533
33 0.671495712567033
34 0.671724028740784
