1 0.00059929996297972
2 0.174424380202379
3 0.355976028063458
4 0.0782050582627435
5 0.104644414348176
6 0.171819403197391
7 0.0820019726899012
8 0.110442744913756
9 0.0984404457611687
10 0.23508142609995
11 0.160713598159389
12 1
13 0.336981679090713
14 0.338196857805172
15 0.310830468547087
16 0.41519739735952
17 0.416787938438651
18 0.670303691332335
19 0.411122067744927
20 0.0771669007245566
21 0.496160112423399
22 0.546701773206791
23 0.574804307156857
24 0.655831865426224
25 0.624997162625566
26 0.650382262704353
27 0.794020870773441
28 0.472735105465343
29 0.156416887488641
30 0.754026743693061
31 0.805650317620923
32 0.831256519860358
33 0.857032430016092
34 0.818082193325996
35 0.757387651476866
36 0.935300998983565
37 0.708169411853223
38 0.987129111777771
39 0.482922523091425
40 0.644317633411719
