nucleus resname resid model larmord_predCS ramsey_predCS expCS reference_flag type weight_larmord_1 weight_larmord_2 weight_ramsey_1 weight_ramsey_2 sensi_mean sensi_ramsey sensi_larmord
C1' ADE 32 2 92.4623 92.444 90.56 1 carbon 0.856 0.869 0.683 0.683 0.0519480519480519 0.0614035087719298 0.0538461538461538
C1' ADE 28 1 90.5433 90.859 88.77 0 carbon 0.856 0.869 0.683 0.683 0.0519480519480519 0.0614035087719298 0.0538461538461538
C1' ADE 25 1 91.6561 90.921 88.41 0 carbon 0.856 0.869 0.683 0.683 0.0519480519480519 0.0614035087719298 0.0538461538461538
C1' ADE 18 2 91.8701 92.199 93.76 1 carbon 0.856 0.869 0.683 0.683 0.0519480519480519 0.0614035087719298 0.0538461538461538
C1' ADE 25 2 91.7176 90.811 88.41 1 carbon 0.856 0.869 0.683 0.683 0.0519480519480519 0.0614035087719298 0.0538461538461538
C1' ADE 29 1 91.3231 92.38 94.57 0 carbon 0.856 0.869 0.683 0.683 0.0519480519480519 0.0614035087719298 0.0538461538461538
C1' ADE 31 2 91.3582 92.528 91.8 1 carbon 0.856 0.869 0.683 0.683 0.0519480519480519 0.0614035087719298 0.0538461538461538
C1' ADE 30 1 91.7207 91.402 92.58 0 carbon 0.856 0.869 0.683 0.683 0.0519480519480519 0.0614035087719298 0.0538461538461538
C1' ADE 12 2 91.4168 92.381 93.11 1 carbon 0.856 0.869 0.683 0.683 0.0519480519480519 0.0614035087719298 0.0538461538461538
C1' ADE 27 2 90.7187 91.394 87.01 1 carbon 0.856 0.869 0.683 0.683 0.0519480519480519 0.0614035087719298 0.0538461538461538
C1' ADE 16 2 89.6418 90.646 88.55 1 carbon 0.856 0.869 0.683 0.683 0.0519480519480519 0.0614035087719298 0.0538461538461538
C1' ADE 3 1 92.2021 92.386 90.5 0 carbon 0.856 0.869 0.683 0.683 0.0519480519480519 0.0614035087719298 0.0538461538461538
C1' ADE 5 2 92.1004 92.125 94.04 1 carbon 0.856 0.869 0.683 0.683 0.0519480519480519 0.0614035087719298 0.0538461538461538
C1' ADE 31 1 90.8836 91.622 91.8 0 carbon 0.856 0.869 0.683 0.683 0.0519480519480519 0.0614035087719298 0.0538461538461538
C1' ADE 16 1 89.4941 90.748 88.55 0 carbon 0.856 0.869 0.683 0.683 0.0519480519480519 0.0614035087719298 0.0538461538461538
C1' ADE 35 1 90.1841 92.423 92.72 0 carbon 0.856 0.869 0.683 0.683 0.0519480519480519 0.0614035087719298 0.0538461538461538
C1' ADE 12 1 91.7931 92.337 93.11 0 carbon 0.856 0.869 0.683 0.683 0.0519480519480519 0.0614035087719298 0.0538461538461538
C1' ADE 3 2 92.2405 92.317 90.5 1 carbon 0.856 0.869 0.683 0.683 0.0519480519480519 0.0614035087719298 0.0538461538461538
C1' ADE 29 2 91.2926 92.298 94.57 1 carbon 0.856 0.869 0.683 0.683 0.0519480519480519 0.0614035087719298 0.0538461538461538
C1' ADE 18 1 92.2279 92.11 93.76 0 carbon 0.856 0.869 0.683 0.683 0.0519480519480519 0.0614035087719298 0.0538461538461538
C1' ADE 5 1 91.8236 92.03 94.04 0 carbon 0.856 0.869 0.683 0.683 0.0519480519480519 0.0614035087719298 0.0538461538461538
C1' ADE 35 2 89.6495 92.43 92.72 1 carbon 0.856 0.869 0.683 0.683 0.0519480519480519 0.0614035087719298 0.0538461538461538
C1' ADE 32 1 92.459 92.642 90.56 0 carbon 0.856 0.869 0.683 0.683 0.0519480519480519 0.0614035087719298 0.0538461538461538
C1' ADE 28 2 90.9744 90.976 88.77 1 carbon 0.856 0.869 0.683 0.683 0.0519480519480519 0.0614035087719298 0.0538461538461538
C1' ADE 27 1 90.5832 91.328 87.01 0 carbon 0.856 0.869 0.683 0.683 0.0519480519480519 0.0614035087719298 0.0538461538461538
C1' ADE 30 2 91.8826 92.349 92.58 1 carbon 0.856 0.869 0.683 0.683 0.0519480519480519 0.0614035087719298 0.0538461538461538
C1' CYT 20 2 93.9408 93.34 94.68 1 carbon 0.856 0.805 0.683 0.561 0.0519480519480519 0.0614035087719298 0.0538461538461538
C1' CYT 33 2 94.4633 93.425 94.33 1 carbon 0.856 0.805 0.683 0.561 0.0519480519480519 0.0614035087719298 0.0538461538461538
C1' CYT 19 2 94.5006 93.276 93.88 1 carbon 0.856 0.805 0.683 0.561 0.0519480519480519 0.0614035087719298 0.0538461538461538
C1' CYT 20 1 93.3504 93.531 94.68 0 carbon 0.856 0.805 0.683 0.561 0.0519480519480519 0.0614035087719298 0.0538461538461538
C1' CYT 23 2 92.8138 93.56 93.34 1 carbon 0.856 0.805 0.683 0.561 0.0519480519480519 0.0614035087719298 0.0538461538461538
C1' CYT 19 1 94.2032 93.47 93.88 0 carbon 0.856 0.805 0.683 0.561 0.0519480519480519 0.0614035087719298 0.0538461538461538
C1' CYT 33 1 94.0949 93.534 94.33 0 carbon 0.856 0.805 0.683 0.561 0.0519480519480519 0.0614035087719298 0.0538461538461538
C1' CYT 21 1 93.5343 93.76 94.35 0 carbon 0.856 0.805 0.683 0.561 0.0519480519480519 0.0614035087719298 0.0538461538461538
C1' CYT 23 1 92.8816 93.446 93.34 0 carbon 0.856 0.805 0.683 0.561 0.0519480519480519 0.0614035087719298 0.0538461538461538
C1' CYT 21 2 93.8582 93.717 94.35 1 carbon 0.856 0.805 0.683 0.561 0.0519480519480519 0.0614035087719298 0.0538461538461538
C1' GUA 13 2 92.0329 92.353 90.89 1 carbon 0.856 0.862 0.683 0.797 0.0519480519480519 0.0614035087719298 0.0538461538461538
C1' GUA 2 2 91.6925 91.861 89.51 1 carbon 0.856 0.862 0.683 0.797 0.0519480519480519 0.0614035087719298 0.0538461538461538
C1' GUA 2 1 91.7561 91.891 89.51 0 carbon 0.856 0.862 0.683 0.797 0.0519480519480519 0.0614035087719298 0.0538461538461538
C1' GUA 7 2 92.7829 92.314 91.07 1 carbon 0.856 0.862 0.683 0.797 0.0519480519480519 0.0614035087719298 0.0538461538461538
C1' GUA 4 1 91.9782 92.708 94.51 0 carbon 0.856 0.862 0.683 0.797 0.0519480519480519 0.0614035087719298 0.0538461538461538
C1' GUA 6 2 92.0714 92.318 92.75 1 carbon 0.856 0.862 0.683 0.797 0.0519480519480519 0.0614035087719298 0.0538461538461538
C1' GUA 13 1 92.0316 92.384 90.89 0 carbon 0.856 0.862 0.683 0.797 0.0519480519480519 0.0614035087719298 0.0538461538461538
C1' GUA 4 2 91.9871 92.704 94.51 1 carbon 0.856 0.862 0.683 0.797 0.0519480519480519 0.0614035087719298 0.0538461538461538
C1' GUA 6 1 91.9835 92.248 92.75 0 carbon 0.856 0.862 0.683 0.797 0.0519480519480519 0.0614035087719298 0.0538461538461538
C1' GUA 7 1 92.2713 92.297 91.07 0 carbon 0.856 0.862 0.683 0.797 0.0519480519480519 0.0614035087719298 0.0538461538461538
C2 ADE 35 1 153.883 154.066 149.8 0 carbon 0.733 0.733 0.633 0.484 0.0303030303030303 0.0219298245614035 0.0615384615384615
C2 ADE 35 2 153.91 154.076 149.8 1 carbon 0.733 0.733 0.633 0.484 0.0303030303030303 0.0219298245614035 0.0615384615384615
C2 ADE 18 1 154.727 154.133 152.4 0 carbon 0.733 0.733 0.633 0.484 0.0303030303030303 0.0219298245614035 0.0615384615384615
C2 ADE 27 2 153.138 153.789 151.5 1 carbon 0.733 0.733 0.633 0.484 0.0303030303030303 0.0219298245614035 0.0615384615384615
C2 ADE 5 1 154.02 153.911 151.4 0 carbon 0.733 0.733 0.633 0.484 0.0303030303030303 0.0219298245614035 0.0615384615384615
C2 ADE 28 2 152.223 154.331 152.3 1 carbon 0.733 0.733 0.633 0.484 0.0303030303030303 0.0219298245614035 0.0615384615384615
C2 ADE 25 1 155.756 154.737 152.3 0 carbon 0.733 0.733 0.633 0.484 0.0303030303030303 0.0219298245614035 0.0615384615384615
C2 ADE 29 1 153.512 154.055 150.1 0 carbon 0.733 0.733 0.633 0.484 0.0303030303030303 0.0219298245614035 0.0615384615384615
C2 ADE 32 2 154.906 153.93 152.5 1 carbon 0.733 0.733 0.633 0.484 0.0303030303030303 0.0219298245614035 0.0615384615384615
C2 ADE 12 1 152.996 153.765 150.7 0 carbon 0.733 0.733 0.633 0.484 0.0303030303030303 0.0219298245614035 0.0615384615384615
C2 ADE 30 1 152.625 154.118 153.7 0 carbon 0.733 0.733 0.633 0.484 0.0303030303030303 0.0219298245614035 0.0615384615384615
C2 ADE 28 1 151.364 153.939 152.3 0 carbon 0.733 0.733 0.633 0.484 0.0303030303030303 0.0219298245614035 0.0615384615384615
C2 ADE 25 2 156.153 154.606 152.3 1 carbon 0.733 0.733 0.633 0.484 0.0303030303030303 0.0219298245614035 0.0615384615384615
C2 ADE 12 2 152.501 154.031 150.7 1 carbon 0.733 0.733 0.633 0.484 0.0303030303030303 0.0219298245614035 0.0615384615384615
C2 ADE 18 2 154.384 154.107 152.4 1 carbon 0.733 0.733 0.633 0.484 0.0303030303030303 0.0219298245614035 0.0615384615384615
C2 ADE 3 1 151.653 153.924 150.9 0 carbon 0.733 0.733 0.633 0.484 0.0303030303030303 0.0219298245614035 0.0615384615384615
C2 ADE 3 2 152.043 153.962 150.9 1 carbon 0.733 0.733 0.633 0.484 0.0303030303030303 0.0219298245614035 0.0615384615384615
C2 ADE 5 2 153.878 153.74 151.4 1 carbon 0.733 0.733 0.633 0.484 0.0303030303030303 0.0219298245614035 0.0615384615384615
C2 ADE 16 2 155.3 154.088 151.4 1 carbon 0.733 0.733 0.633 0.484 0.0303030303030303 0.0219298245614035 0.0615384615384615
C2 ADE 32 1 154.84 153.965 152.5 0 carbon 0.733 0.733 0.633 0.484 0.0303030303030303 0.0219298245614035 0.0615384615384615
C2 ADE 27 1 153.381 153.864 151.5 0 carbon 0.733 0.733 0.633 0.484 0.0303030303030303 0.0219298245614035 0.0615384615384615
C2 ADE 29 2 153.664 154.359 150.1 1 carbon 0.733 0.733 0.633 0.484 0.0303030303030303 0.0219298245614035 0.0615384615384615
C2 ADE 16 1 155.091 153.773 151.4 0 carbon 0.733 0.733 0.633 0.484 0.0303030303030303 0.0219298245614035 0.0615384615384615
C2 ADE 30 2 152.665 154.048 153.7 1 carbon 0.733 0.733 0.633 0.484 0.0303030303030303 0.0219298245614035 0.0615384615384615
C2' ADE 29 2 75.9959 75.935 74.86 1 carbon 0.532 0.489 0.489 0.462 0.00865800865800866 0.0043859649122807 0.0153846153846154
C2' ADE 18 2 75.9563 75.833 75.35 1 carbon 0.532 0.489 0.489 0.462 0.00865800865800866 0.0043859649122807 0.0153846153846154
C2' ADE 25 2 76.1784 75.923 78.13 1 carbon 0.532 0.489 0.489 0.462 0.00865800865800866 0.0043859649122807 0.0153846153846154
C2' ADE 27 2 76.0819 75.977 74.44 1 carbon 0.532 0.489 0.489 0.462 0.00865800865800866 0.0043859649122807 0.0153846153846154
C2' ADE 28 1 76.009 76.122 76.09 0 carbon 0.532 0.489 0.489 0.462 0.00865800865800866 0.0043859649122807 0.0153846153846154
C2' ADE 5 1 74.5546 75.736 75.79 0 carbon 0.532 0.489 0.489 0.462 0.00865800865800866 0.0043859649122807 0.0153846153846154
C2' ADE 16 2 76.7932 75.825 76.5 1 carbon 0.532 0.489 0.489 0.462 0.00865800865800866 0.0043859649122807 0.0153846153846154
C2' ADE 35 2 76.1358 75.841 75.82 1 carbon 0.532 0.489 0.489 0.462 0.00865800865800866 0.0043859649122807 0.0153846153846154
C2' ADE 16 1 76.5441 75.892 76.5 0 carbon 0.532 0.489 0.489 0.462 0.00865800865800866 0.0043859649122807 0.0153846153846154
C2' ADE 35 1 75.6849 75.686 75.82 0 carbon 0.532 0.489 0.489 0.462 0.00865800865800866 0.0043859649122807 0.0153846153846154
C2' ADE 12 1 75.7408 75.854 75.61 0 carbon 0.532 0.489 0.489 0.462 0.00865800865800866 0.0043859649122807 0.0153846153846154
C2' ADE 5 2 75.2314 75.852 75.79 1 carbon 0.532 0.489 0.489 0.462 0.00865800865800866 0.0043859649122807 0.0153846153846154
C2' ADE 29 1 76.0063 75.844 74.86 0 carbon 0.532 0.489 0.489 0.462 0.00865800865800866 0.0043859649122807 0.0153846153846154
C2' ADE 18 1 75.9922 75.875 75.35 0 carbon 0.532 0.489 0.489 0.462 0.00865800865800866 0.0043859649122807 0.0153846153846154
C2' ADE 28 2 76.0936 76.042 76.09 1 carbon 0.532 0.489 0.489 0.462 0.00865800865800866 0.0043859649122807 0.0153846153846154
C2' ADE 25 1 76.1462 75.899 78.13 0 carbon 0.532 0.489 0.489 0.462 0.00865800865800866 0.0043859649122807 0.0153846153846154
C2' ADE 3 1 75.056 75.459 75.06 0 carbon 0.532 0.489 0.489 0.462 0.00865800865800866 0.0043859649122807 0.0153846153846154
C2' ADE 12 2 75.192 76.055 75.61 1 carbon 0.532 0.489 0.489 0.462 0.00865800865800866 0.0043859649122807 0.0153846153846154
C2' ADE 30 2 76.051 75.985 76.87 1 carbon 0.532 0.489 0.489 0.462 0.00865800865800866 0.0043859649122807 0.0153846153846154
C2' ADE 3 2 75.0911 75.497 75.06 1 carbon 0.532 0.489 0.489 0.462 0.00865800865800866 0.0043859649122807 0.0153846153846154
C2' ADE 27 1 76.2519 76.002 74.44 0 carbon 0.532 0.489 0.489 0.462 0.00865800865800866 0.0043859649122807 0.0153846153846154
C2' ADE 30 1 75.9791 75.974 76.87 0 carbon 0.532 0.489 0.489 0.462 0.00865800865800866 0.0043859649122807 0.0153846153846154
C2' CYT 23 2 74.1696 75.455 75.51 1 carbon 0.532 0.532 0.489 0.452 0.00865800865800866 0.0043859649122807 0.0153846153846154
C2' CYT 20 2 74.6601 75.416 74.2 1 carbon 0.532 0.532 0.489 0.452 0.00865800865800866 0.0043859649122807 0.0153846153846154
C2' CYT 33 2 75.1164 75.405 75.36 1 carbon 0.532 0.532 0.489 0.452 0.00865800865800866 0.0043859649122807 0.0153846153846154
C2' CYT 33 1 75.0284 75.317 75.36 0 carbon 0.532 0.532 0.489 0.452 0.00865800865800866 0.0043859649122807 0.0153846153846154
C2' CYT 23 1 74.3155 75.556 75.51 0 carbon 0.532 0.532 0.489 0.452 0.00865800865800866 0.0043859649122807 0.0153846153846154
C2' CYT 21 1 74.9321 75.327 73.73 0 carbon 0.532 0.532 0.489 0.452 0.00865800865800866 0.0043859649122807 0.0153846153846154
C2' CYT 21 2 75.0947 75.47 73.73 1 carbon 0.532 0.532 0.489 0.452 0.00865800865800866 0.0043859649122807 0.0153846153846154
C2' CYT 19 2 75.1845 75.476 75.61 1 carbon 0.532 0.532 0.489 0.452 0.00865800865800866 0.0043859649122807 0.0153846153846154
C2' CYT 19 1 74.9727 75.383 75.61 0 carbon 0.532 0.532 0.489 0.452 0.00865800865800866 0.0043859649122807 0.0153846153846154
C2' CYT 20 1 74.9527 75.597 74.2 0 carbon 0.532 0.532 0.489 0.452 0.00865800865800866 0.0043859649122807 0.0153846153846154
C2' GUA 13 1 76.8967 75.55 76.57 0 carbon 0.532 0.582 0.489 0.604 0.00865800865800866 0.0043859649122807 0.0153846153846154
C2' GUA 2 2 75.3359 75.556 74.84 1 carbon 0.532 0.582 0.489 0.604 0.00865800865800866 0.0043859649122807 0.0153846153846154
C2' GUA 7 1 76.3703 75.575 77.29 0 carbon 0.532 0.582 0.489 0.604 0.00865800865800866 0.0043859649122807 0.0153846153846154
C2' GUA 6 2 75.3383 75.557 74.49 1 carbon 0.532 0.582 0.489 0.604 0.00865800865800866 0.0043859649122807 0.0153846153846154
C2' GUA 6 1 75.2653 75.506 74.49 0 carbon 0.532 0.582 0.489 0.604 0.00865800865800866 0.0043859649122807 0.0153846153846154
C2' GUA 2 1 75.2643 75.475 74.84 0 carbon 0.532 0.582 0.489 0.604 0.00865800865800866 0.0043859649122807 0.0153846153846154
C2' GUA 7 2 75.1473 75.605 77.29 1 carbon 0.532 0.582 0.489 0.604 0.00865800865800866 0.0043859649122807 0.0153846153846154
C2' GUA 4 2 75.187 75.174 75 1 carbon 0.532 0.582 0.489 0.604 0.00865800865800866 0.0043859649122807 0.0153846153846154
C2' GUA 13 2 76.392 75.662 76.57 1 carbon 0.532 0.582 0.489 0.604 0.00865800865800866 0.0043859649122807 0.0153846153846154
C2' GUA 4 1 75.0816 75.057 75 0 carbon 0.532 0.582 0.489 0.604 0.00865800865800866 0.0043859649122807 0.0153846153846154
C3' ADE 12 1 75.8596 74.185 72.64 0 carbon 1.091 1.11 0.933 0.936 0.0562770562770563 0.0614035087719298 0.0692307692307692
C3' ADE 25 2 75.7751 76.081 80.24 1 carbon 1.091 1.11 0.933 0.936 0.0562770562770563 0.0614035087719298 0.0692307692307692
C3' ADE 29 2 74.4885 74.035 74.14 1 carbon 1.091 1.11 0.933 0.936 0.0562770562770563 0.0614035087719298 0.0692307692307692
C3' ADE 28 1 76.2636 75.31 76.58 0 carbon 1.091 1.11 0.933 0.936 0.0562770562770563 0.0614035087719298 0.0692307692307692
C3' ADE 29 1 74.5316 74.114 74.14 0 carbon 1.091 1.11 0.933 0.936 0.0562770562770563 0.0614035087719298 0.0692307692307692
C3' ADE 35 2 74.1027 74.356 72.63 1 carbon 1.091 1.11 0.933 0.936 0.0562770562770563 0.0614035087719298 0.0692307692307692
C3' ADE 30 2 73.4362 73.395 73.18 1 carbon 1.091 1.11 0.933 0.936 0.0562770562770563 0.0614035087719298 0.0692307692307692
C3' ADE 16 2 77 76.044 78.99 1 carbon 1.091 1.11 0.933 0.936 0.0562770562770563 0.0614035087719298 0.0692307692307692
C3' ADE 27 1 76.2969 75.301 77.91 0 carbon 1.091 1.11 0.933 0.936 0.0562770562770563 0.0614035087719298 0.0692307692307692
C3' ADE 5 1 73.4982 74.612 72.01 0 carbon 1.091 1.11 0.933 0.936 0.0562770562770563 0.0614035087719298 0.0692307692307692
C3' ADE 35 1 73.7584 74.762 72.63 0 carbon 1.091 1.11 0.933 0.936 0.0562770562770563 0.0614035087719298 0.0692307692307692
C3' ADE 3 1 73.7986 74.174 75.21 0 carbon 1.091 1.11 0.933 0.936 0.0562770562770563 0.0614035087719298 0.0692307692307692
C3' ADE 16 1 77.0369 75.865 78.99 0 carbon 1.091 1.11 0.933 0.936 0.0562770562770563 0.0614035087719298 0.0692307692307692
C3' ADE 18 1 73.8069 73.854 73.73 0 carbon 1.091 1.11 0.933 0.936 0.0562770562770563 0.0614035087719298 0.0692307692307692
C3' ADE 27 2 76.1862 75.108 77.91 1 carbon 1.091 1.11 0.933 0.936 0.0562770562770563 0.0614035087719298 0.0692307692307692
C3' ADE 25 1 75.8772 75.913 80.24 0 carbon 1.091 1.11 0.933 0.936 0.0562770562770563 0.0614035087719298 0.0692307692307692
C3' ADE 31 1 74.6006 75.259 75.9 0 carbon 1.091 1.11 0.933 0.936 0.0562770562770563 0.0614035087719298 0.0692307692307692
C3' ADE 30 1 75.2314 75.048 73.18 0 carbon 1.091 1.11 0.933 0.936 0.0562770562770563 0.0614035087719298 0.0692307692307692
C3' ADE 5 2 73.7278 73.217 72.01 1 carbon 1.091 1.11 0.933 0.936 0.0562770562770563 0.0614035087719298 0.0692307692307692
C3' ADE 3 2 73.8621 74.177 75.21 1 carbon 1.091 1.11 0.933 0.936 0.0562770562770563 0.0614035087719298 0.0692307692307692
C3' ADE 28 2 75.8503 75.652 76.58 1 carbon 1.091 1.11 0.933 0.936 0.0562770562770563 0.0614035087719298 0.0692307692307692
C3' ADE 31 2 73.6616 74.018 75.9 1 carbon 1.091 1.11 0.933 0.936 0.0562770562770563 0.0614035087719298 0.0692307692307692
C3' ADE 12 2 73.4831 73.94 72.64 1 carbon 1.091 1.11 0.933 0.936 0.0562770562770563 0.0614035087719298 0.0692307692307692
C3' ADE 18 2 74.4038 73.834 73.73 1 carbon 1.091 1.11 0.933 0.936 0.0562770562770563 0.0614035087719298 0.0692307692307692
C3' CYT 20 2 71.7312 73.168 71.75 1 carbon 1.091 0.963 0.933 0.912 0.0562770562770563 0.0614035087719298 0.0692307692307692
C3' CYT 23 1 72.4121 72.607 73.42 0 carbon 1.091 0.963 0.933 0.912 0.0562770562770563 0.0614035087719298 0.0692307692307692
C3' CYT 33 1 71.4142 74.117 72.72 0 carbon 1.091 0.963 0.933 0.912 0.0562770562770563 0.0614035087719298 0.0692307692307692
C3' CYT 23 2 72.1384 72.666 73.42 1 carbon 1.091 0.963 0.933 0.912 0.0562770562770563 0.0614035087719298 0.0692307692307692
C3' CYT 19 2 71.9856 74.188 72.14 1 carbon 1.091 0.963 0.933 0.912 0.0562770562770563 0.0614035087719298 0.0692307692307692
C3' CYT 20 1 71.4537 73.494 71.75 0 carbon 1.091 0.963 0.933 0.912 0.0562770562770563 0.0614035087719298 0.0692307692307692
C3' CYT 21 2 71.5325 72.869 71.38 1 carbon 1.091 0.963 0.933 0.912 0.0562770562770563 0.0614035087719298 0.0692307692307692
C3' CYT 21 1 71.3889 73.348 71.38 0 carbon 1.091 0.963 0.933 0.912 0.0562770562770563 0.0614035087719298 0.0692307692307692
C3' CYT 33 2 71.4293 73.968 72.72 1 carbon 1.091 0.963 0.933 0.912 0.0562770562770563 0.0614035087719298 0.0692307692307692
C3' CYT 19 1 72.2253 73.993 72.14 0 carbon 1.091 0.963 0.933 0.912 0.0562770562770563 0.0614035087719298 0.0692307692307692
C3' GUA 13 2 73.7789 73.564 73.2 1 carbon 1.091 1.038 0.933 0.936 0.0562770562770563 0.0614035087719298 0.0692307692307692
C3' GUA 13 1 75.702 73.605 73.2 0 carbon 1.091 1.038 0.933 0.936 0.0562770562770563 0.0614035087719298 0.0692307692307692
C3' GUA 2 2 73.0139 74.877 77.11 1 carbon 1.091 1.038 0.933 0.936 0.0562770562770563 0.0614035087719298 0.0692307692307692
C3' GUA 4 2 74.6481 74.036 73.18 1 carbon 1.091 1.038 0.933 0.936 0.0562770562770563 0.0614035087719298 0.0692307692307692
C3' GUA 4 1 74.2371 73.878 73.18 0 carbon 1.091 1.038 0.933 0.936 0.0562770562770563 0.0614035087719298 0.0692307692307692
C3' GUA 7 2 74.3232 73.394 73.54 1 carbon 1.091 1.038 0.933 0.936 0.0562770562770563 0.0614035087719298 0.0692307692307692
C3' GUA 6 1 72.5465 73.67 73.51 0 carbon 1.091 1.038 0.933 0.936 0.0562770562770563 0.0614035087719298 0.0692307692307692
C3' GUA 2 1 73.0464 74.827 77.11 0 carbon 1.091 1.038 0.933 0.936 0.0562770562770563 0.0614035087719298 0.0692307692307692
C3' GUA 6 2 73.0516 73.657 73.51 1 carbon 1.091 1.038 0.933 0.936 0.0562770562770563 0.0614035087719298 0.0692307692307692
C3' GUA 7 1 77.2171 72.943 73.54 0 carbon 1.091 1.038 0.933 0.936 0.0562770562770563 0.0614035087719298 0.0692307692307692
C4' ADE 12 1 83.3482 83.859 81.84 0 carbon 0.808 0.838 0.593 0.636 0.0346320346320346 0.0745614035087719 0.0423076923076923
C4' ADE 30 2 82.9093 82.959 82.41 1 carbon 0.808 0.838 0.593 0.636 0.0346320346320346 0.0745614035087719 0.0423076923076923
C4' ADE 18 1 82.8755 83.303 83.23 0 carbon 0.808 0.838 0.593 0.636 0.0346320346320346 0.0745614035087719 0.0423076923076923
C4' ADE 3 2 82.997 82.837 83.52 1 carbon 0.808 0.838 0.593 0.636 0.0346320346320346 0.0745614035087719 0.0423076923076923
C4' ADE 3 1 82.969 82.899 83.52 0 carbon 0.808 0.838 0.593 0.636 0.0346320346320346 0.0745614035087719 0.0423076923076923
C4' ADE 27 2 84.3086 84.172 85.73 1 carbon 0.808 0.838 0.593 0.636 0.0346320346320346 0.0745614035087719 0.0423076923076923
C4' ADE 16 2 83.9872 84.943 87.27 1 carbon 0.808 0.838 0.593 0.636 0.0346320346320346 0.0745614035087719 0.0423076923076923
C4' ADE 30 1 83.2618 83.853 82.41 0 carbon 0.808 0.838 0.593 0.636 0.0346320346320346 0.0745614035087719 0.0423076923076923
C4' ADE 31 2 82.7618 83.048 84.4 1 carbon 0.808 0.838 0.593 0.636 0.0346320346320346 0.0745614035087719 0.0423076923076923
C4' ADE 31 1 82.9982 84.376 84.4 0 carbon 0.808 0.838 0.593 0.636 0.0346320346320346 0.0745614035087719 0.0423076923076923
C4' ADE 5 2 81.913 82.93 81.99 1 carbon 0.808 0.838 0.593 0.636 0.0346320346320346 0.0745614035087719 0.0423076923076923
C4' ADE 16 1 84.2006 84.867 87.27 0 carbon 0.808 0.838 0.593 0.636 0.0346320346320346 0.0745614035087719 0.0423076923076923
C4' ADE 29 1 83.555 83.057 84.09 0 carbon 0.808 0.838 0.593 0.636 0.0346320346320346 0.0745614035087719 0.0423076923076923
C4' ADE 28 2 83.8342 84.593 85.59 1 carbon 0.808 0.838 0.593 0.636 0.0346320346320346 0.0745614035087719 0.0423076923076923
C4' ADE 29 2 83.7272 83.224 84.09 1 carbon 0.808 0.838 0.593 0.636 0.0346320346320346 0.0745614035087719 0.0423076923076923
C4' ADE 28 1 83.8734 84.421 85.59 0 carbon 0.808 0.838 0.593 0.636 0.0346320346320346 0.0745614035087719 0.0423076923076923
C4' ADE 5 1 81.2125 83.123 81.99 0 carbon 0.808 0.838 0.593 0.636 0.0346320346320346 0.0745614035087719 0.0423076923076923
C4' ADE 25 1 84.1413 84.543 83.67 0 carbon 0.808 0.838 0.593 0.636 0.0346320346320346 0.0745614035087719 0.0423076923076923
C4' ADE 35 2 81.5161 83.509 81.68 1 carbon 0.808 0.838 0.593 0.636 0.0346320346320346 0.0745614035087719 0.0423076923076923
C4' ADE 25 2 83.816 84.546 83.67 1 carbon 0.808 0.838 0.593 0.636 0.0346320346320346 0.0745614035087719 0.0423076923076923
C4' ADE 18 2 83.036 83.187 83.23 1 carbon 0.808 0.838 0.593 0.636 0.0346320346320346 0.0745614035087719 0.0423076923076923
C4' ADE 27 1 84.4831 84.514 85.73 0 carbon 0.808 0.838 0.593 0.636 0.0346320346320346 0.0745614035087719 0.0423076923076923
C4' ADE 35 1 81.7807 83.621 81.68 0 carbon 0.808 0.838 0.593 0.636 0.0346320346320346 0.0745614035087719 0.0423076923076923
C4' ADE 12 2 82.3513 83.07 81.84 1 carbon 0.808 0.838 0.593 0.636 0.0346320346320346 0.0745614035087719 0.0423076923076923
C4' CYT 33 1 82.1965 83.09 81.7 0 carbon 0.808 0.749 0.593 0.397 0.0346320346320346 0.0745614035087719 0.0423076923076923
C4' CYT 20 1 81.6058 82.47 82.54 0 carbon 0.808 0.749 0.593 0.397 0.0346320346320346 0.0745614035087719 0.0423076923076923
C4' CYT 33 2 82.1329 83.062 81.7 1 carbon 0.808 0.749 0.593 0.397 0.0346320346320346 0.0745614035087719 0.0423076923076923
C4' CYT 21 2 82.1036 82.373 81.78 1 carbon 0.808 0.749 0.593 0.397 0.0346320346320346 0.0745614035087719 0.0423076923076923
C4' CYT 23 2 81.8681 82.651 81.71 1 carbon 0.808 0.749 0.593 0.397 0.0346320346320346 0.0745614035087719 0.0423076923076923
C4' CYT 21 1 82.5272 82.803 81.78 0 carbon 0.808 0.749 0.593 0.397 0.0346320346320346 0.0745614035087719 0.0423076923076923
C4' CYT 23 1 82.0214 82.412 81.71 0 carbon 0.808 0.749 0.593 0.397 0.0346320346320346 0.0745614035087719 0.0423076923076923
C4' CYT 19 1 82.0065 83.218 81.85 0 carbon 0.808 0.749 0.593 0.397 0.0346320346320346 0.0745614035087719 0.0423076923076923
C4' CYT 20 2 81.0685 82.532 82.54 1 carbon 0.808 0.749 0.593 0.397 0.0346320346320346 0.0745614035087719 0.0423076923076923
C4' CYT 19 2 82.0458 82.998 81.85 1 carbon 0.808 0.749 0.593 0.397 0.0346320346320346 0.0745614035087719 0.0423076923076923
C4' GUA 7 2 83.4199 82.794 82.39 1 carbon 0.808 0.704 0.593 0.653 0.0346320346320346 0.0745614035087719 0.0423076923076923
C4' GUA 13 1 83.4279 83.021 82.01 0 carbon 0.808 0.704 0.593 0.653 0.0346320346320346 0.0745614035087719 0.0423076923076923
C4' GUA 6 1 81.588 82.357 81.77 0 carbon 0.808 0.704 0.593 0.653 0.0346320346320346 0.0745614035087719 0.0423076923076923
C4' GUA 13 2 79.4189 83.321 82.01 1 carbon 0.808 0.704 0.593 0.653 0.0346320346320346 0.0745614035087719 0.0423076923076923
C4' GUA 4 1 82.9385 82.746 82.96 0 carbon 0.808 0.704 0.593 0.653 0.0346320346320346 0.0745614035087719 0.0423076923076923
C4' GUA 6 2 82.1582 82.12 81.77 1 carbon 0.808 0.704 0.593 0.653 0.0346320346320346 0.0745614035087719 0.0423076923076923
C4' GUA 2 1 83.1441 82.762 84.63 0 carbon 0.808 0.704 0.593 0.653 0.0346320346320346 0.0745614035087719 0.0423076923076923
C4' GUA 4 2 83.1698 82.708 82.96 1 carbon 0.808 0.704 0.593 0.653 0.0346320346320346 0.0745614035087719 0.0423076923076923
C4' GUA 2 2 83.112 83.804 84.63 1 carbon 0.808 0.704 0.593 0.653 0.0346320346320346 0.0745614035087719 0.0423076923076923
C4' GUA 7 1 83.8606 83.105 82.39 0 carbon 0.808 0.704 0.593 0.653 0.0346320346320346 0.0745614035087719 0.0423076923076923
C5 CYT 19 2 97.2339 98.651 97.06 1 carbon 0.859 0.837 0.693 0.452 0.731601731601732 0.780701754385965 0.676923076923077
C5 CYT 10 2 99.512 99.319 98.16 1 carbon 0.859 0.837 0.693 0.452 0.731601731601732 0.780701754385965 0.676923076923077
C5 CYT 21 1 95.7383 98.339 97.01 0 carbon 0.859 0.837 0.693 0.452 0.731601731601732 0.780701754385965 0.676923076923077
C5 CYT 33 2 97.5947 98.536 97.58 1 carbon 0.859 0.837 0.693 0.452 0.731601731601732 0.780701754385965 0.676923076923077
C5 CYT 20 1 97.1829 98.44 97.16 0 carbon 0.859 0.837 0.693 0.452 0.731601731601732 0.780701754385965 0.676923076923077
C5 CYT 19 1 97.0205 98.674 97.06 0 carbon 0.859 0.837 0.693 0.452 0.731601731601732 0.780701754385965 0.676923076923077
C5 CYT 10 1 99.1884 99.247 98.16 0 carbon 0.859 0.837 0.693 0.452 0.731601731601732 0.780701754385965 0.676923076923077
C5 CYT 21 2 97.4409 98.234 97.01 1 carbon 0.859 0.837 0.693 0.452 0.731601731601732 0.780701754385965 0.676923076923077
C5 CYT 23 1 97.2694 98.309 97.19 0 carbon 0.859 0.837 0.693 0.452 0.731601731601732 0.780701754385965 0.676923076923077
C5 CYT 23 2 97.3059 98.368 97.19 1 carbon 0.859 0.837 0.693 0.452 0.731601731601732 0.780701754385965 0.676923076923077
C5 CYT 20 2 98.0865 98.573 97.16 1 carbon 0.859 0.837 0.693 0.452 0.731601731601732 0.780701754385965 0.676923076923077
C5 CYT 33 1 97.9316 98.536 97.58 0 carbon 0.859 0.837 0.693 0.452 0.731601731601732 0.780701754385965 0.676923076923077
C5' ADE 5 2 65.255 65.651 64.57 1 carbon 0.847 0.847 0.798 0.818 0.0519480519480519 0.0526315789473684 0.0730769230769231
C5' ADE 3 2 67.4221 66.629 67.05 1 carbon 0.847 0.847 0.798 0.818 0.0519480519480519 0.0526315789473684 0.0730769230769231
C5' ADE 25 1 68.4352 67.139 68.83 0 carbon 0.847 0.847 0.798 0.818 0.0519480519480519 0.0526315789473684 0.0730769230769231
C5' ADE 3 1 67.3356 66.656 67.05 0 carbon 0.847 0.847 0.798 0.818 0.0519480519480519 0.0526315789473684 0.0730769230769231
C5' ADE 35 1 65.1311 66.928 64.4 0 carbon 0.847 0.847 0.798 0.818 0.0519480519480519 0.0526315789473684 0.0730769230769231
C5' ADE 28 1 67.5226 66.753 69.05 0 carbon 0.847 0.847 0.798 0.818 0.0519480519480519 0.0526315789473684 0.0730769230769231
C5' ADE 18 1 68.0708 66.532 66.87 0 carbon 0.847 0.847 0.798 0.818 0.0519480519480519 0.0526315789473684 0.0730769230769231
C5' ADE 27 2 67.1723 66.298 67.54 1 carbon 0.847 0.847 0.798 0.818 0.0519480519480519 0.0526315789473684 0.0730769230769231
C5' ADE 16 1 66.5446 66.684 68.34 0 carbon 0.847 0.847 0.798 0.818 0.0519480519480519 0.0526315789473684 0.0730769230769231
C5' ADE 28 2 67.1302 66.633 69.05 1 carbon 0.847 0.847 0.798 0.818 0.0519480519480519 0.0526315789473684 0.0730769230769231
C5' ADE 25 2 68.2013 67.239 68.83 1 carbon 0.847 0.847 0.798 0.818 0.0519480519480519 0.0526315789473684 0.0730769230769231
C5' ADE 30 1 66.9763 66.209 64.61 0 carbon 0.847 0.847 0.798 0.818 0.0519480519480519 0.0526315789473684 0.0730769230769231
C5' ADE 12 2 66.0758 66.121 65.04 1 carbon 0.847 0.847 0.798 0.818 0.0519480519480519 0.0526315789473684 0.0730769230769231
C5' ADE 18 2 68.1814 66.691 66.87 1 carbon 0.847 0.847 0.798 0.818 0.0519480519480519 0.0526315789473684 0.0730769230769231
C5' ADE 35 2 62.9807 66.376 64.4 1 carbon 0.847 0.847 0.798 0.818 0.0519480519480519 0.0526315789473684 0.0730769230769231
C5' ADE 16 2 66.9133 66.88 68.34 1 carbon 0.847 0.847 0.798 0.818 0.0519480519480519 0.0526315789473684 0.0730769230769231
C5' ADE 27 1 66.9087 66.54 67.54 0 carbon 0.847 0.847 0.798 0.818 0.0519480519480519 0.0526315789473684 0.0730769230769231
C5' ADE 29 2 67.3329 66.299 68.82 1 carbon 0.847 0.847 0.798 0.818 0.0519480519480519 0.0526315789473684 0.0730769230769231
C5' ADE 12 1 66.5645 66.262 65.04 0 carbon 0.847 0.847 0.798 0.818 0.0519480519480519 0.0526315789473684 0.0730769230769231
C5' ADE 30 2 67.9663 66.241 64.61 1 carbon 0.847 0.847 0.798 0.818 0.0519480519480519 0.0526315789473684 0.0730769230769231
C5' ADE 5 1 65.1978 66.174 64.57 0 carbon 0.847 0.847 0.798 0.818 0.0519480519480519 0.0526315789473684 0.0730769230769231
C5' ADE 29 1 67.2636 66.382 68.82 0 carbon 0.847 0.847 0.798 0.818 0.0519480519480519 0.0526315789473684 0.0730769230769231
C5' CYT 19 1 65.1429 65.181 64.55 0 carbon 0.847 0.595 0.798 0.69 0.0519480519480519 0.0526315789473684 0.0730769230769231
C5' CYT 20 1 64.4596 65.535 63.83 0 carbon 0.847 0.595 0.798 0.69 0.0519480519480519 0.0526315789473684 0.0730769230769231
C5' CYT 20 2 64.4435 65.144 63.83 1 carbon 0.847 0.595 0.798 0.69 0.0519480519480519 0.0526315789473684 0.0730769230769231
C5' CYT 23 2 65.1409 65.055 63.35 1 carbon 0.847 0.595 0.798 0.69 0.0519480519480519 0.0526315789473684 0.0730769230769231
C5' CYT 33 1 65.4826 66.813 97.47 0 carbon 0.847 0.595 0.798 0.69 0.0519480519480519 0.0526315789473684 0.0730769230769231
C5' CYT 23 1 65.366 64.771 63.35 0 carbon 0.847 0.595 0.798 0.69 0.0519480519480519 0.0526315789473684 0.0730769230769231
C5' CYT 19 2 65.4877 65.137 64.55 1 carbon 0.847 0.595 0.798 0.69 0.0519480519480519 0.0526315789473684 0.0730769230769231
C5' CYT 33 2 65.6636 66.66 97.47 1 carbon 0.847 0.595 0.798 0.69 0.0519480519480519 0.0526315789473684 0.0730769230769231
C5' CYT 21 2 64.5171 64.824 63.58 1 carbon 0.847 0.595 0.798 0.69 0.0519480519480519 0.0526315789473684 0.0730769230769231
C5' CYT 21 1 64.4629 66.319 63.58 0 carbon 0.847 0.595 0.798 0.69 0.0519480519480519 0.0526315789473684 0.0730769230769231
C5' GUA 6 2 67.0801 66.195 67.47 1 carbon 0.847 0.945 0.798 0.782 0.0519480519480519 0.0526315789473684 0.0730769230769231
C5' GUA 4 1 66.8615 66.219 67.33 0 carbon 0.847 0.945 0.798 0.782 0.0519480519480519 0.0526315789473684 0.0730769230769231
C5' GUA 7 2 67.0739 66.61 64.83 1 carbon 0.847 0.945 0.798 0.782 0.0519480519480519 0.0526315789473684 0.0730769230769231
C5' GUA 7 1 66.7145 66.726 64.83 0 carbon 0.847 0.945 0.798 0.782 0.0519480519480519 0.0526315789473684 0.0730769230769231
C5' GUA 2 2 67.9477 66.84 67.98 1 carbon 0.847 0.945 0.798 0.782 0.0519480519480519 0.0526315789473684 0.0730769230769231
C5' GUA 4 2 66.9796 66.228 67.33 1 carbon 0.847 0.945 0.798 0.782 0.0519480519480519 0.0526315789473684 0.0730769230769231
C5' GUA 6 1 66.4878 66.556 67.47 0 carbon 0.847 0.945 0.798 0.782 0.0519480519480519 0.0526315789473684 0.0730769230769231
C5' GUA 2 1 67.9498 66.924 67.98 0 carbon 0.847 0.945 0.798 0.782 0.0519480519480519 0.0526315789473684 0.0730769230769231
C5' GUA 13 2 66.5954 66.746 64.72 1 carbon 0.847 0.945 0.798 0.782 0.0519480519480519 0.0526315789473684 0.0730769230769231
C5' GUA 13 1 67.2882 66.847 64.72 0 carbon 0.847 0.945 0.798 0.782 0.0519480519480519 0.0526315789473684 0.0730769230769231
C6 CYT 10 2 141.792 142.622 142.2 1 carbon 0.734 0.671 0.687 0.54 0.0303030303030303 0.0307017543859649 0.0461538461538462
C6 CYT 23 1 141.714 141.949 140.9 0 carbon 0.734 0.671 0.687 0.54 0.0303030303030303 0.0307017543859649 0.0461538461538462
C6 CYT 33 2 141.22 141.262 137.2 1 carbon 0.734 0.671 0.687 0.54 0.0303030303030303 0.0307017543859649 0.0461538461538462
C6 CYT 33 1 141.374 141.331 137.2 0 carbon 0.734 0.671 0.687 0.54 0.0303030303030303 0.0307017543859649 0.0461538461538462
C6 CYT 10 1 142.12 142.827 142.2 0 carbon 0.734 0.671 0.687 0.54 0.0303030303030303 0.0307017543859649 0.0461538461538462
C6 CYT 19 1 140.466 141.296 137.6 0 carbon 0.734 0.671 0.687 0.54 0.0303030303030303 0.0307017543859649 0.0461538461538462
C6 CYT 19 2 140.325 141.201 137.6 1 carbon 0.734 0.671 0.687 0.54 0.0303030303030303 0.0307017543859649 0.0461538461538462
C6 CYT 21 2 141.347 141.667 140 1 carbon 0.734 0.671 0.687 0.54 0.0303030303030303 0.0307017543859649 0.0461538461538462
C6 CYT 23 2 141.729 141.905 140.9 1 carbon 0.734 0.671 0.687 0.54 0.0303030303030303 0.0307017543859649 0.0461538461538462
C6 CYT 21 1 141.498 141.867 140 0 carbon 0.734 0.671 0.687 0.54 0.0303030303030303 0.0307017543859649 0.0461538461538462
C6 CYT 20 2 141.472 141.942 139.5 1 carbon 0.734 0.671 0.687 0.54 0.0303030303030303 0.0307017543859649 0.0461538461538462
C6 CYT 20 1 141.554 142.072 139.5 0 carbon 0.734 0.671 0.687 0.54 0.0303030303030303 0.0307017543859649 0.0461538461538462
C8 ADE 30 2 140.938 139.303 137 1 carbon 0.915 0.776 0.786 0.668 0.29004329004329 0.298245614035088 0.276923076923077
C8 ADE 5 2 139.038 139.926 136.8 1 carbon 0.915 0.776 0.786 0.668 0.29004329004329 0.298245614035088 0.276923076923077
C8 ADE 16 2 142.169 140.852 140 1 carbon 0.915 0.776 0.786 0.668 0.29004329004329 0.298245614035088 0.276923076923077
C8 ADE 25 1 143.581 140.947 141.1 0 carbon 0.915 0.776 0.786 0.668 0.29004329004329 0.298245614035088 0.276923076923077
C8 ADE 27 2 141.225 140.548 139.5 1 carbon 0.915 0.776 0.786 0.668 0.29004329004329 0.298245614035088 0.276923076923077
C8 ADE 29 1 139.375 140.073 138.2 0 carbon 0.915 0.776 0.786 0.668 0.29004329004329 0.298245614035088 0.276923076923077
C8 ADE 35 1 140.968 140.682 137.4 0 carbon 0.915 0.776 0.786 0.668 0.29004329004329 0.298245614035088 0.276923076923077
C8 ADE 30 1 140.494 139.844 137 0 carbon 0.915 0.776 0.786 0.668 0.29004329004329 0.298245614035088 0.276923076923077
C8 ADE 18 1 140.961 139.583 137.9 0 carbon 0.915 0.776 0.786 0.668 0.29004329004329 0.298245614035088 0.276923076923077
C8 ADE 3 1 142.356 140.704 139 0 carbon 0.915 0.776 0.786 0.668 0.29004329004329 0.298245614035088 0.276923076923077
C8 ADE 28 1 139.878 140.476 139.2 0 carbon 0.915 0.776 0.786 0.668 0.29004329004329 0.298245614035088 0.276923076923077
C8 ADE 29 2 139.94 140.439 138.2 1 carbon 0.915 0.776 0.786 0.668 0.29004329004329 0.298245614035088 0.276923076923077
C8 ADE 28 2 139.777 141.125 139.2 1 carbon 0.915 0.776 0.786 0.668 0.29004329004329 0.298245614035088 0.276923076923077
C8 ADE 3 2 142.309 140.695 139 1 carbon 0.915 0.776 0.786 0.668 0.29004329004329 0.298245614035088 0.276923076923077
C8 ADE 27 1 140.742 140.695 139.5 0 carbon 0.915 0.776 0.786 0.668 0.29004329004329 0.298245614035088 0.276923076923077
C8 ADE 25 2 143.521 141.068 141.1 1 carbon 0.915 0.776 0.786 0.668 0.29004329004329 0.298245614035088 0.276923076923077
C8 ADE 35 2 140.63 140.724 137.4 1 carbon 0.915 0.776 0.786 0.668 0.29004329004329 0.298245614035088 0.276923076923077
C8 ADE 16 1 142.256 140.913 140 0 carbon 0.915 0.776 0.786 0.668 0.29004329004329 0.298245614035088 0.276923076923077
C8 ADE 12 2 139.844 140.719 137.2 1 carbon 0.915 0.776 0.786 0.668 0.29004329004329 0.298245614035088 0.276923076923077
C8 ADE 18 2 140.981 140.082 137.9 1 carbon 0.915 0.776 0.786 0.668 0.29004329004329 0.298245614035088 0.276923076923077
C8 ADE 12 1 140.235 140.659 137.2 0 carbon 0.915 0.776 0.786 0.668 0.29004329004329 0.298245614035088 0.276923076923077
C8 ADE 5 1 138.947 139.916 136.8 0 carbon 0.915 0.776 0.786 0.668 0.29004329004329 0.298245614035088 0.276923076923077
C8 GUA 2 2 138.963 138.934 137.1 1 carbon 0.915 1.022 0.786 0.888 0.29004329004329 0.298245614035088 0.276923076923077
C8 GUA 4 2 136.634 136.768 133.7 1 carbon 0.915 1.022 0.786 0.888 0.29004329004329 0.298245614035088 0.276923076923077
C8 GUA 13 1 136.567 137.543 133 0 carbon 0.915 1.022 0.786 0.888 0.29004329004329 0.298245614035088 0.276923076923077
C8 GUA 13 2 136.534 137.574 133 1 carbon 0.915 1.022 0.786 0.888 0.29004329004329 0.298245614035088 0.276923076923077
C8 GUA 6 1 135.373 137.493 133 0 carbon 0.915 1.022 0.786 0.888 0.29004329004329 0.298245614035088 0.276923076923077
C8 GUA 7 1 135.858 137.352 134.6 0 carbon 0.915 1.022 0.786 0.888 0.29004329004329 0.298245614035088 0.276923076923077
C8 GUA 6 2 135.841 137.372 133 1 carbon 0.915 1.022 0.786 0.888 0.29004329004329 0.298245614035088 0.276923076923077
C8 GUA 2 1 139.013 139.006 137.1 0 carbon 0.915 1.022 0.786 0.888 0.29004329004329 0.298245614035088 0.276923076923077
C8 GUA 7 2 135.858 137.357 134.6 1 carbon 0.915 1.022 0.786 0.888 0.29004329004329 0.298245614035088 0.276923076923077
C8 GUA 4 1 136.663 137.057 133.7 0 carbon 0.915 1.022 0.786 0.888 0.29004329004329 0.298245614035088 0.276923076923077
H1' ADE 16 2 5.91211 5.729 6 1 proton 0.177 0.169 0.165 0.166 0.298701298701299 0.364035087719298 0.192307692307692
H1' ADE 28 1 5.6405 5.65 6.34 0 proton 0.177 0.169 0.165 0.166 0.298701298701299 0.364035087719298 0.192307692307692
H1' ADE 27 2 5.82429 5.686 5.47 1 proton 0.177 0.169 0.165 0.166 0.298701298701299 0.364035087719298 0.192307692307692
H1' ADE 18 1 6.01804 5.56 6.11 0 proton 0.177 0.169 0.165 0.166 0.298701298701299 0.364035087719298 0.192307692307692
H1' ADE 30 1 5.61859 5.701 5.57 0 proton 0.177 0.169 0.165 0.166 0.298701298701299 0.364035087719298 0.192307692307692
H1' ADE 12 2 5.89245 5.698 5.88 1 proton 0.177 0.169 0.165 0.166 0.298701298701299 0.364035087719298 0.192307692307692
H1' ADE 25 2 5.72304 5.633 5.79 1 proton 0.177 0.169 0.165 0.166 0.298701298701299 0.364035087719298 0.192307692307692
H1' ADE 18 2 6.06488 5.532 6.11 1 proton 0.177 0.169 0.165 0.166 0.298701298701299 0.364035087719298 0.192307692307692
H1' ADE 29 1 5.82434 5.616 5.81 0 proton 0.177 0.169 0.165 0.166 0.298701298701299 0.364035087719298 0.192307692307692
H1' ADE 16 1 5.90553 5.723 6 0 proton 0.177 0.169 0.165 0.166 0.298701298701299 0.364035087719298 0.192307692307692
H1' ADE 25 1 5.74538 5.634 5.79 0 proton 0.177 0.169 0.165 0.166 0.298701298701299 0.364035087719298 0.192307692307692
H1' ADE 32 2 5.68847 5.568 5.89 1 proton 0.177 0.169 0.165 0.166 0.298701298701299 0.364035087719298 0.192307692307692
H1' ADE 31 1 5.83068 5.683 6.1 0 proton 0.177 0.169 0.165 0.166 0.298701298701299 0.364035087719298 0.192307692307692
H1' ADE 3 1 6.10845 5.545 5.94 0 proton 0.177 0.169 0.165 0.166 0.298701298701299 0.364035087719298 0.192307692307692
H1' ADE 27 1 5.82795 5.688 5.47 0 proton 0.177 0.169 0.165 0.166 0.298701298701299 0.364035087719298 0.192307692307692
H1' ADE 31 2 5.76688 5.66 6.1 1 proton 0.177 0.169 0.165 0.166 0.298701298701299 0.364035087719298 0.192307692307692
H1' ADE 35 1 4.82259 5.005 5.81 0 proton 0.177 0.169 0.165 0.166 0.298701298701299 0.364035087719298 0.192307692307692
H1' ADE 12 1 5.78963 5.746 5.88 0 proton 0.177 0.169 0.165 0.166 0.298701298701299 0.364035087719298 0.192307692307692
H1' ADE 32 1 5.75389 5.5 5.89 0 proton 0.177 0.169 0.165 0.166 0.298701298701299 0.364035087719298 0.192307692307692
H1' ADE 5 2 5.60871 5.493 5.86 1 proton 0.177 0.169 0.165 0.166 0.298701298701299 0.364035087719298 0.192307692307692
H1' ADE 29 2 5.80281 5.62 5.81 1 proton 0.177 0.169 0.165 0.166 0.298701298701299 0.364035087719298 0.192307692307692
H1' ADE 5 1 5.59087 5.693 5.86 0 proton 0.177 0.169 0.165 0.166 0.298701298701299 0.364035087719298 0.192307692307692
H1' ADE 35 2 5.57811 5.451 5.81 1 proton 0.177 0.169 0.165 0.166 0.298701298701299 0.364035087719298 0.192307692307692
H1' ADE 28 2 5.71161 5.697 6.34 1 proton 0.177 0.169 0.165 0.166 0.298701298701299 0.364035087719298 0.192307692307692
H1' ADE 3 2 6.11735 5.534 5.94 1 proton 0.177 0.169 0.165 0.166 0.298701298701299 0.364035087719298 0.192307692307692
H1' ADE 30 2 5.63022 5.442 5.57 1 proton 0.177 0.169 0.165 0.166 0.298701298701299 0.364035087719298 0.192307692307692
H1' CYT 20 2 5.49264 5.376 6.11 1 proton 0.177 0.185 0.165 0.16 0.298701298701299 0.364035087719298 0.192307692307692
H1' CYT 20 1 5.36268 5.001 6.11 0 proton 0.177 0.185 0.165 0.16 0.298701298701299 0.364035087719298 0.192307692307692
H1' CYT 21 1 4.76201 4.982 5.67 0 proton 0.177 0.185 0.165 0.16 0.298701298701299 0.364035087719298 0.192307692307692
H1' CYT 10 1 5.585 5.527 6.1 0 proton 0.177 0.185 0.165 0.16 0.298701298701299 0.364035087719298 0.192307692307692
H1' CYT 19 2 5.34078 5.552 5.4 1 proton 0.177 0.185 0.165 0.16 0.298701298701299 0.364035087719298 0.192307692307692
H1' CYT 19 1 5.35697 5.61 5.4 0 proton 0.177 0.185 0.165 0.16 0.298701298701299 0.364035087719298 0.192307692307692
H1' CYT 33 2 5.29938 5.419 5.33 1 proton 0.177 0.185 0.165 0.16 0.298701298701299 0.364035087719298 0.192307692307692
H1' CYT 23 1 5.33552 5.113 5.83 0 proton 0.177 0.185 0.165 0.16 0.298701298701299 0.364035087719298 0.192307692307692
H1' CYT 23 2 5.36494 5.133 5.83 1 proton 0.177 0.185 0.165 0.16 0.298701298701299 0.364035087719298 0.192307692307692
H1' CYT 33 1 5.3479 5.4 5.33 0 proton 0.177 0.185 0.165 0.16 0.298701298701299 0.364035087719298 0.192307692307692
H1' CYT 10 2 5.75935 5.574 6.1 1 proton 0.177 0.185 0.165 0.16 0.298701298701299 0.364035087719298 0.192307692307692
H1' CYT 21 2 4.9352 4.912 5.67 1 proton 0.177 0.185 0.165 0.16 0.298701298701299 0.364035087719298 0.192307692307692
H1' GUA 2 1 5.58668 5.566 5.69 0 proton 0.177 0.19 0.165 0.189 0.298701298701299 0.364035087719298 0.192307692307692
H1' GUA 4 1 5.59589 5.57 5.82 0 proton 0.177 0.19 0.165 0.189 0.298701298701299 0.364035087719298 0.192307692307692
H1' GUA 13 2 5.63672 5.206 5.82 1 proton 0.177 0.19 0.165 0.189 0.298701298701299 0.364035087719298 0.192307692307692
H1' GUA 7 1 5.66616 5.574 5.84 0 proton 0.177 0.19 0.165 0.189 0.298701298701299 0.364035087719298 0.192307692307692
H1' GUA 4 2 5.55771 5.258 5.82 1 proton 0.177 0.19 0.165 0.189 0.298701298701299 0.364035087719298 0.192307692307692
H1' GUA 2 2 5.57402 5.561 5.69 1 proton 0.177 0.19 0.165 0.189 0.298701298701299 0.364035087719298 0.192307692307692
H1' GUA 6 2 4.78136 5.241 4.76 1 proton 0.177 0.19 0.165 0.189 0.298701298701299 0.364035087719298 0.192307692307692
H1' GUA 7 2 5.51272 5.556 5.84 1 proton 0.177 0.19 0.165 0.189 0.298701298701299 0.364035087719298 0.192307692307692
H1' GUA 6 1 4.81966 5.146 4.76 0 proton 0.177 0.19 0.165 0.189 0.298701298701299 0.364035087719298 0.192307692307692
H1' GUA 13 1 5.56556 5.59 5.82 0 proton 0.177 0.19 0.165 0.189 0.298701298701299 0.364035087719298 0.192307692307692
H2 ADE 16 2 4.1352 7.732 7.58 1 proton 0.237 0.237 0.185 0.185 1 0.592105263157895 1
H2 ADE 30 2 7.99315 7.646 7.73 1 proton 0.237 0.237 0.185 0.185 1 0.592105263157895 1
H2 ADE 29 2 7.95847 7.92 7.49 1 proton 0.237 0.237 0.185 0.185 1 0.592105263157895 1
H2 ADE 31 2 7.86784 7.935 8.09 1 proton 0.237 0.237 0.185 0.185 1 0.592105263157895 1
H2 ADE 30 1 7.12052 7.82 7.73 0 proton 0.237 0.237 0.185 0.185 1 0.592105263157895 1
H2 ADE 25 1 8.35313 8.014 8.35 0 proton 0.237 0.237 0.185 0.185 1 0.592105263157895 1
H2 ADE 5 1 7.93936 7.63 7.43 0 proton 0.237 0.237 0.185 0.185 1 0.592105263157895 1
H2 ADE 18 2 8.53043 7.675 8.12 1 proton 0.237 0.237 0.185 0.185 1 0.592105263157895 1
H2 ADE 16 1 6.31647 7.773 7.58 0 proton 0.237 0.237 0.185 0.185 1 0.592105263157895 1
H2 ADE 28 2 8.85502 7.803 7.73 1 proton 0.237 0.237 0.185 0.185 1 0.592105263157895 1
H2 ADE 5 2 7.91203 7.654 7.43 1 proton 0.237 0.237 0.185 0.185 1 0.592105263157895 1
H2 ADE 18 1 8.40719 7.689 8.12 0 proton 0.237 0.237 0.185 0.185 1 0.592105263157895 1
H2 ADE 3 2 7.47201 7.806 7.61 1 proton 0.237 0.237 0.185 0.185 1 0.592105263157895 1
H2 ADE 35 1 7.22473 7.78 6.77 0 proton 0.237 0.237 0.185 0.185 1 0.592105263157895 1
H2 ADE 29 1 7.76915 7.698 7.49 0 proton 0.237 0.237 0.185 0.185 1 0.592105263157895 1
H2 ADE 32 2 9.07814 7.678 8.09 1 proton 0.237 0.237 0.185 0.185 1 0.592105263157895 1
H2 ADE 28 1 8.66047 7.723 7.73 0 proton 0.237 0.237 0.185 0.185 1 0.592105263157895 1
H2 ADE 31 1 7.41706 7.969 8.09 0 proton 0.237 0.237 0.185 0.185 1 0.592105263157895 1
H2 ADE 12 2 7.27744 7.426 6.69 1 proton 0.237 0.237 0.185 0.185 1 0.592105263157895 1
H2 ADE 3 1 7.42889 7.846 7.61 0 proton 0.237 0.237 0.185 0.185 1 0.592105263157895 1
H2 ADE 25 2 8.58349 8.024 8.35 1 proton 0.237 0.237 0.185 0.185 1 0.592105263157895 1
H2 ADE 27 1 8.26262 7.61 7.11 0 proton 0.237 0.237 0.185 0.185 1 0.592105263157895 1
H2 ADE 35 2 7.39172 7.629 6.77 1 proton 0.237 0.237 0.185 0.185 1 0.592105263157895 1
H2 ADE 12 1 7.42516 7.387 6.69 0 proton 0.237 0.237 0.185 0.185 1 0.592105263157895 1
H2 ADE 27 2 8.12822 7.495 7.11 1 proton 0.237 0.237 0.185 0.185 1 0.592105263157895 1
H2 ADE 32 1 8.64884 7.755 8.09 0 proton 0.237 0.237 0.185 0.185 1 0.592105263157895 1
H2' ADE 28 1 4.52963 4.565 4.65 0 proton 0.137 0.133 0.13 0.14 0.108225108225108 0.219298245614035 0.0923076923076923
H2' ADE 32 1 4.47504 4.551 4.82 0 proton 0.137 0.133 0.13 0.14 0.108225108225108 0.219298245614035 0.0923076923076923
H2' ADE 16 1 4.2028 4.531 4.97 0 proton 0.137 0.133 0.13 0.14 0.108225108225108 0.219298245614035 0.0923076923076923
H2' ADE 27 2 4.50341 4.551 5 1 proton 0.137 0.133 0.13 0.14 0.108225108225108 0.219298245614035 0.0923076923076923
H2' ADE 30 2 4.32361 4.571 3.9 1 proton 0.137 0.133 0.13 0.14 0.108225108225108 0.219298245614035 0.0923076923076923
H2' ADE 12 2 4.11691 4.438 4.6 1 proton 0.137 0.133 0.13 0.14 0.108225108225108 0.219298245614035 0.0923076923076923
H2' ADE 30 1 4.40116 4.573 3.9 0 proton 0.137 0.133 0.13 0.14 0.108225108225108 0.219298245614035 0.0923076923076923
H2' ADE 27 1 4.53381 4.52 5 0 proton 0.137 0.133 0.13 0.14 0.108225108225108 0.219298245614035 0.0923076923076923
H2' ADE 5 2 4.69104 4.634 4.98 1 proton 0.137 0.133 0.13 0.14 0.108225108225108 0.219298245614035 0.0923076923076923
H2' ADE 3 1 4.46076 4.523 4.98 0 proton 0.137 0.133 0.13 0.14 0.108225108225108 0.219298245614035 0.0923076923076923
H2' ADE 32 2 4.58954 4.521 4.82 1 proton 0.137 0.133 0.13 0.14 0.108225108225108 0.219298245614035 0.0923076923076923
H2' ADE 35 2 4.24707 4.472 4.28 1 proton 0.137 0.133 0.13 0.14 0.108225108225108 0.219298245614035 0.0923076923076923
H2' ADE 16 2 4.23743 4.527 4.97 1 proton 0.137 0.133 0.13 0.14 0.108225108225108 0.219298245614035 0.0923076923076923
H2' ADE 25 2 4.26774 4.575 4.85 1 proton 0.137 0.133 0.13 0.14 0.108225108225108 0.219298245614035 0.0923076923076923
H2' ADE 28 2 4.49373 4.622 4.65 1 proton 0.137 0.133 0.13 0.14 0.108225108225108 0.219298245614035 0.0923076923076923
H2' ADE 12 1 4.42552 4.669 4.6 0 proton 0.137 0.133 0.13 0.14 0.108225108225108 0.219298245614035 0.0923076923076923
H2' ADE 35 1 4.2147 4.564 4.28 0 proton 0.137 0.133 0.13 0.14 0.108225108225108 0.219298245614035 0.0923076923076923
H2' ADE 5 1 4.61202 4.528 4.98 0 proton 0.137 0.133 0.13 0.14 0.108225108225108 0.219298245614035 0.0923076923076923
H2' ADE 3 2 4.43823 4.523 4.98 1 proton 0.137 0.133 0.13 0.14 0.108225108225108 0.219298245614035 0.0923076923076923
H2' ADE 29 2 4.23001 4.575 4.82 1 proton 0.137 0.133 0.13 0.14 0.108225108225108 0.219298245614035 0.0923076923076923
H2' ADE 18 1 4.25366 4.547 4.98 0 proton 0.137 0.133 0.13 0.14 0.108225108225108 0.219298245614035 0.0923076923076923
H2' ADE 18 2 4.40214 4.538 4.98 1 proton 0.137 0.133 0.13 0.14 0.108225108225108 0.219298245614035 0.0923076923076923
H2' ADE 29 1 4.27912 4.573 4.82 0 proton 0.137 0.133 0.13 0.14 0.108225108225108 0.219298245614035 0.0923076923076923
H2' ADE 25 1 4.26718 4.571 4.85 0 proton 0.137 0.133 0.13 0.14 0.108225108225108 0.219298245614035 0.0923076923076923
H2' ADE 31 2 4.34284 4.612 5.03 1 proton 0.137 0.133 0.13 0.14 0.108225108225108 0.219298245614035 0.0923076923076923
H2' ADE 31 1 4.36678 4.571 5.03 0 proton 0.137 0.133 0.13 0.14 0.108225108225108 0.219298245614035 0.0923076923076923
H2' CYT 10 1 4.39 4.334 4.17 0 proton 0.137 0.13 0.13 0.121 0.108225108225108 0.219298245614035 0.0923076923076923
H2' CYT 19 2 4.30331 4.419 4.35 1 proton 0.137 0.13 0.13 0.121 0.108225108225108 0.219298245614035 0.0923076923076923
H2' CYT 23 2 3.81655 4.217 4.37 1 proton 0.137 0.13 0.13 0.121 0.108225108225108 0.219298245614035 0.0923076923076923
H2' CYT 23 1 3.97975 4.295 4.37 0 proton 0.137 0.13 0.13 0.121 0.108225108225108 0.219298245614035 0.0923076923076923
H2' CYT 20 2 3.65682 4.269 5.01 1 proton 0.137 0.13 0.13 0.121 0.108225108225108 0.219298245614035 0.0923076923076923
H2' CYT 21 2 3.79485 4.338 4.78 1 proton 0.137 0.13 0.13 0.121 0.108225108225108 0.219298245614035 0.0923076923076923
H2' CYT 20 1 3.88727 4.397 5.01 0 proton 0.137 0.13 0.13 0.121 0.108225108225108 0.219298245614035 0.0923076923076923
H2' CYT 21 1 3.80758 4.349 4.78 0 proton 0.137 0.13 0.13 0.121 0.108225108225108 0.219298245614035 0.0923076923076923
H2' CYT 10 2 4.48077 4.365 4.17 1 proton 0.137 0.13 0.13 0.121 0.108225108225108 0.219298245614035 0.0923076923076923
H2' CYT 19 1 4.24942 4.496 4.35 0 proton 0.137 0.13 0.13 0.121 0.108225108225108 0.219298245614035 0.0923076923076923
H2' CYT 33 1 4.12233 4.505 4.31 0 proton 0.137 0.13 0.13 0.121 0.108225108225108 0.219298245614035 0.0923076923076923
H2' CYT 33 2 4.13847 4.504 4.31 1 proton 0.137 0.13 0.13 0.121 0.108225108225108 0.219298245614035 0.0923076923076923
H2' GUA 6 1 4.52237 4.531 4.45 0 proton 0.137 0.137 0.13 0.119 0.108225108225108 0.219298245614035 0.0923076923076923
H2' GUA 2 2 4.41013 4.49 4.75 1 proton 0.137 0.137 0.13 0.119 0.108225108225108 0.219298245614035 0.0923076923076923
H2' GUA 7 2 4.29685 4.564 4.05 1 proton 0.137 0.137 0.13 0.119 0.108225108225108 0.219298245614035 0.0923076923076923
H2' GUA 2 1 4.27009 4.625 4.75 0 proton 0.137 0.137 0.13 0.119 0.108225108225108 0.219298245614035 0.0923076923076923
H2' GUA 7 1 4.3728 4.501 4.05 0 proton 0.137 0.137 0.13 0.119 0.108225108225108 0.219298245614035 0.0923076923076923
H2' GUA 13 1 3.4984 4.575 4.67 0 proton 0.137 0.137 0.13 0.119 0.108225108225108 0.219298245614035 0.0923076923076923
H2' GUA 13 2 3.89153 4.59 4.67 1 proton 0.137 0.137 0.13 0.119 0.108225108225108 0.219298245614035 0.0923076923076923
H2' GUA 4 1 4.07168 4.493 4.87 0 proton 0.137 0.137 0.13 0.119 0.108225108225108 0.219298245614035 0.0923076923076923
H2' GUA 4 2 4.00139 4.48 4.87 1 proton 0.137 0.137 0.13 0.119 0.108225108225108 0.219298245614035 0.0923076923076923
H2' GUA 6 2 4.52483 4.582 4.45 1 proton 0.137 0.137 0.13 0.119 0.108225108225108 0.219298245614035 0.0923076923076923
H3' ADE 16 2 4.65657 4.665 4.89 1 proton 0.119 0.129 0.107 0.107 0.0865800865800866 0.131578947368421 0.0730769230769231
H3' ADE 5 1 4.68919 4.593 4.93 0 proton 0.119 0.129 0.107 0.107 0.0865800865800866 0.131578947368421 0.0730769230769231
H3' ADE 29 2 4.56081 4.524 4.46 1 proton 0.119 0.129 0.107 0.107 0.0865800865800866 0.131578947368421 0.0730769230769231
H3' ADE 28 2 4.69871 4.641 4.87 1 proton 0.119 0.129 0.107 0.107 0.0865800865800866 0.131578947368421 0.0730769230769231
H3' ADE 12 1 4.73006 4.66 4.68 0 proton 0.119 0.129 0.107 0.107 0.0865800865800866 0.131578947368421 0.0730769230769231
H3' ADE 27 2 4.76196 4.7 4.86 1 proton 0.119 0.129 0.107 0.107 0.0865800865800866 0.131578947368421 0.0730769230769231
H3' ADE 18 1 4.55131 4.574 4.41 0 proton 0.119 0.129 0.107 0.107 0.0865800865800866 0.131578947368421 0.0730769230769231
H3' ADE 25 1 4.62152 4.618 4.77 0 proton 0.119 0.129 0.107 0.107 0.0865800865800866 0.131578947368421 0.0730769230769231
H3' ADE 25 2 4.61486 4.615 4.77 1 proton 0.119 0.129 0.107 0.107 0.0865800865800866 0.131578947368421 0.0730769230769231
H3' ADE 3 2 4.65805 4.612 4.76 1 proton 0.119 0.129 0.107 0.107 0.0865800865800866 0.131578947368421 0.0730769230769231
H3' ADE 3 1 4.65273 4.615 4.76 0 proton 0.119 0.129 0.107 0.107 0.0865800865800866 0.131578947368421 0.0730769230769231
H3' ADE 31 2 4.63835 4.585 4.72 1 proton 0.119 0.129 0.107 0.107 0.0865800865800866 0.131578947368421 0.0730769230769231
H3' ADE 29 1 4.5045 4.538 4.46 0 proton 0.119 0.129 0.107 0.107 0.0865800865800866 0.131578947368421 0.0730769230769231
H3' ADE 5 2 4.67393 4.587 4.93 1 proton 0.119 0.129 0.107 0.107 0.0865800865800866 0.131578947368421 0.0730769230769231
H3' ADE 16 1 4.65282 4.666 4.89 0 proton 0.119 0.129 0.107 0.107 0.0865800865800866 0.131578947368421 0.0730769230769231
H3' ADE 18 2 4.52207 4.557 4.41 1 proton 0.119 0.129 0.107 0.107 0.0865800865800866 0.131578947368421 0.0730769230769231
H3' ADE 30 1 4.65094 4.592 4.82 0 proton 0.119 0.129 0.107 0.107 0.0865800865800866 0.131578947368421 0.0730769230769231
H3' ADE 30 2 4.62323 4.529 4.82 1 proton 0.119 0.129 0.107 0.107 0.0865800865800866 0.131578947368421 0.0730769230769231
H3' ADE 35 1 4.51465 4.746 4.62 0 proton 0.119 0.129 0.107 0.107 0.0865800865800866 0.131578947368421 0.0730769230769231
H3' ADE 28 1 4.77218 4.665 4.87 0 proton 0.119 0.129 0.107 0.107 0.0865800865800866 0.131578947368421 0.0730769230769231
H3' ADE 31 1 4.7275 4.591 4.72 0 proton 0.119 0.129 0.107 0.107 0.0865800865800866 0.131578947368421 0.0730769230769231
H3' ADE 35 2 4.64578 4.681 4.62 1 proton 0.119 0.129 0.107 0.107 0.0865800865800866 0.131578947368421 0.0730769230769231
H3' ADE 12 2 4.68752 4.612 4.68 1 proton 0.119 0.129 0.107 0.107 0.0865800865800866 0.131578947368421 0.0730769230769231
H3' ADE 27 1 4.77234 4.711 4.86 0 proton 0.119 0.129 0.107 0.107 0.0865800865800866 0.131578947368421 0.0730769230769231
H3' CYT 10 2 4.3648 4.554 4.78 1 proton 0.119 0.105 0.107 0.099 0.0865800865800866 0.131578947368421 0.0730769230769231
H3' CYT 19 1 4.40324 4.529 4.35 0 proton 0.119 0.105 0.107 0.099 0.0865800865800866 0.131578947368421 0.0730769230769231
H3' CYT 23 1 4.40029 4.484 4.49 0 proton 0.119 0.105 0.107 0.099 0.0865800865800866 0.131578947368421 0.0730769230769231
H3' CYT 20 1 4.43534 4.473 4.61 0 proton 0.119 0.105 0.107 0.099 0.0865800865800866 0.131578947368421 0.0730769230769231
H3' CYT 19 2 4.39413 4.515 4.35 1 proton 0.119 0.105 0.107 0.099 0.0865800865800866 0.131578947368421 0.0730769230769231
H3' CYT 10 1 4.4674 4.551 4.78 0 proton 0.119 0.105 0.107 0.099 0.0865800865800866 0.131578947368421 0.0730769230769231
H3' CYT 21 1 4.3846 4.418 4.46 0 proton 0.119 0.105 0.107 0.099 0.0865800865800866 0.131578947368421 0.0730769230769231
H3' CYT 23 2 4.40414 4.426 4.49 1 proton 0.119 0.105 0.107 0.099 0.0865800865800866 0.131578947368421 0.0730769230769231
H3' CYT 33 1 4.34698 4.384 4.4 0 proton 0.119 0.105 0.107 0.099 0.0865800865800866 0.131578947368421 0.0730769230769231
H3' CYT 20 2 4.42847 4.534 4.61 1 proton 0.119 0.105 0.107 0.099 0.0865800865800866 0.131578947368421 0.0730769230769231
H3' CYT 21 2 4.38408 4.424 4.46 1 proton 0.119 0.105 0.107 0.099 0.0865800865800866 0.131578947368421 0.0730769230769231
H3' CYT 33 2 4.32328 4.428 4.4 1 proton 0.119 0.105 0.107 0.099 0.0865800865800866 0.131578947368421 0.0730769230769231
H3' GUA 2 2 4.54112 4.674 4.72 1 proton 0.119 0.129 0.107 0.12 0.0865800865800866 0.131578947368421 0.0730769230769231
H3' GUA 4 2 4.50462 4.552 4.58 1 proton 0.119 0.129 0.107 0.12 0.0865800865800866 0.131578947368421 0.0730769230769231
H3' GUA 13 1 4.42173 4.666 4.69 0 proton 0.119 0.129 0.107 0.12 0.0865800865800866 0.131578947368421 0.0730769230769231
H3' GUA 2 1 4.54857 4.672 4.72 0 proton 0.119 0.129 0.107 0.12 0.0865800865800866 0.131578947368421 0.0730769230769231
H3' GUA 7 2 4.44643 4.518 4.79 1 proton 0.119 0.129 0.107 0.12 0.0865800865800866 0.131578947368421 0.0730769230769231
H3' GUA 7 1 4.42236 4.459 4.79 0 proton 0.119 0.129 0.107 0.12 0.0865800865800866 0.131578947368421 0.0730769230769231
H3' GUA 4 1 4.53108 4.516 4.58 0 proton 0.119 0.129 0.107 0.12 0.0865800865800866 0.131578947368421 0.0730769230769231
H3' GUA 6 2 4.44128 4.625 4.2 1 proton 0.119 0.129 0.107 0.12 0.0865800865800866 0.131578947368421 0.0730769230769231
H3' GUA 13 2 4.43257 4.656 4.69 1 proton 0.119 0.129 0.107 0.12 0.0865800865800866 0.131578947368421 0.0730769230769231
H3' GUA 6 1 4.44171 4.593 4.2 0 proton 0.119 0.129 0.107 0.12 0.0865800865800866 0.131578947368421 0.0730769230769231
H4' ADE 16 2 4.52934 4.477 4.59 1 proton 0.091 0.083 0.079 0.072 0.038961038961039 0.0482456140350877 0.0346153846153846
H4' ADE 16 1 4.51918 4.473 4.59 0 proton 0.091 0.083 0.079 0.072 0.038961038961039 0.0482456140350877 0.0346153846153846
H4' ADE 27 2 4.44849 4.4 4.74 1 proton 0.091 0.083 0.079 0.072 0.038961038961039 0.0482456140350877 0.0346153846153846
H4' ADE 18 2 4.61276 4.416 4.66 1 proton 0.091 0.083 0.079 0.072 0.038961038961039 0.0482456140350877 0.0346153846153846
H4' ADE 5 1 4.54803 4.437 4.65 0 proton 0.091 0.083 0.079 0.072 0.038961038961039 0.0482456140350877 0.0346153846153846
H4' ADE 3 2 4.51613 4.415 4.6 1 proton 0.091 0.083 0.079 0.072 0.038961038961039 0.0482456140350877 0.0346153846153846
H4' ADE 18 1 4.58744 4.441 4.66 0 proton 0.091 0.083 0.079 0.072 0.038961038961039 0.0482456140350877 0.0346153846153846
H4' ADE 12 1 4.49446 4.443 4.54 0 proton 0.091 0.083 0.079 0.072 0.038961038961039 0.0482456140350877 0.0346153846153846
H4' ADE 31 2 4.45861 4.417 4.56 1 proton 0.091 0.083 0.079 0.072 0.038961038961039 0.0482456140350877 0.0346153846153846
H4' ADE 28 2 4.42167 4.401 4.67 1 proton 0.091 0.083 0.079 0.072 0.038961038961039 0.0482456140350877 0.0346153846153846
H4' ADE 35 1 4.43239 4.403 3.86 0 proton 0.091 0.083 0.079 0.072 0.038961038961039 0.0482456140350877 0.0346153846153846
H4' ADE 25 2 4.54601 4.347 4.77 1 proton 0.091 0.083 0.079 0.072 0.038961038961039 0.0482456140350877 0.0346153846153846
H4' ADE 12 2 4.54581 4.415 4.54 1 proton 0.091 0.083 0.079 0.072 0.038961038961039 0.0482456140350877 0.0346153846153846
H4' ADE 29 2 4.42964 4.41 4.57 1 proton 0.091 0.083 0.079 0.072 0.038961038961039 0.0482456140350877 0.0346153846153846
H4' ADE 28 1 4.4108 4.386 4.67 0 proton 0.091 0.083 0.079 0.072 0.038961038961039 0.0482456140350877 0.0346153846153846
H4' ADE 5 2 4.49037 4.436 4.65 1 proton 0.091 0.083 0.079 0.072 0.038961038961039 0.0482456140350877 0.0346153846153846
H4' ADE 29 1 4.42061 4.413 4.57 0 proton 0.091 0.083 0.079 0.072 0.038961038961039 0.0482456140350877 0.0346153846153846
H4' ADE 35 2 4.39465 4.314 3.86 1 proton 0.091 0.083 0.079 0.072 0.038961038961039 0.0482456140350877 0.0346153846153846
H4' ADE 30 2 4.43358 4.304 4.36 1 proton 0.091 0.083 0.079 0.072 0.038961038961039 0.0482456140350877 0.0346153846153846
H4' ADE 27 1 4.44281 4.401 4.74 0 proton 0.091 0.083 0.079 0.072 0.038961038961039 0.0482456140350877 0.0346153846153846
H4' ADE 3 1 4.51543 4.415 4.6 0 proton 0.091 0.083 0.079 0.072 0.038961038961039 0.0482456140350877 0.0346153846153846
H4' ADE 25 1 4.52864 4.35 4.77 0 proton 0.091 0.083 0.079 0.072 0.038961038961039 0.0482456140350877 0.0346153846153846
H4' ADE 31 1 4.46586 4.374 4.56 0 proton 0.091 0.083 0.079 0.072 0.038961038961039 0.0482456140350877 0.0346153846153846
H4' ADE 30 1 4.41188 4.435 4.36 0 proton 0.091 0.083 0.079 0.072 0.038961038961039 0.0482456140350877 0.0346153846153846
H4' CYT 21 2 4.28003 4.311 4.18 1 proton 0.091 0.106 0.079 0.083 0.038961038961039 0.0482456140350877 0.0346153846153846
H4' CYT 10 1 4.37403 4.384 4.84 0 proton 0.091 0.106 0.079 0.083 0.038961038961039 0.0482456140350877 0.0346153846153846
H4' CYT 23 1 4.392 4.347 4.42 0 proton 0.091 0.106 0.079 0.083 0.038961038961039 0.0482456140350877 0.0346153846153846
H4' CYT 21 1 4.2293 4.302 4.18 0 proton 0.091 0.106 0.079 0.083 0.038961038961039 0.0482456140350877 0.0346153846153846
H4' CYT 20 1 4.36901 4.431 4.74 0 proton 0.091 0.106 0.079 0.083 0.038961038961039 0.0482456140350877 0.0346153846153846
H4' CYT 23 2 4.40662 4.331 4.42 1 proton 0.091 0.106 0.079 0.083 0.038961038961039 0.0482456140350877 0.0346153846153846
H4' CYT 20 2 4.3605 4.438 4.74 1 proton 0.091 0.106 0.079 0.083 0.038961038961039 0.0482456140350877 0.0346153846153846
H4' CYT 10 2 4.35434 4.317 4.84 1 proton 0.091 0.106 0.079 0.083 0.038961038961039 0.0482456140350877 0.0346153846153846
H4' CYT 33 1 4.31004 4.356 4.45 0 proton 0.091 0.106 0.079 0.083 0.038961038961039 0.0482456140350877 0.0346153846153846
H4' CYT 19 1 4.35759 4.381 4.54 0 proton 0.091 0.106 0.079 0.083 0.038961038961039 0.0482456140350877 0.0346153846153846
H4' CYT 33 2 4.31032 4.364 4.45 1 proton 0.091 0.106 0.079 0.083 0.038961038961039 0.0482456140350877 0.0346153846153846
H4' CYT 19 2 4.36704 4.373 4.54 1 proton 0.091 0.106 0.079 0.083 0.038961038961039 0.0482456140350877 0.0346153846153846
H4' GUA 2 1 4.16489 4.453 4.56 0 proton 0.091 0.083 0.079 0.077 0.038961038961039 0.0482456140350877 0.0346153846153846
H4' GUA 2 2 4.16947 4.445 4.56 1 proton 0.091 0.083 0.079 0.077 0.038961038961039 0.0482456140350877 0.0346153846153846
H4' GUA 6 2 4.3394 4.478 4.56 1 proton 0.091 0.083 0.079 0.077 0.038961038961039 0.0482456140350877 0.0346153846153846
H4' GUA 4 1 4.43387 4.453 4.6 0 proton 0.091 0.083 0.079 0.077 0.038961038961039 0.0482456140350877 0.0346153846153846
H4' GUA 7 1 4.41952 4.435 4.5 0 proton 0.091 0.083 0.079 0.077 0.038961038961039 0.0482456140350877 0.0346153846153846
H4' GUA 7 2 4.39766 4.409 4.5 1 proton 0.091 0.083 0.079 0.077 0.038961038961039 0.0482456140350877 0.0346153846153846
H4' GUA 13 1 4.56157 4.45 4.54 0 proton 0.091 0.083 0.079 0.077 0.038961038961039 0.0482456140350877 0.0346153846153846
H4' GUA 4 2 4.42687 4.454 4.6 1 proton 0.091 0.083 0.079 0.077 0.038961038961039 0.0482456140350877 0.0346153846153846
H4' GUA 13 2 4.80254 4.276 4.54 1 proton 0.091 0.083 0.079 0.077 0.038961038961039 0.0482456140350877 0.0346153846153846
H4' GUA 6 1 4.39373 4.449 4.56 0 proton 0.091 0.083 0.079 0.077 0.038961038961039 0.0482456140350877 0.0346153846153846
H5 CYT 20 1 5.36108 5.585 5.43 0 proton 0.154 0.137 0.146 0.128 0.354978354978355 0.276315789473684 0.296153846153846
H5 CYT 23 1 5.57379 5.779 5.72 0 proton 0.154 0.137 0.146 0.128 0.354978354978355 0.276315789473684 0.296153846153846
H5 CYT 19 2 5.19078 5.527 5.37 1 proton 0.154 0.137 0.146 0.128 0.354978354978355 0.276315789473684 0.296153846153846
H5 CYT 20 2 5.36824 5.578 5.43 1 proton 0.154 0.137 0.146 0.128 0.354978354978355 0.276315789473684 0.296153846153846
H5 CYT 21 2 5.38974 5.716 5.48 1 proton 0.154 0.137 0.146 0.128 0.354978354978355 0.276315789473684 0.296153846153846
H5 CYT 10 1 5.65857 5.779 5.96 0 proton 0.154 0.137 0.146 0.128 0.354978354978355 0.276315789473684 0.296153846153846
H5 CYT 10 2 5.82546 5.813 5.96 1 proton 0.154 0.137 0.146 0.128 0.354978354978355 0.276315789473684 0.296153846153846
H5 CYT 23 2 5.59 5.779 5.72 1 proton 0.154 0.137 0.146 0.128 0.354978354978355 0.276315789473684 0.296153846153846
H5 CYT 33 1 5.10861 5.498 5.15 0 proton 0.154 0.137 0.146 0.128 0.354978354978355 0.276315789473684 0.296153846153846
H5 CYT 19 1 5.23996 5.525 5.37 0 proton 0.154 0.137 0.146 0.128 0.354978354978355 0.276315789473684 0.296153846153846
H5 CYT 21 1 5.30377 5.721 5.48 0 proton 0.154 0.137 0.146 0.128 0.354978354978355 0.276315789473684 0.296153846153846
H5 CYT 33 2 5.05329 5.494 5.15 1 proton 0.154 0.137 0.146 0.128 0.354978354978355 0.276315789473684 0.296153846153846
H5' ADE 35 2 5.71607 4.23 4.44 1 proton 0.17 0.193 0.142 0.167 0.619047619047619 0.0570175438596491 0.746153846153846
H5' ADE 29 1 4.40688 4.285 4.55 0 proton 0.17 0.193 0.142 0.167 0.619047619047619 0.0570175438596491 0.746153846153846
H5' ADE 35 1 4.87168 4.119 4.44 0 proton 0.17 0.193 0.142 0.167 0.619047619047619 0.0570175438596491 0.746153846153846
H5' ADE 30 2 4.45301 4.266 4.54 1 proton 0.17 0.193 0.142 0.167 0.619047619047619 0.0570175438596491 0.746153846153846
H5' ADE 18 2 4.6322 4.259 4.51 1 proton 0.17 0.193 0.142 0.167 0.619047619047619 0.0570175438596491 0.746153846153846
H5' ADE 25 2 4.29065 4.159 3.93 1 proton 0.17 0.193 0.142 0.167 0.619047619047619 0.0570175438596491 0.746153846153846
H5' ADE 12 1 4.40996 4.255 4.55 0 proton 0.17 0.193 0.142 0.167 0.619047619047619 0.0570175438596491 0.746153846153846
H5' ADE 18 1 4.69175 4.286 4.51 0 proton 0.17 0.193 0.142 0.167 0.619047619047619 0.0570175438596491 0.746153846153846
H5' ADE 29 2 4.46071 4.273 4.55 1 proton 0.17 0.193 0.142 0.167 0.619047619047619 0.0570175438596491 0.746153846153846
H5' ADE 16 1 4.4236 4.214 4.3 0 proton 0.17 0.193 0.142 0.167 0.619047619047619 0.0570175438596491 0.746153846153846
H5' ADE 25 1 4.26632 4.171 3.93 0 proton 0.17 0.193 0.142 0.167 0.619047619047619 0.0570175438596491 0.746153846153846
H5' ADE 27 2 4.30548 4.202 4.22 1 proton 0.17 0.193 0.142 0.167 0.619047619047619 0.0570175438596491 0.746153846153846
H5' ADE 27 1 4.31494 4.201 4.22 0 proton 0.17 0.193 0.142 0.167 0.619047619047619 0.0570175438596491 0.746153846153846
H5' ADE 3 2 4.69301 4.249 4.4 1 proton 0.17 0.193 0.142 0.167 0.619047619047619 0.0570175438596491 0.746153846153846
H5' ADE 16 2 4.4611 4.216 4.3 1 proton 0.17 0.193 0.142 0.167 0.619047619047619 0.0570175438596491 0.746153846153846
H5' ADE 30 1 4.09362 4.252 4.54 0 proton 0.17 0.193 0.142 0.167 0.619047619047619 0.0570175438596491 0.746153846153846
H5' ADE 5 2 5.3095 4.23 4.89 1 proton 0.17 0.193 0.142 0.167 0.619047619047619 0.0570175438596491 0.746153846153846
H5' ADE 12 2 4.43873 4.239 4.55 1 proton 0.17 0.193 0.142 0.167 0.619047619047619 0.0570175438596491 0.746153846153846
H5' ADE 28 2 4.30339 4.194 4.44 1 proton 0.17 0.193 0.142 0.167 0.619047619047619 0.0570175438596491 0.746153846153846
H5' ADE 5 1 4.90915 4.237 4.89 0 proton 0.17 0.193 0.142 0.167 0.619047619047619 0.0570175438596491 0.746153846153846
H5' ADE 3 1 4.71357 4.252 4.4 0 proton 0.17 0.193 0.142 0.167 0.619047619047619 0.0570175438596491 0.746153846153846
H5' ADE 28 1 4.24159 4.186 4.44 0 proton 0.17 0.193 0.142 0.167 0.619047619047619 0.0570175438596491 0.746153846153846
H5' CYT 23 1 4.80781 4.346 4.51 0 proton 0.17 0.172 0.142 0.134 0.619047619047619 0.0570175438596491 0.746153846153846
H5' CYT 23 2 4.78174 4.268 4.51 1 proton 0.17 0.172 0.142 0.134 0.619047619047619 0.0570175438596491 0.746153846153846
H5' CYT 21 1 4.62479 4.248 4.75 0 proton 0.17 0.172 0.142 0.134 0.619047619047619 0.0570175438596491 0.746153846153846
H5' CYT 20 2 4.35894 4.298 4.8 1 proton 0.17 0.172 0.142 0.134 0.619047619047619 0.0570175438596491 0.746153846153846
H5' CYT 19 2 4.07864 4.25 4.08 1 proton 0.17 0.172 0.142 0.134 0.619047619047619 0.0570175438596491 0.746153846153846
H5' CYT 33 2 4.55281 4.241 4.59 1 proton 0.17 0.172 0.142 0.134 0.619047619047619 0.0570175438596491 0.746153846153846
H5' CYT 19 1 4.33979 4.266 4.08 0 proton 0.17 0.172 0.142 0.134 0.619047619047619 0.0570175438596491 0.746153846153846
H5' CYT 20 1 4.48408 4.266 4.8 0 proton 0.17 0.172 0.142 0.134 0.619047619047619 0.0570175438596491 0.746153846153846
H5' CYT 21 2 4.57161 4.275 4.75 1 proton 0.17 0.172 0.142 0.134 0.619047619047619 0.0570175438596491 0.746153846153846
H5' CYT 33 1 4.54823 4.233 4.59 0 proton 0.17 0.172 0.142 0.134 0.619047619047619 0.0570175438596491 0.746153846153846
H5' GUA 2 2 4.33103 4.265 4.2 1 proton 0.17 0.152 0.142 0.125 0.619047619047619 0.0570175438596491 0.746153846153846
H5' GUA 2 1 4.32076 4.271 4.2 0 proton 0.17 0.152 0.142 0.125 0.619047619047619 0.0570175438596491 0.746153846153846
H5' GUA 4 2 4.1953 4.305 4.47 1 proton 0.17 0.152 0.142 0.125 0.619047619047619 0.0570175438596491 0.746153846153846
H5' GUA 4 1 4.23421 4.296 4.47 0 proton 0.17 0.152 0.142 0.125 0.619047619047619 0.0570175438596491 0.746153846153846
H5' GUA 7 1 4.25909 4.261 4.57 0 proton 0.17 0.152 0.142 0.125 0.619047619047619 0.0570175438596491 0.746153846153846
H5' GUA 6 2 4.18845 4.336 4.41 1 proton 0.17 0.152 0.142 0.125 0.619047619047619 0.0570175438596491 0.746153846153846
H5' GUA 6 1 4.35111 4.281 4.41 0 proton 0.17 0.152 0.142 0.125 0.619047619047619 0.0570175438596491 0.746153846153846
H5' GUA 13 1 4.3278 4.282 4.69 0 proton 0.17 0.152 0.142 0.125 0.619047619047619 0.0570175438596491 0.746153846153846
H5' GUA 13 2 4.35094 4.278 4.69 1 proton 0.17 0.152 0.142 0.125 0.619047619047619 0.0570175438596491 0.746153846153846
H5' GUA 7 2 4.19005 4.338 4.57 1 proton 0.17 0.152 0.142 0.125 0.619047619047619 0.0570175438596491 0.746153846153846
H5'' ADE 3 2 4.28168 4.18 4.27 1 proton 0.127 0.122 0.1 0.093 0.0909090909090909 0.0526315789473684 0.0961538461538462
H5'' ADE 12 1 4.28428 4.226 4.19 0 proton 0.127 0.122 0.1 0.093 0.0909090909090909 0.0526315789473684 0.0961538461538462
H5'' ADE 35 1 4.39086 4.232 4 0 proton 0.127 0.122 0.1 0.093 0.0909090909090909 0.0526315789473684 0.0961538461538462
H5'' ADE 28 2 4.23527 4.155 4.34 1 proton 0.127 0.122 0.1 0.093 0.0909090909090909 0.0526315789473684 0.0961538461538462
H5'' ADE 3 1 4.28243 4.187 4.27 0 proton 0.127 0.122 0.1 0.093 0.0909090909090909 0.0526315789473684 0.0961538461538462
H5'' ADE 30 1 4.25882 4.212 4.13 0 proton 0.127 0.122 0.1 0.093 0.0909090909090909 0.0526315789473684 0.0961538461538462
H5'' ADE 30 2 4.20126 4.074 4.13 1 proton 0.127 0.122 0.1 0.093 0.0909090909090909 0.0526315789473684 0.0961538461538462
H5'' ADE 18 1 4.18092 4.251 4.3 0 proton 0.127 0.122 0.1 0.093 0.0909090909090909 0.0526315789473684 0.0961538461538462
H5'' ADE 25 1 4.27609 4.182 3.63 0 proton 0.127 0.122 0.1 0.093 0.0909090909090909 0.0526315789473684 0.0961538461538462
H5'' ADE 29 2 4.19986 4.191 4.31 1 proton 0.127 0.122 0.1 0.093 0.0909090909090909 0.0526315789473684 0.0961538461538462
H5'' ADE 27 1 4.17765 4.16 4.11 0 proton 0.127 0.122 0.1 0.093 0.0909090909090909 0.0526315789473684 0.0961538461538462
H5'' ADE 16 1 4.30099 4.266 4.15 0 proton 0.127 0.122 0.1 0.093 0.0909090909090909 0.0526315789473684 0.0961538461538462
H5'' ADE 5 1 4.56023 4.131 4.31 0 proton 0.127 0.122 0.1 0.093 0.0909090909090909 0.0526315789473684 0.0961538461538462
H5'' ADE 27 2 4.1798 4.16 4.11 1 proton 0.127 0.122 0.1 0.093 0.0909090909090909 0.0526315789473684 0.0961538461538462
H5'' ADE 12 2 4.40234 4.181 4.19 1 proton 0.127 0.122 0.1 0.093 0.0909090909090909 0.0526315789473684 0.0961538461538462
H5'' ADE 5 2 4.48621 3.936 4.31 1 proton 0.127 0.122 0.1 0.093 0.0909090909090909 0.0526315789473684 0.0961538461538462
H5'' ADE 28 1 4.11137 4.142 4.34 0 proton 0.127 0.122 0.1 0.093 0.0909090909090909 0.0526315789473684 0.0961538461538462
H5'' ADE 16 2 4.28306 4.257 4.15 1 proton 0.127 0.122 0.1 0.093 0.0909090909090909 0.0526315789473684 0.0961538461538462
H5'' ADE 25 2 4.29508 4.195 3.63 1 proton 0.127 0.122 0.1 0.093 0.0909090909090909 0.0526315789473684 0.0961538461538462
H5'' ADE 18 2 4.14633 4.258 4.3 1 proton 0.127 0.122 0.1 0.093 0.0909090909090909 0.0526315789473684 0.0961538461538462
H5'' ADE 35 2 4.59393 4.233 4 1 proton 0.127 0.122 0.1 0.093 0.0909090909090909 0.0526315789473684 0.0961538461538462
H5'' ADE 29 1 4.16197 4.211 4.31 0 proton 0.127 0.122 0.1 0.093 0.0909090909090909 0.0526315789473684 0.0961538461538462
H5'' CYT 19 1 4.17711 4.199 4.48 0 proton 0.127 0.133 0.1 0.107 0.0909090909090909 0.0526315789473684 0.0961538461538462
H5'' CYT 20 2 4.22531 4.195 4.22 1 proton 0.127 0.133 0.1 0.107 0.0909090909090909 0.0526315789473684 0.0961538461538462
H5'' CYT 20 1 4.20529 4.294 4.22 0 proton 0.127 0.133 0.1 0.107 0.0909090909090909 0.0526315789473684 0.0961538461538462
H5'' CYT 23 2 4.3822 4.164 4.02 1 proton 0.127 0.133 0.1 0.107 0.0909090909090909 0.0526315789473684 0.0961538461538462
H5'' CYT 33 2 4.28031 4.21 4.09 1 proton 0.127 0.133 0.1 0.107 0.0909090909090909 0.0526315789473684 0.0961538461538462
H5'' CYT 21 2 4.29875 4.171 4.06 1 proton 0.127 0.133 0.1 0.107 0.0909090909090909 0.0526315789473684 0.0961538461538462
H5'' CYT 21 1 4.32801 4.053 4.06 0 proton 0.127 0.133 0.1 0.107 0.0909090909090909 0.0526315789473684 0.0961538461538462
H5'' CYT 33 1 4.30648 4.268 4.09 0 proton 0.127 0.133 0.1 0.107 0.0909090909090909 0.0526315789473684 0.0961538461538462
H5'' CYT 19 2 4.21189 4.185 4.48 1 proton 0.127 0.133 0.1 0.107 0.0909090909090909 0.0526315789473684 0.0961538461538462
H5'' CYT 23 1 4.36419 4.167 4.02 0 proton 0.127 0.133 0.1 0.107 0.0909090909090909 0.0526315789473684 0.0961538461538462
H5'' GUA 2 1 4.43082 4.172 4.13 0 proton 0.127 0.136 0.1 0.106 0.0909090909090909 0.0526315789473684 0.0961538461538462
H5'' GUA 7 1 4.35351 4.2 4.25 0 proton 0.127 0.136 0.1 0.106 0.0909090909090909 0.0526315789473684 0.0961538461538462
H5'' GUA 6 1 4.35269 4.198 4.16 0 proton 0.127 0.136 0.1 0.106 0.0909090909090909 0.0526315789473684 0.0961538461538462
H5'' GUA 13 2 4.51953 4.134 4.25 1 proton 0.127 0.136 0.1 0.106 0.0909090909090909 0.0526315789473684 0.0961538461538462
H5'' GUA 2 2 4.42862 4.152 4.13 1 proton 0.127 0.136 0.1 0.106 0.0909090909090909 0.0526315789473684 0.0961538461538462
H5'' GUA 6 2 4.23877 4.264 4.16 1 proton 0.127 0.136 0.1 0.106 0.0909090909090909 0.0526315789473684 0.0961538461538462
H5'' GUA 4 1 4.29165 4.213 4.35 0 proton 0.127 0.136 0.1 0.106 0.0909090909090909 0.0526315789473684 0.0961538461538462
H5'' GUA 7 2 4.32249 4.188 4.25 1 proton 0.127 0.136 0.1 0.106 0.0909090909090909 0.0526315789473684 0.0961538461538462
H5'' GUA 4 2 4.24658 4.198 4.35 1 proton 0.127 0.136 0.1 0.106 0.0909090909090909 0.0526315789473684 0.0961538461538462
H5'' GUA 13 1 4.29179 4.227 4.25 0 proton 0.127 0.136 0.1 0.106 0.0909090909090909 0.0526315789473684 0.0961538461538462
H6 CYT 20 2 7.76999 7.763 7.8 1 proton 0.111 0.113 0.113 0.108 0.116883116883117 0.175438596491228 0.0807692307692308
H6 CYT 33 1 7.36887 7.595 7.13 0 proton 0.111 0.113 0.113 0.108 0.116883116883117 0.175438596491228 0.0807692307692308
H6 CYT 19 2 7.44277 7.574 7.11 1 proton 0.111 0.113 0.113 0.108 0.116883116883117 0.175438596491228 0.0807692307692308
H6 CYT 21 1 7.75812 7.771 8.06 0 proton 0.111 0.113 0.113 0.108 0.116883116883117 0.175438596491228 0.0807692307692308
H6 CYT 20 1 7.77158 7.831 7.8 0 proton 0.111 0.113 0.113 0.108 0.116883116883117 0.175438596491228 0.0807692307692308
H6 CYT 10 2 7.66258 7.839 8.28 1 proton 0.111 0.113 0.113 0.108 0.116883116883117 0.175438596491228 0.0807692307692308
H6 CYT 23 1 7.89087 7.767 8.23 0 proton 0.111 0.113 0.113 0.108 0.116883116883117 0.175438596491228 0.0807692307692308
H6 CYT 19 1 7.4188 7.646 7.11 0 proton 0.111 0.113 0.113 0.108 0.116883116883117 0.175438596491228 0.0807692307692308
H6 CYT 10 1 7.62444 7.758 8.28 0 proton 0.111 0.113 0.113 0.108 0.116883116883117 0.175438596491228 0.0807692307692308
H6 CYT 23 2 7.89243 7.773 8.23 1 proton 0.111 0.113 0.113 0.108 0.116883116883117 0.175438596491228 0.0807692307692308
H6 CYT 21 2 7.76222 7.778 8.06 1 proton 0.111 0.113 0.113 0.108 0.116883116883117 0.175438596491228 0.0807692307692308
H6 CYT 33 2 7.24559 7.566 7.13 1 proton 0.111 0.113 0.113 0.108 0.116883116883117 0.175438596491228 0.0807692307692308
H8 ADE 12 2 8.16541 8.125 7.95 1 proton 0.182 0.153 0.176 0.164 0.645021645021645 1 0.315384615384615
H8 ADE 28 1 7.78871 8.017 8.55 0 proton 0.182 0.153 0.176 0.164 0.645021645021645 1 0.315384615384615
H8 ADE 30 2 8.02017 7.741 7.7 1 proton 0.182 0.153 0.176 0.164 0.645021645021645 1 0.315384615384615
H8 ADE 12 1 8.15397 8.145 7.95 0 proton 0.182 0.153 0.176 0.164 0.645021645021645 1 0.315384615384615
H8 ADE 35 2 7.98911 8.037 8.02 1 proton 0.182 0.153 0.176 0.164 0.645021645021645 1 0.315384615384615
H8 ADE 3 2 8.74101 8.049 8.32 1 proton 0.182 0.153 0.176 0.164 0.645021645021645 1 0.315384615384615
H8 ADE 5 1 7.59631 7.833 8 0 proton 0.182 0.153 0.176 0.164 0.645021645021645 1 0.315384615384615
H8 ADE 29 1 7.38091 7.945 7.71 0 proton 0.182 0.153 0.176 0.164 0.645021645021645 1 0.315384615384615
H8 ADE 16 1 8.38285 8.11 8.54 0 proton 0.182 0.153 0.176 0.164 0.645021645021645 1 0.315384615384615
H8 ADE 27 1 8.02283 7.985 8.6 0 proton 0.182 0.153 0.176 0.164 0.645021645021645 1 0.315384615384615
H8 ADE 28 2 7.72092 8.083 8.55 1 proton 0.182 0.153 0.176 0.164 0.645021645021645 1 0.315384615384615
H8 ADE 18 1 8.34041 7.878 8.11 0 proton 0.182 0.153 0.176 0.164 0.645021645021645 1 0.315384615384615
H8 ADE 18 2 8.21347 7.923 8.11 1 proton 0.182 0.153 0.176 0.164 0.645021645021645 1 0.315384615384615
H8 ADE 29 2 7.74284 7.922 7.71 1 proton 0.182 0.153 0.176 0.164 0.645021645021645 1 0.315384615384615
H8 ADE 27 2 8.09828 7.979 8.6 1 proton 0.182 0.153 0.176 0.164 0.645021645021645 1 0.315384615384615
H8 ADE 5 2 7.60288 7.847 8 1 proton 0.182 0.153 0.176 0.164 0.645021645021645 1 0.315384615384615
H8 ADE 25 2 8.70894 8.15 8.66 1 proton 0.182 0.153 0.176 0.164 0.645021645021645 1 0.315384615384615
H8 ADE 35 1 7.9982 8.058 8.02 0 proton 0.182 0.153 0.176 0.164 0.645021645021645 1 0.315384615384615
H8 ADE 3 1 8.76909 8.048 8.32 0 proton 0.182 0.153 0.176 0.164 0.645021645021645 1 0.315384615384615
H8 ADE 16 2 8.39655 8.088 8.54 1 proton 0.182 0.153 0.176 0.164 0.645021645021645 1 0.315384615384615
H8 ADE 30 1 7.80757 7.753 7.7 0 proton 0.182 0.153 0.176 0.164 0.645021645021645 1 0.315384615384615
H8 ADE 25 1 8.76316 8.15 8.66 0 proton 0.182 0.153 0.176 0.164 0.645021645021645 1 0.315384615384615
H8 GUA 13 2 7.25075 7.531 7.48 1 proton 0.182 0.205 0.176 0.186 0.645021645021645 1 0.315384615384615
H8 GUA 2 2 7.70057 7.904 7.84 1 proton 0.182 0.205 0.176 0.186 0.645021645021645 1 0.315384615384615
H8 GUA 6 1 7.05547 7.759 6.92 0 proton 0.182 0.205 0.176 0.186 0.645021645021645 1 0.315384615384615
H8 GUA 4 2 7.30969 7.415 7.36 1 proton 0.182 0.205 0.176 0.186 0.645021645021645 1 0.315384615384615
H8 GUA 7 1 7.2278 7.52 7.39 0 proton 0.182 0.205 0.176 0.186 0.645021645021645 1 0.315384615384615
H8 GUA 13 1 7.34526 7.532 7.48 0 proton 0.182 0.205 0.176 0.186 0.645021645021645 1 0.315384615384615
H8 GUA 6 2 7.21653 7.652 6.92 1 proton 0.182 0.205 0.176 0.186 0.645021645021645 1 0.315384615384615
H8 GUA 2 1 7.71294 7.91 7.84 0 proton 0.182 0.205 0.176 0.186 0.645021645021645 1 0.315384615384615
H8 GUA 4 1 7.32945 7.439 7.36 0 proton 0.182 0.205 0.176 0.186 0.645021645021645 1 0.315384615384615
H8 GUA 7 2 7.26714 7.455 7.39 1 proton 0.182 0.205 0.176 0.186 0.645021645021645 1 0.315384615384615
