nucleus resname resid model larmord_predCS ramsey_predCS expCS reference_flag type weight_larmord_1 weight_larmord_2 weight_ramsey_1 weight_ramsey_2 sensi_mean sensi_ramsey sensi_larmord
C1' ADE 26 2 92.1885 92.213 95.63 1 carbon 0.856 0.869 0.683 0.683 0.0519480519480519 0.0614035087719298 0.0538461538461538
C1' ADE 12 1 92.0615 92.722 92.84 0 carbon 0.856 0.869 0.683 0.683 0.0519480519480519 0.0614035087719298 0.0538461538461538
C1' ADE 26 1 92.622 91.785 95.63 0 carbon 0.856 0.869 0.683 0.683 0.0519480519480519 0.0614035087719298 0.0538461538461538
C1' ADE 16 2 91.9677 92.548 93.01 1 carbon 0.856 0.869 0.683 0.683 0.0519480519480519 0.0614035087719298 0.0538461538461538
C1' ADE 9 2 92.1452 92.249 93.54 1 carbon 0.856 0.869 0.683 0.683 0.0519480519480519 0.0614035087719298 0.0538461538461538
C1' ADE 9 1 92.4006 91.564 93.54 0 carbon 0.856 0.869 0.683 0.683 0.0519480519480519 0.0614035087719298 0.0538461538461538
C1' ADE 27 1 92.1093 91.707 93.92 0 carbon 0.856 0.869 0.683 0.683 0.0519480519480519 0.0614035087719298 0.0538461538461538
C1' ADE 12 2 91.948 92.49 92.84 1 carbon 0.856 0.869 0.683 0.683 0.0519480519480519 0.0614035087719298 0.0538461538461538
C1' ADE 16 1 92.1718 92.577 93.01 0 carbon 0.856 0.869 0.683 0.683 0.0519480519480519 0.0614035087719298 0.0538461538461538
C1' ADE 27 2 91.8907 91.661 93.92 1 carbon 0.856 0.869 0.683 0.683 0.0519480519480519 0.0614035087719298 0.0538461538461538
C1' ADE 3 1 92.5367 91.742 92.56 0 carbon 0.856 0.869 0.683 0.683 0.0519480519480519 0.0614035087719298 0.0538461538461538
C1' ADE 3 2 92.4712 92.278 92.56 1 carbon 0.856 0.869 0.683 0.683 0.0519480519480519 0.0614035087719298 0.0538461538461538
C2 ADE 26 1 150.752 153.622 149.3 0 carbon 0.733 0.733 0.633 0.484 0.0303030303030303 0.0219298245614035 0.0615384615384615
C2 ADE 12 2 153.415 153.291 149.5 1 carbon 0.733 0.733 0.633 0.484 0.0303030303030303 0.0219298245614035 0.0615384615384615
C2 ADE 24 2 155.071 154.301 153 1 carbon 0.733 0.733 0.633 0.484 0.0303030303030303 0.0219298245614035 0.0615384615384615
C2 ADE 16 1 152.493 153.626 149.3 0 carbon 0.733 0.733 0.633 0.484 0.0303030303030303 0.0219298245614035 0.0615384615384615
C2 ADE 3 1 153.193 153.903 151.9 0 carbon 0.733 0.733 0.633 0.484 0.0303030303030303 0.0219298245614035 0.0615384615384615
C2 ADE 16 2 152.805 153.229 149.3 1 carbon 0.733 0.733 0.633 0.484 0.0303030303030303 0.0219298245614035 0.0615384615384615
C2 ADE 27 1 151.301 154.073 151.3 0 carbon 0.733 0.733 0.633 0.484 0.0303030303030303 0.0219298245614035 0.0615384615384615
C2 ADE 22 1 149.735 153.926 153.9 0 carbon 0.733 0.733 0.633 0.484 0.0303030303030303 0.0219298245614035 0.0615384615384615
C2 ADE 9 1 154.236 153.991 145.5 0 carbon 0.733 0.733 0.633 0.484 0.0303030303030303 0.0219298245614035 0.0615384615384615
C2 ADE 3 2 153.333 154.057 151.9 1 carbon 0.733 0.733 0.633 0.484 0.0303030303030303 0.0219298245614035 0.0615384615384615
C2 ADE 22 2 151.68 154.288 153.9 1 carbon 0.733 0.733 0.633 0.484 0.0303030303030303 0.0219298245614035 0.0615384615384615
C2 ADE 26 2 152.003 153.452 149.3 1 carbon 0.733 0.733 0.633 0.484 0.0303030303030303 0.0219298245614035 0.0615384615384615
C2 ADE 27 2 152.168 154.027 151.3 1 carbon 0.733 0.733 0.633 0.484 0.0303030303030303 0.0219298245614035 0.0615384615384615
C2 ADE 9 2 153.748 154.18 145.5 1 carbon 0.733 0.733 0.633 0.484 0.0303030303030303 0.0219298245614035 0.0615384615384615
C2 ADE 24 1 155.326 154.692 153 0 carbon 0.733 0.733 0.633 0.484 0.0303030303030303 0.0219298245614035 0.0615384615384615
C2 ADE 12 1 152.583 153.339 149.5 0 carbon 0.733 0.733 0.633 0.484 0.0303030303030303 0.0219298245614035 0.0615384615384615
C2' ADE 27 1 76.5323 75.563 77.51 0 carbon 0.532 0.489 0.489 0.462 0.00865800865800866 0.0043859649122807 0.0153846153846154
C2' ADE 9 1 74.5902 75.737 72.4 0 carbon 0.532 0.489 0.489 0.462 0.00865800865800866 0.0043859649122807 0.0153846153846154
C2' ADE 12 2 75.8316 75.661 76.32 1 carbon 0.532 0.489 0.489 0.462 0.00865800865800866 0.0043859649122807 0.0153846153846154
C2' ADE 3 1 75.1134 75.554 75.61 0 carbon 0.532 0.489 0.489 0.462 0.00865800865800866 0.0043859649122807 0.0153846153846154
C2' ADE 16 2 75.6639 75.442 75.11 1 carbon 0.532 0.489 0.489 0.462 0.00865800865800866 0.0043859649122807 0.0153846153846154
C2' ADE 3 2 75.5589 75.364 75.61 1 carbon 0.532 0.489 0.489 0.462 0.00865800865800866 0.0043859649122807 0.0153846153846154
C2' ADE 16 1 75.7895 75.547 75.11 0 carbon 0.532 0.489 0.489 0.462 0.00865800865800866 0.0043859649122807 0.0153846153846154
C2' ADE 9 2 75.3727 75.673 72.4 1 carbon 0.532 0.489 0.489 0.462 0.00865800865800866 0.0043859649122807 0.0153846153846154
C2' ADE 12 1 75.6741 75.198 76.32 0 carbon 0.532 0.489 0.489 0.462 0.00865800865800866 0.0043859649122807 0.0153846153846154
C2' ADE 27 2 76.4492 75.563 77.51 1 carbon 0.532 0.489 0.489 0.462 0.00865800865800866 0.0043859649122807 0.0153846153846154
C3' ADE 3 1 74.5157 74.654 72.97 0 carbon 1.091 1.11 0.933 0.936 0.0562770562770563 0.0614035087719298 0.0692307692307692
C3' ADE 3 2 73.7945 73.37 72.97 1 carbon 1.091 1.11 0.933 0.936 0.0562770562770563 0.0614035087719298 0.0692307692307692
C4' ADE 3 1 82.5611 83.407 82.16 0 carbon 0.808 0.838 0.593 0.636 0.0346320346320346 0.0745614035087719 0.0423076923076923
C4' ADE 3 2 82.6284 82.504 82.16 1 carbon 0.808 0.838 0.593 0.636 0.0346320346320346 0.0745614035087719 0.0423076923076923
C5 CYT 5 1 98.5365 98.83 97.85 0 carbon 0.859 0.837 0.693 0.452 0.731601731601732 0.780701754385965 0.676923076923077
C5 CYT 11 2 96.9916 98.398 97.75 1 carbon 0.859 0.837 0.693 0.452 0.731601731601732 0.780701754385965 0.676923076923077
C5 CYT 11 1 97.5035 98.362 97.75 0 carbon 0.859 0.837 0.693 0.452 0.731601731601732 0.780701754385965 0.676923076923077
C5 CYT 5 2 98.7811 98.856 97.85 1 carbon 0.859 0.837 0.693 0.452 0.731601731601732 0.780701754385965 0.676923076923077
C5 CYT 10 2 95.9198 98.076 97.76 1 carbon 0.859 0.837 0.693 0.452 0.731601731601732 0.780701754385965 0.676923076923077
C5 CYT 21 1 100.1 99.242 100.5 0 carbon 0.859 0.837 0.693 0.452 0.731601731601732 0.780701754385965 0.676923076923077
C5 CYT 10 1 95.5357 98.059 97.76 0 carbon 0.859 0.837 0.693 0.452 0.731601731601732 0.780701754385965 0.676923076923077
C5 CYT 21 2 99.9445 99.338 100.5 1 carbon 0.859 0.837 0.693 0.452 0.731601731601732 0.780701754385965 0.676923076923077
C6 CYT 5 2 141.463 142.557 139.5 1 carbon 0.734 0.671 0.687 0.54 0.0303030303030303 0.0307017543859649 0.0461538461538462
C6 CYT 11 2 140.588 141.971 138.9 1 carbon 0.734 0.671 0.687 0.54 0.0303030303030303 0.0307017543859649 0.0461538461538462
C6 CYT 21 1 142.988 143.076 141.3 0 carbon 0.734 0.671 0.687 0.54 0.0303030303030303 0.0307017543859649 0.0461538461538462
C6 CYT 5 1 141.106 142.529 139.5 0 carbon 0.734 0.671 0.687 0.54 0.0303030303030303 0.0307017543859649 0.0461538461538462
C6 CYT 21 2 143.477 143.288 141.3 1 carbon 0.734 0.671 0.687 0.54 0.0303030303030303 0.0307017543859649 0.0461538461538462
C6 CYT 10 1 139.473 141.415 139.5 0 carbon 0.734 0.671 0.687 0.54 0.0303030303030303 0.0307017543859649 0.0461538461538462
C6 CYT 4 1 139.612 141.395 138.3 0 carbon 0.734 0.671 0.687 0.54 0.0303030303030303 0.0307017543859649 0.0461538461538462
C6 CYT 4 2 140.666 140.823 138.3 1 carbon 0.734 0.671 0.687 0.54 0.0303030303030303 0.0307017543859649 0.0461538461538462
C6 CYT 11 1 140.907 141.845 138.9 0 carbon 0.734 0.671 0.687 0.54 0.0303030303030303 0.0307017543859649 0.0461538461538462
C6 CYT 10 2 140.585 140.937 139.5 1 carbon 0.734 0.671 0.687 0.54 0.0303030303030303 0.0307017543859649 0.0461538461538462
C8 ADE 23 1 140.107 140.564 139 0 carbon 0.915 0.776 0.786 0.668 0.29004329004329 0.298245614035088 0.276923076923077
C8 ADE 16 1 138.561 139.986 136.6 0 carbon 0.915 0.776 0.786 0.668 0.29004329004329 0.298245614035088 0.276923076923077
C8 ADE 3 1 139.564 140.501 137.2 0 carbon 0.915 0.776 0.786 0.668 0.29004329004329 0.298245614035088 0.276923076923077
C8 ADE 27 1 135.705 139.215 138.4 0 carbon 0.915 0.776 0.786 0.668 0.29004329004329 0.298245614035088 0.276923076923077
C8 ADE 12 2 139.292 140.346 137.6 1 carbon 0.915 0.776 0.786 0.668 0.29004329004329 0.298245614035088 0.276923076923077
C8 ADE 9 2 139.746 140.413 139.7 1 carbon 0.915 0.776 0.786 0.668 0.29004329004329 0.298245614035088 0.276923076923077
C8 ADE 26 1 139.386 140.944 137.5 0 carbon 0.915 0.776 0.786 0.668 0.29004329004329 0.298245614035088 0.276923076923077
C8 ADE 26 2 140.742 141.195 137.5 1 carbon 0.915 0.776 0.786 0.668 0.29004329004329 0.298245614035088 0.276923076923077
C8 ADE 27 2 137.337 139.087 138.4 1 carbon 0.915 0.776 0.786 0.668 0.29004329004329 0.298245614035088 0.276923076923077
C8 ADE 13 1 138.75 140.462 138.7 0 carbon 0.915 0.776 0.786 0.668 0.29004329004329 0.298245614035088 0.276923076923077
C8 ADE 16 2 139.56 139.353 136.6 1 carbon 0.915 0.776 0.786 0.668 0.29004329004329 0.298245614035088 0.276923076923077
C8 ADE 9 1 139.167 141.004 139.7 0 carbon 0.915 0.776 0.786 0.668 0.29004329004329 0.298245614035088 0.276923076923077
C8 ADE 24 1 136.896 140.812 140 0 carbon 0.915 0.776 0.786 0.668 0.29004329004329 0.298245614035088 0.276923076923077
C8 ADE 12 1 138.718 140.73 137.6 0 carbon 0.915 0.776 0.786 0.668 0.29004329004329 0.298245614035088 0.276923076923077
C8 ADE 23 2 140.72 141.002 139 1 carbon 0.915 0.776 0.786 0.668 0.29004329004329 0.298245614035088 0.276923076923077
C8 ADE 13 2 139.382 139.689 138.7 1 carbon 0.915 0.776 0.786 0.668 0.29004329004329 0.298245614035088 0.276923076923077
C8 ADE 3 2 140.031 140.021 137.2 1 carbon 0.915 0.776 0.786 0.668 0.29004329004329 0.298245614035088 0.276923076923077
C8 ADE 24 2 137.984 140.119 140 1 carbon 0.915 0.776 0.786 0.668 0.29004329004329 0.298245614035088 0.276923076923077
C8 GUA 28 2 137.319 138.021 137.4 1 carbon 0.915 1.022 0.786 0.888 0.29004329004329 0.298245614035088 0.276923076923077
C8 GUA 28 1 136.738 138.081 137.4 0 carbon 0.915 1.022 0.786 0.888 0.29004329004329 0.298245614035088 0.276923076923077
C8 GUA 17 2 136.436 136.48 133.4 1 carbon 0.915 1.022 0.786 0.888 0.29004329004329 0.298245614035088 0.276923076923077
C8 GUA 18 1 137.423 137.525 134.2 0 carbon 0.915 1.022 0.786 0.888 0.29004329004329 0.298245614035088 0.276923076923077
C8 GUA 30 2 137.193 136.671 134.4 1 carbon 0.915 1.022 0.786 0.888 0.29004329004329 0.298245614035088 0.276923076923077
C8 GUA 30 1 136.739 137.389 134.4 0 carbon 0.915 1.022 0.786 0.888 0.29004329004329 0.298245614035088 0.276923076923077
C8 GUA 31 1 137.264 137.215 133.5 0 carbon 0.915 1.022 0.786 0.888 0.29004329004329 0.298245614035088 0.276923076923077
C8 GUA 18 2 137.207 137.22 134.2 1 carbon 0.915 1.022 0.786 0.888 0.29004329004329 0.298245614035088 0.276923076923077
C8 GUA 31 2 136.634 136.989 133.5 1 carbon 0.915 1.022 0.786 0.888 0.29004329004329 0.298245614035088 0.276923076923077
C8 GUA 17 1 136.269 136.969 133.4 0 carbon 0.915 1.022 0.786 0.888 0.29004329004329 0.298245614035088 0.276923076923077
H1' ADE 22 1 5.8095 5.432 5.939 0 proton 0.177 0.169 0.165 0.166 0.298701298701299 0.364035087719298 0.192307692307692
H1' ADE 16 2 5.89364 5.73 5.682 1 proton 0.177 0.169 0.165 0.166 0.298701298701299 0.364035087719298 0.192307692307692
H1' ADE 23 1 5.76759 5.658 5.762 0 proton 0.177 0.169 0.165 0.166 0.298701298701299 0.364035087719298 0.192307692307692
H1' ADE 27 1 5.80751 5.624 6.129 0 proton 0.177 0.169 0.165 0.166 0.298701298701299 0.364035087719298 0.192307692307692
H1' ADE 12 2 5.84492 5.597 5.893 1 proton 0.177 0.169 0.165 0.166 0.298701298701299 0.364035087719298 0.192307692307692
H1' ADE 9 1 5.8304 5.714 6.14 0 proton 0.177 0.169 0.165 0.166 0.298701298701299 0.364035087719298 0.192307692307692
H1' ADE 16 1 5.85989 5.749 5.682 0 proton 0.177 0.169 0.165 0.166 0.298701298701299 0.364035087719298 0.192307692307692
H1' ADE 3 1 5.67548 5.689 6.163 0 proton 0.177 0.169 0.165 0.166 0.298701298701299 0.364035087719298 0.192307692307692
H1' ADE 13 1 5.68424 5.703 6.166 0 proton 0.177 0.169 0.165 0.166 0.298701298701299 0.364035087719298 0.192307692307692
H1' ADE 27 2 5.84187 5.666 6.129 1 proton 0.177 0.169 0.165 0.166 0.298701298701299 0.364035087719298 0.192307692307692
H1' ADE 9 2 5.87302 5.661 6.14 1 proton 0.177 0.169 0.165 0.166 0.298701298701299 0.364035087719298 0.192307692307692
H1' ADE 22 2 5.70511 5.343 5.939 1 proton 0.177 0.169 0.165 0.166 0.298701298701299 0.364035087719298 0.192307692307692
H1' ADE 26 1 5.8719 5.605 5.987 0 proton 0.177 0.169 0.165 0.166 0.298701298701299 0.364035087719298 0.192307692307692
H1' ADE 13 2 5.72498 5.607 6.166 1 proton 0.177 0.169 0.165 0.166 0.298701298701299 0.364035087719298 0.192307692307692
H1' ADE 3 2 5.72474 5.742 6.163 1 proton 0.177 0.169 0.165 0.166 0.298701298701299 0.364035087719298 0.192307692307692
H1' ADE 26 2 5.86069 5.71 5.987 1 proton 0.177 0.169 0.165 0.166 0.298701298701299 0.364035087719298 0.192307692307692
H1' ADE 12 1 5.83904 5.763 5.893 0 proton 0.177 0.169 0.165 0.166 0.298701298701299 0.364035087719298 0.192307692307692
H1' ADE 23 2 5.76974 5.703 5.762 1 proton 0.177 0.169 0.165 0.166 0.298701298701299 0.364035087719298 0.192307692307692
H1' CYT 11 2 5.47319 5.258 5.524 1 proton 0.177 0.185 0.165 0.16 0.298701298701299 0.364035087719298 0.192307692307692
H1' CYT 4 1 5.34638 5.253 5.585 0 proton 0.177 0.185 0.165 0.16 0.298701298701299 0.364035087719298 0.192307692307692
H1' CYT 21 2 5.63297 5.629 5.929 1 proton 0.177 0.185 0.165 0.16 0.298701298701299 0.364035087719298 0.192307692307692
H1' CYT 11 1 5.49142 5.108 5.524 0 proton 0.177 0.185 0.165 0.16 0.298701298701299 0.364035087719298 0.192307692307692
H1' CYT 8 1 5.43448 5.348 5.987 0 proton 0.177 0.185 0.165 0.16 0.298701298701299 0.364035087719298 0.192307692307692
H1' CYT 10 1 5.45309 5.364 5.509 0 proton 0.177 0.185 0.165 0.16 0.298701298701299 0.364035087719298 0.192307692307692
H1' CYT 10 2 5.44894 5.223 5.509 1 proton 0.177 0.185 0.165 0.16 0.298701298701299 0.364035087719298 0.192307692307692
H1' CYT 5 2 5.25584 5.233 5.584 1 proton 0.177 0.185 0.165 0.16 0.298701298701299 0.364035087719298 0.192307692307692
H1' CYT 5 1 5.53433 5.22 5.584 0 proton 0.177 0.185 0.165 0.16 0.298701298701299 0.364035087719298 0.192307692307692
H1' CYT 8 2 5.4362 5.54 5.987 1 proton 0.177 0.185 0.165 0.16 0.298701298701299 0.364035087719298 0.192307692307692
H1' CYT 4 2 5.38638 5.487 5.585 1 proton 0.177 0.185 0.165 0.16 0.298701298701299 0.364035087719298 0.192307692307692
H1' CYT 21 1 5.48615 5.577 5.929 0 proton 0.177 0.185 0.165 0.16 0.298701298701299 0.364035087719298 0.192307692307692
H1' GUA 30 2 5.65375 5.467 5.881 1 proton 0.177 0.19 0.165 0.189 0.298701298701299 0.364035087719298 0.192307692307692
H1' GUA 17 2 5.55356 5.513 5.545 1 proton 0.177 0.19 0.165 0.189 0.298701298701299 0.364035087719298 0.192307692307692
H1' GUA 28 1 5.61702 5.679 6.308 0 proton 0.177 0.19 0.165 0.189 0.298701298701299 0.364035087719298 0.192307692307692
H1' GUA 18 1 5.5971 5.629 5.912 0 proton 0.177 0.19 0.165 0.189 0.298701298701299 0.364035087719298 0.192307692307692
H1' GUA 31 2 5.63017 5.493 5.665 1 proton 0.177 0.19 0.165 0.189 0.298701298701299 0.364035087719298 0.192307692307692
H1' GUA 17 1 5.53653 5.488 5.545 0 proton 0.177 0.19 0.165 0.189 0.298701298701299 0.364035087719298 0.192307692307692
H1' GUA 28 2 5.64431 5.714 6.308 1 proton 0.177 0.19 0.165 0.189 0.298701298701299 0.364035087719298 0.192307692307692
H1' GUA 31 1 5.62722 5.636 5.665 0 proton 0.177 0.19 0.165 0.189 0.298701298701299 0.364035087719298 0.192307692307692
H1' GUA 18 2 5.59672 5.648 5.912 1 proton 0.177 0.19 0.165 0.189 0.298701298701299 0.364035087719298 0.192307692307692
H1' GUA 30 1 5.66243 5.592 5.881 0 proton 0.177 0.19 0.165 0.189 0.298701298701299 0.364035087719298 0.192307692307692
H2 ADE 24 1 8.65349 8.049 8.208 0 proton 0.237 0.237 0.185 0.185 1 0.592105263157895 1
H2 ADE 13 2 7.30971 7.763 8.299 1 proton 0.237 0.237 0.185 0.185 1 0.592105263157895 1
H2 ADE 16 2 7.14584 7.273 6.247 1 proton 0.237 0.237 0.185 0.185 1 0.592105263157895 1
H2 ADE 16 1 6.64402 7.236 6.247 0 proton 0.237 0.237 0.185 0.185 1 0.592105263157895 1
H2 ADE 24 2 8.34524 7.922 8.208 1 proton 0.237 0.237 0.185 0.185 1 0.592105263157895 1
H2 ADE 27 1 7.09715 7.404 7.574 0 proton 0.237 0.237 0.185 0.185 1 0.592105263157895 1
H2 ADE 12 2 7.32219 7.507 6.646 1 proton 0.237 0.237 0.185 0.185 1 0.592105263157895 1
H2 ADE 23 1 7.75181 7.76 8.355 0 proton 0.237 0.237 0.185 0.185 1 0.592105263157895 1
H2 ADE 3 2 7.63488 7.919 8.194 1 proton 0.237 0.237 0.185 0.185 1 0.592105263157895 1
H2 ADE 12 1 6.80474 7.367 6.646 0 proton 0.237 0.237 0.185 0.185 1 0.592105263157895 1
H2 ADE 26 2 6.54977 7.283 6.444 1 proton 0.237 0.237 0.185 0.185 1 0.592105263157895 1
H2 ADE 22 2 7.94213 7.912 8.01 1 proton 0.237 0.237 0.185 0.185 1 0.592105263157895 1
H2 ADE 23 2 7.79095 7.846 8.355 1 proton 0.237 0.237 0.185 0.185 1 0.592105263157895 1
H2 ADE 9 1 7.64142 7.843 7.547 0 proton 0.237 0.237 0.185 0.185 1 0.592105263157895 1
H2 ADE 27 2 7.19266 7.521 7.574 1 proton 0.237 0.237 0.185 0.185 1 0.592105263157895 1
H2 ADE 26 1 5.63436 7.21 6.444 0 proton 0.237 0.237 0.185 0.185 1 0.592105263157895 1
H2 ADE 3 1 7.50816 7.681 8.194 0 proton 0.237 0.237 0.185 0.185 1 0.592105263157895 1
H2 ADE 22 1 7.5485 7.674 8.01 0 proton 0.237 0.237 0.185 0.185 1 0.592105263157895 1
H2 ADE 13 1 7.15097 7.835 8.299 0 proton 0.237 0.237 0.185 0.185 1 0.592105263157895 1
H2 ADE 9 2 7.6995 7.754 7.547 1 proton 0.237 0.237 0.185 0.185 1 0.592105263157895 1
H2' ADE 3 2 4.17069 4.547 4.909 1 proton 0.137 0.133 0.13 0.14 0.108225108225108 0.219298245614035 0.0923076923076923
H2' ADE 13 1 4.29276 4.671 4.714 0 proton 0.137 0.133 0.13 0.14 0.108225108225108 0.219298245614035 0.0923076923076923
H2' ADE 12 2 4.28996 4.572 4.532 1 proton 0.137 0.133 0.13 0.14 0.108225108225108 0.219298245614035 0.0923076923076923
H2' ADE 26 1 4.59458 4.63 4.817 0 proton 0.137 0.133 0.13 0.14 0.108225108225108 0.219298245614035 0.0923076923076923
H2' ADE 9 1 4.29168 4.644 4.73 0 proton 0.137 0.133 0.13 0.14 0.108225108225108 0.219298245614035 0.0923076923076923
H2' ADE 16 1 4.40881 4.622 4.609 0 proton 0.137 0.133 0.13 0.14 0.108225108225108 0.219298245614035 0.0923076923076923
H2' ADE 12 1 4.40437 4.584 4.532 0 proton 0.137 0.133 0.13 0.14 0.108225108225108 0.219298245614035 0.0923076923076923
H2' ADE 9 2 4.35887 4.546 4.73 1 proton 0.137 0.133 0.13 0.14 0.108225108225108 0.219298245614035 0.0923076923076923
H2' ADE 27 2 4.699 4.63 5.187 1 proton 0.137 0.133 0.13 0.14 0.108225108225108 0.219298245614035 0.0923076923076923
H2' ADE 13 2 4.34221 4.565 4.714 1 proton 0.137 0.133 0.13 0.14 0.108225108225108 0.219298245614035 0.0923076923076923
H2' ADE 3 1 4.01131 4.704 4.909 0 proton 0.137 0.133 0.13 0.14 0.108225108225108 0.219298245614035 0.0923076923076923
H2' ADE 27 1 4.37239 4.6 5.187 0 proton 0.137 0.133 0.13 0.14 0.108225108225108 0.219298245614035 0.0923076923076923
H2' ADE 26 2 4.58296 4.615 4.817 1 proton 0.137 0.133 0.13 0.14 0.108225108225108 0.219298245614035 0.0923076923076923
H2' ADE 16 2 4.59317 4.546 4.609 1 proton 0.137 0.133 0.13 0.14 0.108225108225108 0.219298245614035 0.0923076923076923
H2' CYT 5 2 3.99205 4.342 4.78 1 proton 0.137 0.13 0.13 0.121 0.108225108225108 0.219298245614035 0.0923076923076923
H2' CYT 11 1 4.17336 4.475 4.65 0 proton 0.137 0.13 0.13 0.121 0.108225108225108 0.219298245614035 0.0923076923076923
H2' CYT 4 2 3.81442 4.321 4.29 1 proton 0.137 0.13 0.13 0.121 0.108225108225108 0.219298245614035 0.0923076923076923
H2' CYT 8 1 4.16867 4.459 4.633 0 proton 0.137 0.13 0.13 0.121 0.108225108225108 0.219298245614035 0.0923076923076923
H2' CYT 5 1 3.87383 4.346 4.78 0 proton 0.137 0.13 0.13 0.121 0.108225108225108 0.219298245614035 0.0923076923076923
H2' CYT 11 2 4.16901 4.471 4.65 1 proton 0.137 0.13 0.13 0.121 0.108225108225108 0.219298245614035 0.0923076923076923
H2' CYT 10 1 4.2493 4.458 4.215 0 proton 0.137 0.13 0.13 0.121 0.108225108225108 0.219298245614035 0.0923076923076923
H2' CYT 8 2 4.17292 4.478 4.633 1 proton 0.137 0.13 0.13 0.121 0.108225108225108 0.219298245614035 0.0923076923076923
H2' CYT 4 1 3.86517 4.327 4.29 0 proton 0.137 0.13 0.13 0.121 0.108225108225108 0.219298245614035 0.0923076923076923
H2' CYT 10 2 4.20439 4.451 4.215 1 proton 0.137 0.13 0.13 0.121 0.108225108225108 0.219298245614035 0.0923076923076923
H2' GUA 17 1 4.6271 4.569 4.716 0 proton 0.137 0.137 0.13 0.119 0.108225108225108 0.219298245614035 0.0923076923076923
H2' GUA 28 2 4.33826 4.63 4.835 1 proton 0.137 0.137 0.13 0.119 0.108225108225108 0.219298245614035 0.0923076923076923
H2' GUA 18 2 4.28953 4.553 4.753 1 proton 0.137 0.137 0.13 0.119 0.108225108225108 0.219298245614035 0.0923076923076923
H2' GUA 31 2 4.28983 4.527 4.479 1 proton 0.137 0.137 0.13 0.119 0.108225108225108 0.219298245614035 0.0923076923076923
H2' GUA 30 1 4.34279 4.569 4.769 0 proton 0.137 0.137 0.13 0.119 0.108225108225108 0.219298245614035 0.0923076923076923
H2' GUA 31 1 4.40658 4.61 4.479 0 proton 0.137 0.137 0.13 0.119 0.108225108225108 0.219298245614035 0.0923076923076923
H2' GUA 30 2 4.45697 4.503 4.769 1 proton 0.137 0.137 0.13 0.119 0.108225108225108 0.219298245614035 0.0923076923076923
H2' GUA 28 1 4.37611 4.615 4.835 0 proton 0.137 0.137 0.13 0.119 0.108225108225108 0.219298245614035 0.0923076923076923
H2' GUA 18 1 4.3833 4.631 4.753 0 proton 0.137 0.137 0.13 0.119 0.108225108225108 0.219298245614035 0.0923076923076923
H2' GUA 17 2 4.63078 4.525 4.716 1 proton 0.137 0.137 0.13 0.119 0.108225108225108 0.219298245614035 0.0923076923076923
H3' ADE 27 2 4.72196 4.548 4.744 1 proton 0.119 0.129 0.107 0.107 0.0865800865800866 0.131578947368421 0.0730769230769231
H3' ADE 3 2 4.57719 4.567 4.767 1 proton 0.119 0.129 0.107 0.107 0.0865800865800866 0.131578947368421 0.0730769230769231
H3' ADE 9 2 4.69258 4.635 4.861 1 proton 0.119 0.129 0.107 0.107 0.0865800865800866 0.131578947368421 0.0730769230769231
H3' ADE 3 1 4.59256 4.577 4.767 0 proton 0.119 0.129 0.107 0.107 0.0865800865800866 0.131578947368421 0.0730769230769231
H3' ADE 12 1 4.60141 4.571 4.848 0 proton 0.119 0.129 0.107 0.107 0.0865800865800866 0.131578947368421 0.0730769230769231
H3' ADE 12 2 4.60844 4.625 4.848 1 proton 0.119 0.129 0.107 0.107 0.0865800865800866 0.131578947368421 0.0730769230769231
H3' ADE 9 1 4.731 4.647 4.861 0 proton 0.119 0.129 0.107 0.107 0.0865800865800866 0.131578947368421 0.0730769230769231
H3' ADE 27 1 4.6949 4.543 4.744 0 proton 0.119 0.129 0.107 0.107 0.0865800865800866 0.131578947368421 0.0730769230769231
H3' ADE 16 1 4.61811 4.583 4.68 0 proton 0.119 0.129 0.107 0.107 0.0865800865800866 0.131578947368421 0.0730769230769231
H3' ADE 16 2 4.63298 4.618 4.68 1 proton 0.119 0.129 0.107 0.107 0.0865800865800866 0.131578947368421 0.0730769230769231
H3' CYT 10 1 4.3781 4.522 4.624 0 proton 0.119 0.105 0.107 0.099 0.0865800865800866 0.131578947368421 0.0730769230769231
H3' CYT 10 2 4.40421 4.474 4.624 1 proton 0.119 0.105 0.107 0.099 0.0865800865800866 0.131578947368421 0.0730769230769231
H3' CYT 4 1 4.41247 4.526 4.421 0 proton 0.119 0.105 0.107 0.099 0.0865800865800866 0.131578947368421 0.0730769230769231
H3' CYT 8 1 4.42336 4.522 4.688 0 proton 0.119 0.105 0.107 0.099 0.0865800865800866 0.131578947368421 0.0730769230769231
H3' CYT 4 2 4.40275 4.522 4.421 1 proton 0.119 0.105 0.107 0.099 0.0865800865800866 0.131578947368421 0.0730769230769231
H3' CYT 11 1 4.45045 4.564 4.708 0 proton 0.119 0.105 0.107 0.099 0.0865800865800866 0.131578947368421 0.0730769230769231
H3' CYT 8 2 4.41021 4.525 4.688 1 proton 0.119 0.105 0.107 0.099 0.0865800865800866 0.131578947368421 0.0730769230769231
H3' CYT 11 2 4.47008 4.614 4.708 1 proton 0.119 0.105 0.107 0.099 0.0865800865800866 0.131578947368421 0.0730769230769231
H3' CYT 5 2 4.27259 4.473 4.406 1 proton 0.119 0.105 0.107 0.099 0.0865800865800866 0.131578947368421 0.0730769230769231
H3' CYT 5 1 4.2676 4.52 4.406 0 proton 0.119 0.105 0.107 0.099 0.0865800865800866 0.131578947368421 0.0730769230769231
H3' GUA 17 1 4.53666 4.51 4.558 0 proton 0.119 0.129 0.107 0.12 0.0865800865800866 0.131578947368421 0.0730769230769231
H3' GUA 31 1 4.59561 4.604 4.522 0 proton 0.119 0.129 0.107 0.12 0.0865800865800866 0.131578947368421 0.0730769230769231
H3' GUA 28 2 5.24915 4.662 4.482 1 proton 0.119 0.129 0.107 0.12 0.0865800865800866 0.131578947368421 0.0730769230769231
H3' GUA 17 2 4.52372 4.551 4.558 1 proton 0.119 0.129 0.107 0.12 0.0865800865800866 0.131578947368421 0.0730769230769231
H3' GUA 28 1 5.0839 4.706 4.482 0 proton 0.119 0.129 0.107 0.12 0.0865800865800866 0.131578947368421 0.0730769230769231
H3' GUA 31 2 4.50521 4.52 4.522 1 proton 0.119 0.129 0.107 0.12 0.0865800865800866 0.131578947368421 0.0730769230769231
H4' ADE 3 2 4.48201 4.433 4.699 1 proton 0.091 0.083 0.079 0.072 0.038961038961039 0.0482456140350877 0.0346153846153846
H4' ADE 27 2 4.45831 4.428 4.525 1 proton 0.091 0.083 0.079 0.072 0.038961038961039 0.0482456140350877 0.0346153846153846
H4' ADE 3 1 4.48985 4.43 4.699 0 proton 0.091 0.083 0.079 0.072 0.038961038961039 0.0482456140350877 0.0346153846153846
H4' ADE 9 2 4.49745 4.452 4.642 1 proton 0.091 0.083 0.079 0.072 0.038961038961039 0.0482456140350877 0.0346153846153846
H4' ADE 27 1 4.44589 4.433 4.525 0 proton 0.091 0.083 0.079 0.072 0.038961038961039 0.0482456140350877 0.0346153846153846
H4' ADE 9 1 4.4979 4.482 4.642 0 proton 0.091 0.083 0.079 0.072 0.038961038961039 0.0482456140350877 0.0346153846153846
H4' ADE 12 2 4.43301 4.435 4.634 1 proton 0.091 0.083 0.079 0.072 0.038961038961039 0.0482456140350877 0.0346153846153846
H4' ADE 12 1 4.443 4.464 4.634 0 proton 0.091 0.083 0.079 0.072 0.038961038961039 0.0482456140350877 0.0346153846153846
H4' CYT 11 1 4.29945 4.402 4.495 0 proton 0.091 0.106 0.079 0.083 0.038961038961039 0.0482456140350877 0.0346153846153846
H4' CYT 4 2 4.33007 4.417 4.613 1 proton 0.091 0.106 0.079 0.083 0.038961038961039 0.0482456140350877 0.0346153846153846
H4' CYT 5 1 3.7923 4.319 4.075 0 proton 0.091 0.106 0.079 0.083 0.038961038961039 0.0482456140350877 0.0346153846153846
H4' CYT 5 2 3.96353 4.244 4.075 1 proton 0.091 0.106 0.079 0.083 0.038961038961039 0.0482456140350877 0.0346153846153846
H4' CYT 4 1 4.52309 4.275 4.613 0 proton 0.091 0.106 0.079 0.083 0.038961038961039 0.0482456140350877 0.0346153846153846
H4' CYT 11 2 4.32015 4.412 4.495 1 proton 0.091 0.106 0.079 0.083 0.038961038961039 0.0482456140350877 0.0346153846153846
H4' GUA 17 1 4.47611 4.445 4.495 0 proton 0.091 0.083 0.079 0.077 0.038961038961039 0.0482456140350877 0.0346153846153846
H4' GUA 17 2 4.47528 4.435 4.495 1 proton 0.091 0.083 0.079 0.077 0.038961038961039 0.0482456140350877 0.0346153846153846
H4' GUA 28 2 4.41134 4.428 4.787 1 proton 0.091 0.083 0.079 0.077 0.038961038961039 0.0482456140350877 0.0346153846153846
H4' GUA 30 2 4.49881 4.444 4.588 1 proton 0.091 0.083 0.079 0.077 0.038961038961039 0.0482456140350877 0.0346153846153846
H4' GUA 28 1 4.40747 4.443 4.787 0 proton 0.091 0.083 0.079 0.077 0.038961038961039 0.0482456140350877 0.0346153846153846
H4' GUA 30 1 4.50998 4.458 4.588 0 proton 0.091 0.083 0.079 0.077 0.038961038961039 0.0482456140350877 0.0346153846153846
H5 CYT 5 1 5.35882 5.676 5.595 0 proton 0.154 0.137 0.146 0.128 0.354978354978355 0.276315789473684 0.296153846153846
H5 CYT 4 1 4.50262 5.479 5.436 0 proton 0.154 0.137 0.146 0.128 0.354978354978355 0.276315789473684 0.296153846153846
H5 CYT 10 2 5.15283 5.485 5.069 1 proton 0.154 0.137 0.146 0.128 0.354978354978355 0.276315789473684 0.296153846153846
H5 CYT 8 2 5.5856 5.818 5.888 1 proton 0.154 0.137 0.146 0.128 0.354978354978355 0.276315789473684 0.296153846153846
H5 CYT 4 2 5.12609 5.461 5.436 1 proton 0.154 0.137 0.146 0.128 0.354978354978355 0.276315789473684 0.296153846153846
H5 CYT 11 1 5.24417 5.604 5.406 0 proton 0.154 0.137 0.146 0.128 0.354978354978355 0.276315789473684 0.296153846153846
H5 CYT 5 2 5.48031 5.813 5.595 1 proton 0.154 0.137 0.146 0.128 0.354978354978355 0.276315789473684 0.296153846153846
H5 CYT 21 2 5.77517 5.833 6.415 1 proton 0.154 0.137 0.146 0.128 0.354978354978355 0.276315789473684 0.296153846153846
H5 CYT 10 1 4.69979 5.475 5.069 0 proton 0.154 0.137 0.146 0.128 0.354978354978355 0.276315789473684 0.296153846153846
H5 CYT 21 1 5.66345 5.822 6.415 0 proton 0.154 0.137 0.146 0.128 0.354978354978355 0.276315789473684 0.296153846153846
H5 CYT 8 1 5.51948 5.823 5.888 0 proton 0.154 0.137 0.146 0.128 0.354978354978355 0.276315789473684 0.296153846153846
H5 CYT 11 2 5.37467 5.608 5.406 1 proton 0.154 0.137 0.146 0.128 0.354978354978355 0.276315789473684 0.296153846153846
H5' GUA 28 2 4.46702 4.317 5.272 1 proton 0.17 0.152 0.142 0.125 0.619047619047619 0.0570175438596491 0.746153846153846
H5' GUA 28 1 4.50766 4.3 5.272 0 proton 0.17 0.152 0.142 0.125 0.619047619047619 0.0570175438596491 0.746153846153846
H6 CYT 11 1 7.60253 7.863 7.974 0 proton 0.111 0.113 0.113 0.108 0.116883116883117 0.175438596491228 0.0807692307692308
H6 CYT 4 2 7.43649 7.589 7.464 1 proton 0.111 0.113 0.113 0.108 0.116883116883117 0.175438596491228 0.0807692307692308
H6 CYT 4 1 7.16631 7.608 7.464 0 proton 0.111 0.113 0.113 0.108 0.116883116883117 0.175438596491228 0.0807692307692308
H6 CYT 8 1 7.80469 7.879 7.944 0 proton 0.111 0.113 0.113 0.108 0.116883116883117 0.175438596491228 0.0807692307692308
H6 CYT 10 1 7.33087 7.758 8.063 0 proton 0.111 0.113 0.113 0.108 0.116883116883117 0.175438596491228 0.0807692307692308
H6 CYT 11 2 7.57393 7.85 7.974 1 proton 0.111 0.113 0.113 0.108 0.116883116883117 0.175438596491228 0.0807692307692308
H6 CYT 5 2 7.53957 7.769 7.848 1 proton 0.111 0.113 0.113 0.108 0.116883116883117 0.175438596491228 0.0807692307692308
H6 CYT 21 2 7.78987 7.666 7.671 1 proton 0.111 0.113 0.113 0.108 0.116883116883117 0.175438596491228 0.0807692307692308
H6 CYT 10 2 7.51966 7.628 8.063 1 proton 0.111 0.113 0.113 0.108 0.116883116883117 0.175438596491228 0.0807692307692308
H6 CYT 21 1 7.69092 7.637 7.671 0 proton 0.111 0.113 0.113 0.108 0.116883116883117 0.175438596491228 0.0807692307692308
H6 CYT 5 1 7.47159 7.694 7.848 0 proton 0.111 0.113 0.113 0.108 0.116883116883117 0.175438596491228 0.0807692307692308
H6 CYT 8 2 7.78684 7.915 7.944 1 proton 0.111 0.113 0.113 0.108 0.116883116883117 0.175438596491228 0.0807692307692308
H8 ADE 13 2 7.75895 7.98 8.379 1 proton 0.182 0.153 0.176 0.164 0.645021645021645 1 0.315384615384615
H8 ADE 16 2 8.04641 7.975 8.012 1 proton 0.182 0.153 0.176 0.164 0.645021645021645 1 0.315384615384615
H8 ADE 26 2 8.30522 8.09 7.683 1 proton 0.182 0.153 0.176 0.164 0.645021645021645 1 0.315384615384615
H8 ADE 22 2 7.98245 8.109 7.772 1 proton 0.182 0.153 0.176 0.164 0.645021645021645 1 0.315384615384615
H8 ADE 23 2 8.23639 7.944 8.34 1 proton 0.182 0.153 0.176 0.164 0.645021645021645 1 0.315384615384615
H8 ADE 3 2 7.89786 7.96 8.205 1 proton 0.182 0.153 0.176 0.164 0.645021645021645 1 0.315384615384615
H8 ADE 9 1 8.08858 8.059 8.792 0 proton 0.182 0.153 0.176 0.164 0.645021645021645 1 0.315384615384615
H8 ADE 24 1 7.78761 8.056 8.352 0 proton 0.182 0.153 0.176 0.164 0.645021645021645 1 0.315384615384615
H8 ADE 13 1 7.50692 7.875 8.379 0 proton 0.182 0.153 0.176 0.164 0.645021645021645 1 0.315384615384615
H8 ADE 22 1 8.00238 8.126 7.772 0 proton 0.182 0.153 0.176 0.164 0.645021645021645 1 0.315384615384615
H8 ADE 23 1 8.34462 7.859 8.34 0 proton 0.182 0.153 0.176 0.164 0.645021645021645 1 0.315384615384615
H8 ADE 16 1 7.93445 8.022 8.012 0 proton 0.182 0.153 0.176 0.164 0.645021645021645 1 0.315384615384615
H8 ADE 24 2 7.88775 7.947 8.352 1 proton 0.182 0.153 0.176 0.164 0.645021645021645 1 0.315384615384615
H8 ADE 26 1 8.39025 8.071 7.683 0 proton 0.182 0.153 0.176 0.164 0.645021645021645 1 0.315384615384615
H8 ADE 12 2 8.01497 8.062 8.075 1 proton 0.182 0.153 0.176 0.164 0.645021645021645 1 0.315384615384615
H8 ADE 27 2 7.40338 7.749 7.849 1 proton 0.182 0.153 0.176 0.164 0.645021645021645 1 0.315384615384615
H8 ADE 27 1 7.11369 7.785 7.849 0 proton 0.182 0.153 0.176 0.164 0.645021645021645 1 0.315384615384615
H8 ADE 9 2 8.27001 8.101 8.792 1 proton 0.182 0.153 0.176 0.164 0.645021645021645 1 0.315384615384615
H8 ADE 3 1 7.75052 7.904 8.205 0 proton 0.182 0.153 0.176 0.164 0.645021645021645 1 0.315384615384615
H8 ADE 12 1 7.89717 8.067 8.075 0 proton 0.182 0.153 0.176 0.164 0.645021645021645 1 0.315384615384615
H8 GUA 28 2 7.77805 7.722 8.025 1 proton 0.182 0.205 0.176 0.186 0.645021645021645 1 0.315384615384615
H8 GUA 18 2 7.38028 7.494 7.273 1 proton 0.182 0.205 0.176 0.186 0.645021645021645 1 0.315384615384615
H8 GUA 17 2 7.21736 7.335 7.173 1 proton 0.182 0.205 0.176 0.186 0.645021645021645 1 0.315384615384615
H8 GUA 31 1 7.21139 7.444 7.219 0 proton 0.182 0.205 0.176 0.186 0.645021645021645 1 0.315384615384615
H8 GUA 28 1 7.82351 7.74 8.025 0 proton 0.182 0.205 0.176 0.186 0.645021645021645 1 0.315384615384615
H8 GUA 31 2 7.34177 7.497 7.219 1 proton 0.182 0.205 0.176 0.186 0.645021645021645 1 0.315384615384615
H8 GUA 18 1 7.31364 7.503 7.273 0 proton 0.182 0.205 0.176 0.186 0.645021645021645 1 0.315384615384615
H8 GUA 30 1 7.60763 7.731 7.857 0 proton 0.182 0.205 0.176 0.186 0.645021645021645 1 0.315384615384615
H8 GUA 30 2 7.72319 7.7 7.857 1 proton 0.182 0.205 0.176 0.186 0.645021645021645 1 0.315384615384615
H8 GUA 17 1 7.13653 7.434 7.173 0 proton 0.182 0.205 0.176 0.186 0.645021645021645 1 0.315384615384615
