nucleus resname resid model larmord_predCS ramsey_predCS expCS reference_flag type weight_larmord_1 weight_larmord_2 weight_ramsey_1 weight_ramsey_2
C1' ADE 7 1 92.2175 92.175 89.128 0 carbon 0.856 0.869 0.683 0.683
C1' ADE 9 2 92.7389 92.184 89.345 1 carbon 0.856 0.869 0.683 0.683
C1' ADE 16 2 92.1679 92.4 90.234 1 carbon 0.856 0.869 0.683 0.683
C1' ADE 16 1 92.1867 92.408 90.234 0 carbon 0.856 0.869 0.683 0.683
C1' ADE 5 1 92.6632 92.524 90.319 0 carbon 0.856 0.869 0.683 0.683
C1' ADE 5 2 92.2929 92.501 90.319 1 carbon 0.856 0.869 0.683 0.683
C1' ADE 12 2 91.3792 91.593 88.015 1 carbon 0.856 0.869 0.683 0.683
C1' ADE 9 1 92.2667 91.926 89.345 0 carbon 0.856 0.869 0.683 0.683
C1' ADE 12 1 91.2158 91.589 88.015 0 carbon 0.856 0.869 0.683 0.683
C1' ADE 7 2 92.1109 92.425 89.128 1 carbon 0.856 0.869 0.683 0.683
C1' CYT 10 1 92.6341 91.884 88.587 0 carbon 0.856 0.805 0.683 0.561
C1' CYT 18 2 93.2137 93.745 90.889 1 carbon 0.856 0.805 0.683 0.561
C1' CYT 8 2 93.001 93.529 90.412 1 carbon 0.856 0.805 0.683 0.561
C1' CYT 10 2 92.4041 91.377 88.587 1 carbon 0.856 0.805 0.683 0.561
C1' CYT 18 1 93.1275 93.598 90.889 0 carbon 0.856 0.805 0.683 0.561
C1' CYT 3 1 93.6487 93.425 90.889 0 carbon 0.856 0.805 0.683 0.561
C1' CYT 3 2 93.5112 93.686 90.889 1 carbon 0.856 0.805 0.683 0.561
C1' CYT 8 1 92.7539 93.277 90.412 0 carbon 0.856 0.805 0.683 0.561
C1' CYT 20 1 93.9222 93.531 91.331 0 carbon 0.856 0.805 0.683 0.561
C1' CYT 20 2 94.0184 93.353 91.331 1 carbon 0.856 0.805 0.683 0.561
C1' GUA 19 1 92.6858 92.385 90.177 0 carbon 0.856 0.862 0.683 0.797
C1' GUA 4 2 91.9701 91.992 90.229 1 carbon 0.856 0.862 0.683 0.797
C1' GUA 2 1 92.7894 92.375 90.237 0 carbon 0.856 0.862 0.683 0.797
C1' GUA 19 2 92.8452 92.178 90.177 1 carbon 0.856 0.862 0.683 0.797
C1' GUA 2 2 92.6253 92.189 90.237 1 carbon 0.856 0.862 0.683 0.797
C1' GUA 4 1 92.1513 92.201 90.229 0 carbon 0.856 0.862 0.683 0.797
C2 ADE 7 1 153.642 154.202 150.569 0 carbon 0.733 0.733 0.633 0.484
C2 ADE 12 2 155.981 154.629 152.197 1 carbon 0.733 0.733 0.633 0.484
C2 ADE 5 1 153.837 154.111 151.079 0 carbon 0.733 0.733 0.633 0.484
C2 ADE 12 1 156.312 154.561 152.197 0 carbon 0.733 0.733 0.633 0.484
C2 ADE 7 2 153.566 154.063 150.569 1 carbon 0.733 0.733 0.633 0.484
C2 ADE 5 2 153.772 154.456 151.079 1 carbon 0.733 0.733 0.633 0.484
C2 ADE 9 2 153.835 154.724 152.084 1 carbon 0.733 0.733 0.633 0.484
C2 ADE 16 2 153.598 153.531 150.469 1 carbon 0.733 0.733 0.633 0.484
C2 ADE 16 1 153.667 154.485 150.469 0 carbon 0.733 0.733 0.633 0.484
C2 ADE 9 1 154.002 154.783 152.084 0 carbon 0.733 0.733 0.633 0.484
C2' ADE 7 2 75.717 75.754 73.38 1 carbon 0.532 0.489 0.489 0.462
C2' ADE 9 2 75.8646 76.005 73.263 1 carbon 0.532 0.489 0.489 0.462
C2' ADE 16 1 75.5326 75.701 72.722 0 carbon 0.532 0.489 0.489 0.462
C2' ADE 16 2 75.5828 75.801 72.722 1 carbon 0.532 0.489 0.489 0.462
C2' ADE 5 2 75.3477 75.757 73.072 1 carbon 0.532 0.489 0.489 0.462
C2' ADE 12 2 75.4217 76.021 72.968 1 carbon 0.532 0.489 0.489 0.462
C2' ADE 5 1 75.0339 75.435 73.072 0 carbon 0.532 0.489 0.489 0.462
C2' ADE 7 1 75.9395 75.818 73.38 0 carbon 0.532 0.489 0.489 0.462
C2' ADE 9 1 75.905 75.769 73.263 0 carbon 0.532 0.489 0.489 0.462
C2' ADE 12 1 75.2777 76.061 72.968 0 carbon 0.532 0.489 0.489 0.462
C2' CYT 20 2 75.6119 75.411 72.875 1 carbon 0.532 0.532 0.489 0.452
C2' CYT 8 2 75.5831 75.543 72.984 1 carbon 0.532 0.532 0.489 0.452
C2' CYT 10 2 76.5042 76 73.278 1 carbon 0.532 0.532 0.489 0.452
C2' CYT 8 1 75.8566 75.884 72.984 0 carbon 0.532 0.532 0.489 0.452
C2' CYT 3 1 75.5291 75.86 72.817 0 carbon 0.532 0.532 0.489 0.452
C2' CYT 18 2 75.9938 75.554 72.702 1 carbon 0.532 0.532 0.489 0.452
C2' CYT 3 2 75.2569 75.73 72.817 1 carbon 0.532 0.532 0.489 0.452
C2' CYT 18 1 75.8668 75.78 72.702 0 carbon 0.532 0.532 0.489 0.452
C2' CYT 20 1 75.3998 75.861 72.875 0 carbon 0.532 0.532 0.489 0.452
C2' CYT 10 1 76.4755 75.935 73.278 0 carbon 0.532 0.532 0.489 0.452
C2' GUA 2 1 75.2607 75.53 72.618 0 carbon 0.532 0.582 0.489 0.604
C2' GUA 2 2 75.2722 75.361 72.618 1 carbon 0.532 0.582 0.489 0.604
C2' GUA 19 1 75.5376 75.578 72.46 0 carbon 0.532 0.582 0.489 0.604
C2' GUA 4 2 75.7593 75.655 72.527 1 carbon 0.532 0.582 0.489 0.604
C2' GUA 4 1 75.5704 75.797 72.527 0 carbon 0.532 0.582 0.489 0.604
C2' GUA 19 2 75.507 75.424 72.46 1 carbon 0.532 0.582 0.489 0.604
C3' ADE 7 1 73.6972 73.408 70.89 0 carbon 1.091 1.11 0.933 0.936
C3' ADE 12 2 74.6336 75.069 73.064 1 carbon 1.091 1.11 0.933 0.936
C3' ADE 9 2 73.4722 74.705 71.037 1 carbon 1.091 1.11 0.933 0.936
C3' ADE 5 2 73.4 73.532 69.783 1 carbon 1.091 1.11 0.933 0.936
C3' ADE 5 1 73.6371 73.601 69.783 0 carbon 1.091 1.11 0.933 0.936
C3' ADE 16 2 74.2285 73.123 70.539 1 carbon 1.091 1.11 0.933 0.936
C3' ADE 16 1 74.4962 73.352 70.539 0 carbon 1.091 1.11 0.933 0.936
C3' ADE 9 1 73.8577 74.744 71.037 0 carbon 1.091 1.11 0.933 0.936
C3' ADE 12 1 74.5709 75.105 73.064 0 carbon 1.091 1.11 0.933 0.936
C3' ADE 7 2 73.9181 73.666 70.89 1 carbon 1.091 1.11 0.933 0.936
C3' CYT 10 1 74.7473 75.053 73.171 0 carbon 1.091 0.963 0.933 0.912
C3' CYT 3 2 73.1444 73.177 69.63 1 carbon 1.091 0.963 0.933 0.912
C3' CYT 18 2 73.4173 72.739 69.63 1 carbon 1.091 0.963 0.933 0.912
C3' CYT 20 2 72.2076 72.777 69.055 1 carbon 1.091 0.963 0.933 0.912
C3' CYT 8 2 72.475 73.389 70.808 1 carbon 1.091 0.963 0.933 0.912
C3' CYT 20 1 72.3916 73.045 69.055 0 carbon 1.091 0.963 0.933 0.912
C3' CYT 10 2 76.1347 75.574 73.171 1 carbon 1.091 0.963 0.933 0.912
C3' CYT 3 1 72.9686 73.109 69.63 0 carbon 1.091 0.963 0.933 0.912
C3' CYT 18 1 73.5454 73.152 69.63 0 carbon 1.091 0.963 0.933 0.912
C3' CYT 8 1 72.585 73.974 70.808 0 carbon 1.091 0.963 0.933 0.912
C3' GUA 2 1 72.9122 73.572 69.837 0 carbon 1.091 1.038 0.933 0.936
C3' GUA 2 2 72.9661 73.277 69.837 1 carbon 1.091 1.038 0.933 0.936
C3' GUA 19 2 73.3616 73.494 69.919 1 carbon 1.091 1.038 0.933 0.936
C3' GUA 19 1 72.9035 73.65 69.919 0 carbon 1.091 1.038 0.933 0.936
C3' GUA 4 1 73.2641 73.697 70.446 0 carbon 1.091 1.038 0.933 0.936
C3' GUA 4 2 72.9809 73.741 70.446 1 carbon 1.091 1.038 0.933 0.936
C4' ADE 5 2 83.0432 82.882 79.41 1 carbon 0.808 0.838 0.593 0.636
C4' ADE 12 1 83.9547 84.355 81.805 0 carbon 0.808 0.838 0.593 0.636
C4' ADE 12 2 83.9763 84.367 81.805 1 carbon 0.808 0.838 0.593 0.636
C4' ADE 9 1 82.8373 83.966 80.461 0 carbon 0.808 0.838 0.593 0.636
C4' ADE 9 2 82.6499 83.891 80.461 1 carbon 0.808 0.838 0.593 0.636
C4' ADE 7 2 82.9226 82.886 80.086 1 carbon 0.808 0.838 0.593 0.636
C4' ADE 16 1 83.4543 82.655 79.788 0 carbon 0.808 0.838 0.593 0.636
C4' ADE 5 1 82.961 82.589 79.41 0 carbon 0.808 0.838 0.593 0.636
C4' ADE 16 2 83.1306 82.741 79.788 1 carbon 0.808 0.838 0.593 0.636
C4' ADE 7 1 82.857 82.759 80.086 0 carbon 0.808 0.838 0.593 0.636
C4' CYT 20 1 82.3749 82.363 79.166 0 carbon 0.808 0.749 0.593 0.397
C4' CYT 18 1 82.9512 82.411 79.031 0 carbon 0.808 0.749 0.593 0.397
C4' CYT 3 1 82.4519 82.421 79.074 0 carbon 0.808 0.749 0.593 0.397
C4' CYT 10 1 84.8232 83.964 81.413 0 carbon 0.808 0.749 0.593 0.397
C4' CYT 10 2 85.3689 84.312 81.413 1 carbon 0.808 0.749 0.593 0.397
C4' CYT 3 2 82.4266 82.512 79.074 1 carbon 0.808 0.749 0.593 0.397
C4' CYT 20 2 82.1955 81.708 79.166 1 carbon 0.808 0.749 0.593 0.397
C4' CYT 8 2 82.6094 82.319 80.012 1 carbon 0.808 0.749 0.593 0.397
C4' CYT 18 2 82.8083 82.039 79.031 1 carbon 0.808 0.749 0.593 0.397
C4' CYT 8 1 82.7019 83.205 80.012 0 carbon 0.808 0.749 0.593 0.397
C4' GUA 4 1 82.8545 82.762 79.35 0 carbon 0.808 0.704 0.593 0.653
C4' GUA 19 1 82.5765 82.626 79.345 0 carbon 0.808 0.704 0.593 0.653
C4' GUA 4 2 82.7751 82.84 79.35 1 carbon 0.808 0.704 0.593 0.653
C4' GUA 2 1 82.5602 82.636 79.579 0 carbon 0.808 0.704 0.593 0.653
C4' GUA 2 2 82.6755 82.49 79.579 1 carbon 0.808 0.704 0.593 0.653
C4' GUA 19 2 82.5639 82.485 79.345 1 carbon 0.808 0.704 0.593 0.653
C5 CYT 8 1 98.8975 98.815 94.703 0 carbon 0.859 0.837 0.693 0.452
C5 CYT 10 2 100.731 99.188 94.408 1 carbon 0.859 0.837 0.693 0.452
C5 CYT 20 1 97.494 98.142 94.071 0 carbon 0.859 0.837 0.693 0.452
C5 CYT 20 2 97.7914 97.898 94.071 1 carbon 0.859 0.837 0.693 0.452
C5 CYT 18 2 98.3168 98.405 95.215 1 carbon 0.859 0.837 0.693 0.452
C5 CYT 10 1 100.772 99.092 94.408 0 carbon 0.859 0.837 0.693 0.452
C5 CYT 18 1 97.9823 98.162 95.215 0 carbon 0.859 0.837 0.693 0.452
C5 CYT 8 2 99.1407 98.665 94.703 1 carbon 0.859 0.837 0.693 0.452
C5' ADE 9 1 65.6339 66.15 63.087 0 carbon 0.847 0.847 0.798 0.818
C5' ADE 12 2 68.0584 66.689 64.799 1 carbon 0.847 0.847 0.798 0.818
C5' ADE 7 2 65.6681 66.081 63.013 1 carbon 0.847 0.847 0.798 0.818
C5' ADE 7 1 65.8644 65.879 63.013 0 carbon 0.847 0.847 0.798 0.818
C5' ADE 12 1 67.9692 66.721 64.799 0 carbon 0.847 0.847 0.798 0.818
C5' ADE 5 2 65.6017 66.194 62.162 1 carbon 0.847 0.847 0.798 0.818
C5' ADE 9 2 66.0601 66.341 63.087 1 carbon 0.847 0.847 0.798 0.818
C5' ADE 5 1 65.8026 66.377 62.162 0 carbon 0.847 0.847 0.798 0.818
C5' ADE 16 2 66.243 65.535 63.681 1 carbon 0.847 0.847 0.798 0.818
C5' ADE 16 1 66.0741 65.865 63.681 0 carbon 0.847 0.847 0.798 0.818
C5' CYT 18 1 65.1629 65.09 62.341 0 carbon 0.847 0.595 0.798 0.69
C5' CYT 20 1 64.57 64.743 61.546 0 carbon 0.847 0.595 0.798 0.69
C5' CYT 8 2 64.8906 65.101 61.783 1 carbon 0.847 0.595 0.798 0.69
C5' CYT 18 2 64.9533 64.997 62.341 1 carbon 0.847 0.595 0.798 0.69
C5' CYT 3 2 64.8818 65.207 61.837 1 carbon 0.847 0.595 0.798 0.69
C5' CYT 3 1 64.8344 64.863 61.837 0 carbon 0.847 0.595 0.798 0.69
C5' CYT 20 2 64.5112 64.34 61.546 1 carbon 0.847 0.595 0.798 0.69
C5' CYT 8 1 64.9642 65.806 61.783 0 carbon 0.847 0.595 0.798 0.69
C5' CYT 10 1 64.9431 66.567 63.857 0 carbon 0.847 0.595 0.798 0.69
C5' CYT 10 2 64.9944 66.513 63.857 1 carbon 0.847 0.595 0.798 0.69
C5' GUA 19 2 65.6355 66.081 62.734 1 carbon 0.847 0.945 0.798 0.782
C5' GUA 19 1 65.7468 66.29 62.734 0 carbon 0.847 0.945 0.798 0.782
C5' GUA 2 2 65.6576 66.035 62.937 1 carbon 0.847 0.945 0.798 0.782
C5' GUA 4 2 65.7485 66.77 63.575 1 carbon 0.847 0.945 0.798 0.782
C5' GUA 2 1 65.5353 66.23 62.937 0 carbon 0.847 0.945 0.798 0.782
C5' GUA 4 1 65.8647 66.454 63.575 0 carbon 0.847 0.945 0.798 0.782
C6 CYT 20 1 141.323 141.74 138.406 0 carbon 0.734 0.671 0.687 0.54
C6 CYT 10 1 141.993 142.883 139.629 0 carbon 0.734 0.671 0.687 0.54
C6 CYT 18 1 142.131 141.921 138.432 0 carbon 0.734 0.671 0.687 0.54
C6 CYT 10 2 142.072 142.998 139.629 1 carbon 0.734 0.671 0.687 0.54
C6 CYT 18 2 141.546 141.825 138.432 1 carbon 0.734 0.671 0.687 0.54
C6 CYT 8 1 141.365 141.887 138.448 0 carbon 0.734 0.671 0.687 0.54
C6 CYT 20 2 141.223 141.581 138.406 1 carbon 0.734 0.671 0.687 0.54
C6 CYT 8 2 140.887 141.231 138.448 1 carbon 0.734 0.671 0.687 0.54
C8 ADE 12 1 142.52 140.094 139.412 0 carbon 0.915 0.776 0.786 0.668
C8 ADE 9 1 140.419 141.049 137.471 0 carbon 0.915 0.776 0.786 0.668
C8 ADE 12 2 142.548 140.115 139.412 1 carbon 0.915 0.776 0.786 0.668
C8 ADE 16 1 141.686 140.769 137.707 0 carbon 0.915 0.776 0.786 0.668
C8 ADE 5 1 140.46 140.218 136.752 0 carbon 0.915 0.776 0.786 0.668
C8 ADE 7 1 141.298 140.624 136.915 0 carbon 0.915 0.776 0.786 0.668
C8 ADE 5 2 140.166 140.696 136.752 1 carbon 0.915 0.776 0.786 0.668
C8 ADE 9 2 139.96 140.883 137.471 1 carbon 0.915 0.776 0.786 0.668
C8 ADE 7 2 140.601 140.09 136.915 1 carbon 0.915 0.776 0.786 0.668
C8 ADE 16 2 140.332 139.997 137.707 1 carbon 0.915 0.776 0.786 0.668
C8 GUA 4 2 137.507 137.575 133.536 1 carbon 0.915 1.022 0.786 0.888
C8 GUA 19 1 137.348 137.531 133.414 0 carbon 0.915 1.022 0.786 0.888
C8 GUA 4 1 137.638 137.713 133.536 0 carbon 0.915 1.022 0.786 0.888
C8 GUA 2 2 136.753 137.344 136.97 1 carbon 0.915 1.022 0.786 0.888
C8 GUA 19 2 137.537 137.384 133.414 1 carbon 0.915 1.022 0.786 0.888
C8 GUA 2 1 137.055 137.398 136.97 0 carbon 0.915 1.022 0.786 0.888
H1' ADE 9 1 5.79658 5.725 5.885 0 proton 0.177 0.169 0.165 0.166
H1' ADE 7 1 5.88875 5.697 5.903 0 proton 0.177 0.169 0.165 0.166
H1' ADE 12 1 5.92948 5.677 5.875 0 proton 0.177 0.169 0.165 0.166
H1' ADE 5 2 5.90869 5.645 5.874 1 proton 0.177 0.169 0.165 0.166
H1' ADE 16 1 5.88724 5.717 5.965 0 proton 0.177 0.169 0.165 0.166
H1' ADE 16 2 5.90075 5.759 5.965 1 proton 0.177 0.169 0.165 0.166
H1' ADE 5 1 5.86175 5.612 5.874 0 proton 0.177 0.169 0.165 0.166
H1' ADE 9 2 5.81459 5.692 5.885 1 proton 0.177 0.169 0.165 0.166
H1' ADE 12 2 5.93116 5.641 5.875 1 proton 0.177 0.169 0.165 0.166
H1' ADE 7 2 5.88833 5.678 5.903 1 proton 0.177 0.169 0.165 0.166
H1' CYT 20 1 5.57933 5.414 5.46 0 proton 0.177 0.185 0.165 0.16
H1' CYT 3 1 5.60573 5.407 5.5 0 proton 0.177 0.185 0.165 0.16
H1' CYT 3 2 5.55982 5.44 5.5 1 proton 0.177 0.185 0.165 0.16
H1' CYT 10 2 5.28357 5.589 5.428 1 proton 0.177 0.185 0.165 0.16
H1' CYT 8 2 5.44033 5.422 5.374 1 proton 0.177 0.185 0.165 0.16
H1' CYT 18 2 5.61512 5.369 5.49 1 proton 0.177 0.185 0.165 0.16
H1' CYT 8 1 5.42642 5.474 5.374 0 proton 0.177 0.185 0.165 0.16
H1' CYT 20 2 5.5677 5.411 5.46 1 proton 0.177 0.185 0.165 0.16
H1' CYT 18 1 5.60102 5.398 5.49 0 proton 0.177 0.185 0.165 0.16
H1' CYT 10 1 5.54187 5.614 5.428 0 proton 0.177 0.185 0.165 0.16
H1' GUA 4 1 5.62286 5.472 5.656 0 proton 0.177 0.19 0.165 0.189
H1' GUA 19 2 5.66925 5.665 5.597 1 proton 0.177 0.19 0.165 0.189
H1' GUA 2 2 5.69526 5.624 5.854 1 proton 0.177 0.19 0.165 0.189
H1' GUA 2 1 5.68841 5.59 5.854 0 proton 0.177 0.19 0.165 0.189
H1' GUA 19 1 5.66997 5.57 5.597 0 proton 0.177 0.19 0.165 0.189
H1' GUA 4 2 5.62987 5.479 5.656 1 proton 0.177 0.19 0.165 0.189
H2 ADE 5 2 7.6981 7.801 7.447 1 proton 0.237 0.237 0.185 0.185
H2 ADE 9 2 7.74365 7.838 7.762 1 proton 0.237 0.237 0.185 0.185
H2 ADE 5 1 7.7031 7.702 7.447 0 proton 0.237 0.237 0.185 0.185
H2 ADE 12 2 8.27106 7.942 7.885 1 proton 0.237 0.237 0.185 0.185
H2 ADE 9 1 7.70364 7.872 7.762 0 proton 0.237 0.237 0.185 0.185
H2 ADE 16 1 7.48316 7.719 7.124 0 proton 0.237 0.237 0.185 0.185
H2 ADE 16 2 7.48903 7.498 7.124 1 proton 0.237 0.237 0.185 0.185
H2 ADE 7 1 7.4551 7.582 7.013 0 proton 0.237 0.237 0.185 0.185
H2 ADE 12 1 8.0586 7.914 7.885 0 proton 0.237 0.237 0.185 0.185
H2 ADE 7 2 7.44578 7.611 7.013 1 proton 0.237 0.237 0.185 0.185
H2' ADE 7 2 4.26063 4.542 4.362 1 proton 0.137 0.133 0.13 0.14
H2' ADE 16 2 4.33713 4.536 4.448 1 proton 0.137 0.133 0.13 0.14
H2' ADE 5 1 4.35897 4.611 4.413 0 proton 0.137 0.133 0.13 0.14
H2' ADE 5 2 4.30404 4.553 4.413 1 proton 0.137 0.133 0.13 0.14
H2' ADE 16 1 4.40079 4.53 4.448 0 proton 0.137 0.133 0.13 0.14
H2' ADE 7 1 4.30008 4.555 4.362 0 proton 0.137 0.133 0.13 0.14
H2' ADE 12 1 4.35314 4.564 4.758 0 proton 0.137 0.133 0.13 0.14
H2' ADE 9 1 4.29327 4.594 4.396 0 proton 0.137 0.133 0.13 0.14
H2' ADE 9 2 4.26486 4.525 4.396 1 proton 0.137 0.133 0.13 0.14
H2' ADE 12 2 4.40734 4.566 4.758 1 proton 0.137 0.133 0.13 0.14
H2' CYT 20 2 4.16247 4.417 4.189 1 proton 0.137 0.13 0.13 0.121
H2' CYT 3 2 4.55274 4.459 4.558 1 proton 0.137 0.13 0.13 0.121
H2' CYT 20 1 4.21576 4.437 4.189 0 proton 0.137 0.13 0.13 0.121
H2' CYT 8 2 4.41325 4.432 4.184 1 proton 0.137 0.13 0.13 0.121
H2' CYT 8 1 4.27097 4.374 4.184 0 proton 0.137 0.13 0.13 0.121
H2' CYT 18 2 4.48234 4.407 4.413 1 proton 0.137 0.13 0.13 0.121
H2' CYT 3 1 4.61568 4.43 4.558 0 proton 0.137 0.13 0.13 0.121
H2' CYT 10 2 4.27255 4.429 3.98 1 proton 0.137 0.13 0.13 0.121
H2' CYT 18 1 4.62584 4.425 4.413 0 proton 0.137 0.13 0.13 0.121
H2' CYT 10 1 4.43465 4.428 3.98 0 proton 0.137 0.13 0.13 0.121
H2' GUA 19 2 4.26568 4.6 4.442 1 proton 0.137 0.137 0.13 0.119
H2' GUA 19 1 4.32994 4.547 4.442 0 proton 0.137 0.137 0.13 0.119
H2' GUA 4 2 4.29643 4.62 4.593 1 proton 0.137 0.137 0.13 0.119
H2' GUA 2 1 4.25348 4.575 4.507 0 proton 0.137 0.137 0.13 0.119
H2' GUA 4 1 4.48904 4.613 4.593 0 proton 0.137 0.137 0.13 0.119
H2' GUA 2 2 4.27128 4.58 4.507 1 proton 0.137 0.137 0.13 0.119
H3' ADE 7 2 4.64948 4.577 4.527 1 proton 0.119 0.129 0.107 0.107
H3' ADE 12 1 3.66346 4.744 4.776 0 proton 0.119 0.129 0.107 0.107
H3' ADE 16 1 4.59466 4.569 4.547 0 proton 0.119 0.129 0.107 0.107
H3' ADE 9 2 4.65937 4.593 4.5 1 proton 0.119 0.129 0.107 0.107
H3' ADE 5 1 4.60802 4.616 4.537 0 proton 0.119 0.129 0.107 0.107
H3' ADE 9 1 4.66053 4.601 4.5 0 proton 0.119 0.129 0.107 0.107
H3' ADE 12 2 3.71046 4.749 4.776 1 proton 0.119 0.129 0.107 0.107
H3' ADE 16 2 4.60403 4.586 4.547 1 proton 0.119 0.129 0.107 0.107
H3' ADE 7 1 4.64926 4.582 4.527 0 proton 0.119 0.129 0.107 0.107
H3' ADE 5 2 4.59158 4.568 4.537 1 proton 0.119 0.129 0.107 0.107
H3' CYT 10 2 4.33765 4.466 4.358 1 proton 0.119 0.105 0.107 0.099
H3' CYT 3 2 4.46622 4.566 4.436 1 proton 0.119 0.105 0.107 0.099
H3' CYT 8 1 4.42898 4.528 4.314 0 proton 0.119 0.105 0.107 0.099
H3' CYT 20 2 4.46042 4.452 4.372 1 proton 0.119 0.105 0.107 0.099
H3' CYT 10 1 4.33916 4.438 4.358 0 proton 0.119 0.105 0.107 0.099
H3' CYT 20 1 4.46228 4.492 4.372 0 proton 0.119 0.105 0.107 0.099
H3' CYT 8 2 4.41614 4.625 4.314 1 proton 0.119 0.105 0.107 0.099
H3' CYT 18 2 4.46784 4.493 4.436 1 proton 0.119 0.105 0.107 0.099
H3' CYT 3 1 4.47883 4.496 4.436 0 proton 0.119 0.105 0.107 0.099
H3' CYT 18 1 4.45617 4.494 4.436 0 proton 0.119 0.105 0.107 0.099
H3' GUA 4 2 4.57522 4.629 4.496 1 proton 0.119 0.129 0.107 0.12
H3' GUA 4 1 4.56011 4.595 4.496 0 proton 0.119 0.129 0.107 0.12
H3' GUA 2 2 4.56786 4.568 4.537 1 proton 0.119 0.129 0.107 0.12
H3' GUA 2 1 4.55753 4.57 4.537 0 proton 0.119 0.129 0.107 0.12
H3' GUA 19 2 4.55463 4.56 4.468 1 proton 0.119 0.129 0.107 0.12
H3' GUA 19 1 4.54516 4.603 4.468 0 proton 0.119 0.129 0.107 0.12
H4' ADE 16 2 4.52131 4.463 4.504 1 proton 0.091 0.083 0.079 0.072
H4' ADE 5 2 4.48667 4.412 4.44 1 proton 0.091 0.083 0.079 0.072
H4' ADE 7 1 4.49212 4.445 4.435 0 proton 0.091 0.083 0.079 0.072
H4' ADE 12 2 4.45943 4.387 4.392 1 proton 0.091 0.083 0.079 0.072
H4' ADE 9 2 4.48623 4.403 4.359 1 proton 0.091 0.083 0.079 0.072
H4' ADE 12 1 4.45726 4.389 4.392 0 proton 0.091 0.083 0.079 0.072
H4' ADE 16 1 4.50538 4.431 4.504 0 proton 0.091 0.083 0.079 0.072
H4' ADE 5 1 4.47848 4.427 4.44 0 proton 0.091 0.083 0.079 0.072
H4' ADE 9 1 4.47849 4.438 4.359 0 proton 0.091 0.083 0.079 0.072
H4' ADE 7 2 4.49272 4.44 4.435 1 proton 0.091 0.083 0.079 0.072
H4' CYT 10 1 4.18126 4.206 3.977 0 proton 0.091 0.106 0.079 0.083
H4' CYT 18 2 4.37782 4.407 4.353 1 proton 0.091 0.106 0.079 0.083
H4' CYT 8 1 4.30452 4.399 4.27 0 proton 0.091 0.106 0.079 0.083
H4' CYT 20 1 4.34183 4.395 4.311 0 proton 0.091 0.106 0.079 0.083
H4' CYT 10 2 4.15571 4.2 3.977 1 proton 0.091 0.106 0.079 0.083
H4' CYT 18 1 4.36921 4.4 4.353 0 proton 0.091 0.106 0.079 0.083
H4' CYT 20 2 4.33999 4.396 4.311 1 proton 0.091 0.106 0.079 0.083
H4' CYT 3 2 4.35911 4.383 4.353 1 proton 0.091 0.106 0.079 0.083
H4' CYT 8 2 4.33106 4.398 4.27 1 proton 0.091 0.106 0.079 0.083
H4' CYT 3 1 4.3454 4.396 4.353 0 proton 0.091 0.106 0.079 0.083
H4' GUA 4 2 4.43197 4.418 4.434 1 proton 0.091 0.083 0.079 0.077
H4' GUA 2 2 4.49068 4.429 4.466 1 proton 0.091 0.083 0.079 0.077
H4' GUA 4 1 4.44301 4.435 4.434 0 proton 0.091 0.083 0.079 0.077
H4' GUA 2 1 4.49025 4.441 4.466 0 proton 0.091 0.083 0.079 0.077
H4' GUA 19 1 4.499 4.438 4.376 0 proton 0.091 0.083 0.079 0.077
H4' GUA 19 2 4.49578 4.445 4.376 1 proton 0.091 0.083 0.079 0.077
H5 CYT 10 2 5.65981 5.816 5.428 1 proton 0.154 0.137 0.146 0.128
H5 CYT 8 2 5.38413 5.489 5.158 1 proton 0.154 0.137 0.146 0.128
H5 CYT 8 1 5.41458 5.499 5.158 0 proton 0.154 0.137 0.146 0.128
H5 CYT 18 2 5.68239 5.786 5.514 1 proton 0.154 0.137 0.146 0.128
H5 CYT 10 1 5.63183 5.837 5.428 0 proton 0.154 0.137 0.146 0.128
H5 CYT 3 1 5.39475 5.585 5.189 0 proton 0.154 0.137 0.146 0.128
H5 CYT 3 2 5.34637 5.775 5.189 1 proton 0.154 0.137 0.146 0.128
H5 CYT 18 1 5.75326 5.799 5.514 0 proton 0.154 0.137 0.146 0.128
H5 CYT 20 1 5.34899 5.635 5.122 0 proton 0.154 0.137 0.146 0.128
H5 CYT 20 2 5.36417 5.558 5.122 1 proton 0.154 0.137 0.146 0.128
H5' ADE 9 2 4.54535 4.202 4.286 1 proton 0.17 0.193 0.142 0.167
H5' ADE 16 2 4.47848 4.32 4.446 1 proton 0.17 0.193 0.142 0.167
H5' ADE 12 1 2.59768 4.071 4.169 0 proton 0.17 0.193 0.142 0.167
H5' ADE 7 2 4.4072 4.301 4.414 1 proton 0.17 0.193 0.142 0.167
H5' ADE 5 1 4.47462 4.315 4.527 0 proton 0.17 0.193 0.142 0.167
H5' ADE 5 2 4.51536 4.269 4.527 1 proton 0.17 0.193 0.142 0.167
H5' ADE 7 1 4.36922 4.347 4.414 0 proton 0.17 0.193 0.142 0.167
H5' ADE 16 1 4.36161 4.321 4.446 0 proton 0.17 0.193 0.142 0.167
H5' ADE 12 2 2.85815 4.072 4.169 1 proton 0.17 0.193 0.142 0.167
H5' ADE 9 1 4.52322 4.227 4.286 0 proton 0.17 0.193 0.142 0.167
H5' CYT 18 2 4.27873 4.348 4.42 1 proton 0.17 0.172 0.142 0.134
H5' CYT 3 1 4.34465 4.316 4.504 0 proton 0.17 0.172 0.142 0.134
H5' CYT 8 1 4.49516 4.263 4.475 0 proton 0.17 0.172 0.142 0.134
H5' CYT 10 1 4.26752 4.187 4.141 0 proton 0.17 0.172 0.142 0.134
H5' CYT 8 2 4.42671 4.353 4.475 1 proton 0.17 0.172 0.142 0.134
H5' CYT 10 2 4.14517 4.203 4.141 1 proton 0.17 0.172 0.142 0.134
H5' CYT 3 2 4.40279 4.305 4.504 1 proton 0.17 0.172 0.142 0.134
H5' CYT 18 1 4.23398 4.359 4.42 0 proton 0.17 0.172 0.142 0.134
H5' CYT 20 1 4.35578 4.324 4.472 0 proton 0.17 0.172 0.142 0.134
H5' CYT 20 2 4.34023 4.363 4.472 1 proton 0.17 0.172 0.142 0.134
H5' GUA 19 2 4.46131 4.358 4.421 1 proton 0.17 0.152 0.142 0.125
H5' GUA 19 1 4.41224 4.322 4.421 0 proton 0.17 0.152 0.142 0.125
H5' GUA 2 1 4.37231 4.348 4.48 0 proton 0.17 0.152 0.142 0.125
H5' GUA 2 2 4.40423 4.275 4.48 1 proton 0.17 0.152 0.142 0.125
H5' GUA 4 2 4.34936 4.245 4.391 1 proton 0.17 0.152 0.142 0.125
H5' GUA 4 1 4.39687 4.34 4.391 0 proton 0.17 0.152 0.142 0.125
H5'' ADE 9 2 4.29999 4.241 4.03 1 proton 0.127 0.122 0.1 0.093
H5'' ADE 16 1 4.29468 4.22 4.228 0 proton 0.127 0.122 0.1 0.093
H5'' ADE 12 2 4.17692 4.057 4.031 1 proton 0.127 0.122 0.1 0.093
H5'' ADE 5 1 4.3079 4.236 4.064 0 proton 0.127 0.122 0.1 0.093
H5'' ADE 7 1 4.26009 4.209 4.074 0 proton 0.127 0.122 0.1 0.093
H5'' ADE 12 1 4.21257 4.06 4.031 0 proton 0.127 0.122 0.1 0.093
H5'' ADE 16 2 4.29876 4.214 4.228 1 proton 0.127 0.122 0.1 0.093
H5'' ADE 9 1 4.24407 4.189 4.03 0 proton 0.127 0.122 0.1 0.093
H5'' ADE 5 2 4.30806 4.227 4.064 1 proton 0.127 0.122 0.1 0.093
H5'' ADE 7 2 4.25676 4.218 4.074 1 proton 0.127 0.122 0.1 0.093
H5'' CYT 8 2 4.15651 4.177 3.99 1 proton 0.127 0.133 0.1 0.107
H5'' CYT 3 2 4.17203 4.196 4.036 1 proton 0.127 0.133 0.1 0.107
H5'' CYT 20 2 4.1559 4.182 3.965 1 proton 0.127 0.133 0.1 0.107
H5'' CYT 10 1 4.04274 4.135 3.916 0 proton 0.127 0.133 0.1 0.107
H5'' CYT 18 1 4.14413 4.184 4.019 0 proton 0.127 0.133 0.1 0.107
H5'' CYT 3 1 4.16581 4.186 4.036 0 proton 0.127 0.133 0.1 0.107
H5'' CYT 20 1 4.14813 4.146 3.965 0 proton 0.127 0.133 0.1 0.107
H5'' CYT 8 1 4.1162 4.236 3.99 0 proton 0.127 0.133 0.1 0.107
H5'' CYT 10 2 4.07678 4.14 3.916 1 proton 0.127 0.133 0.1 0.107
H5'' CYT 18 2 4.15332 4.171 4.019 1 proton 0.127 0.133 0.1 0.107
H5'' GUA 4 1 4.26574 4.207 4.063 0 proton 0.127 0.136 0.1 0.106
H5'' GUA 2 2 4.2469 4.169 4.163 1 proton 0.127 0.136 0.1 0.106
H5'' GUA 2 1 4.26232 4.224 4.163 0 proton 0.127 0.136 0.1 0.106
H5'' GUA 19 1 4.25341 4.241 4.022 0 proton 0.127 0.136 0.1 0.106
H5'' GUA 4 2 4.24369 4.222 4.063 1 proton 0.127 0.136 0.1 0.106
H5'' GUA 19 2 4.23845 4.185 4.022 1 proton 0.127 0.136 0.1 0.106
H6 CYT 18 2 7.77134 7.797 7.699 1 proton 0.111 0.113 0.113 0.108
H6 CYT 10 1 7.53234 7.72 7.336 0 proton 0.111 0.113 0.113 0.108
H6 CYT 10 2 7.50332 7.701 7.336 1 proton 0.111 0.113 0.113 0.108
H6 CYT 3 1 7.57963 7.704 7.549 0 proton 0.111 0.113 0.113 0.108
H6 CYT 8 1 7.42792 7.7 7.259 0 proton 0.111 0.113 0.113 0.108
H6 CYT 8 2 7.41452 7.655 7.259 1 proton 0.111 0.113 0.113 0.108
H6 CYT 20 2 7.64037 7.7 7.623 1 proton 0.111 0.113 0.113 0.108
H6 CYT 18 1 7.83007 7.849 7.699 0 proton 0.111 0.113 0.113 0.108
H6 CYT 3 2 7.52886 7.771 7.549 1 proton 0.111 0.113 0.113 0.108
H6 CYT 20 1 7.64354 7.752 7.623 0 proton 0.111 0.113 0.113 0.108
H8 ADE 7 1 8.2143 8.057 7.984 0 proton 0.182 0.153 0.176 0.164
H8 ADE 12 1 8.4294 7.99 8.214 0 proton 0.182 0.153 0.176 0.164
H8 ADE 16 2 8.22858 8.073 8.244 1 proton 0.182 0.153 0.176 0.164
H8 ADE 16 1 8.12809 8.102 8.244 0 proton 0.182 0.153 0.176 0.164
H8 ADE 9 1 8.17148 8.084 7.931 0 proton 0.182 0.153 0.176 0.164
H8 ADE 7 2 8.18337 8.039 7.984 1 proton 0.182 0.153 0.176 0.164
H8 ADE 5 2 7.8904 8.059 7.753 1 proton 0.182 0.153 0.176 0.164
H8 ADE 5 1 8.00654 8.04 7.753 0 proton 0.182 0.153 0.176 0.164
H8 ADE 12 2 8.47319 7.994 8.214 1 proton 0.182 0.153 0.176 0.164
H8 ADE 9 2 8.2159 8.075 7.931 1 proton 0.182 0.153 0.176 0.164
H8 GUA 4 2 7.70947 7.827 7.453 1 proton 0.182 0.205 0.176 0.186
H8 GUA 2 1 7.60497 7.713 7.56 0 proton 0.182 0.205 0.176 0.186
H8 GUA 4 1 7.71081 7.805 7.453 0 proton 0.182 0.205 0.176 0.186
H8 GUA 19 2 7.69102 7.742 7.508 1 proton 0.182 0.205 0.176 0.186
H8 GUA 19 1 7.80753 7.789 7.508 0 proton 0.182 0.205 0.176 0.186
H8 GUA 2 2 7.41913 7.72 7.56 1 proton 0.182 0.205 0.176 0.186
