nucleus resname resid model larmord_predCS ramsey_predCS expCS reference_flag type weight_larmord_1 weight_larmord_2 weight_ramsey_1 weight_ramsey_2
C1' ADE 12 1 90.4063 90.522 90.762 0 carbon 0.856 0.869 0.683 0.683
C1' ADE 13 2 91.7302 92.163 91.277 1 carbon 0.856 0.869 0.683 0.683
C1' ADE 4 2 92.259 92.583 93.14 1 carbon 0.856 0.869 0.683 0.683
C1' ADE 6 1 92.4098 92.394 91.95 0 carbon 0.856 0.869 0.683 0.683
C1' ADE 18 1 91.9783 92.045 91.702 0 carbon 0.856 0.869 0.683 0.683
C1' ADE 17 1 92.0381 92.253 93.204 0 carbon 0.856 0.869 0.683 0.683
C1' ADE 6 2 92.3934 92.545 91.95 1 carbon 0.856 0.869 0.683 0.683
C1' ADE 17 2 91.6338 92.321 93.204 1 carbon 0.856 0.869 0.683 0.683
C1' ADE 13 1 91.7954 91.995 91.277 0 carbon 0.856 0.869 0.683 0.683
C1' ADE 15 2 91.9066 92.436 93.014 1 carbon 0.856 0.869 0.683 0.683
C1' ADE 15 1 92.0513 92.222 93.014 0 carbon 0.856 0.869 0.683 0.683
C1' ADE 12 2 90.6281 90.458 90.762 1 carbon 0.856 0.869 0.683 0.683
C1' ADE 18 2 92.1757 92.575 91.702 1 carbon 0.856 0.869 0.683 0.683
C1' ADE 4 1 92.4604 92.31 93.14 0 carbon 0.856 0.869 0.683 0.683
C1' CYT 3 2 93.3306 93.224 93.75 1 carbon 0.856 0.805 0.683 0.561
C1' CYT 3 1 93.1775 93.762 93.75 0 carbon 0.856 0.805 0.683 0.561
C1' CYT 19 2 93.5868 93.728 94.918 1 carbon 0.856 0.805 0.683 0.561
C1' CYT 22 1 93.8794 93.87 94.051 0 carbon 0.856 0.805 0.683 0.561
C1' CYT 8 1 93.2046 93.632 94.094 0 carbon 0.856 0.805 0.683 0.561
C1' CYT 19 1 93.6145 93.809 94.918 0 carbon 0.856 0.805 0.683 0.561
C1' CYT 22 2 93.9529 93.748 94.051 1 carbon 0.856 0.805 0.683 0.561
C1' CYT 8 2 93.108 93.906 94.094 1 carbon 0.856 0.805 0.683 0.561
C1' GUA 16 1 91.6515 92.35 92.736 0 carbon 0.856 0.862 0.683 0.797
C1' GUA 21 1 92.4899 92.308 92.784 0 carbon 0.856 0.862 0.683 0.797
C1' GUA 5 2 91.8465 92.368 92.805 1 carbon 0.856 0.862 0.683 0.797
C1' GUA 10 2 92.0201 92.514 90.859 1 carbon 0.856 0.862 0.683 0.797
C1' GUA 16 2 91.4132 92.41 92.736 1 carbon 0.856 0.862 0.683 0.797
C1' GUA 2 1 92.4951 92.343 92.928 0 carbon 0.856 0.862 0.683 0.797
C1' GUA 5 1 92.1139 92.606 92.805 0 carbon 0.856 0.862 0.683 0.797
C1' GUA 10 1 92.1441 92.385 90.859 0 carbon 0.856 0.862 0.683 0.797
C1' GUA 21 2 92.389 92.498 92.784 1 carbon 0.856 0.862 0.683 0.797
C1' GUA 2 2 92.5283 92.504 92.928 1 carbon 0.856 0.862 0.683 0.797
C2 ADE 6 2 154.246 154.425 156.037 1 carbon 0.733 0.733 0.633 0.484
C2 ADE 12 2 156.12 154.626 154.738 1 carbon 0.733 0.733 0.633 0.484
C2 ADE 18 2 154.61 154.43 155.832 1 carbon 0.733 0.733 0.633 0.484
C2 ADE 4 2 153.575 153.783 152.139 1 carbon 0.733 0.733 0.633 0.484
C2 ADE 12 1 155.784 154.524 154.738 0 carbon 0.733 0.733 0.633 0.484
C2 ADE 6 1 154.543 154.058 156.037 0 carbon 0.733 0.733 0.633 0.484
C2 ADE 18 1 154.94 154.133 155.832 0 carbon 0.733 0.733 0.633 0.484
C2 ADE 15 2 153.723 153.276 153.026 1 carbon 0.733 0.733 0.633 0.484
C2 ADE 4 1 153.821 154.153 152.139 0 carbon 0.733 0.733 0.633 0.484
C2 ADE 15 1 154.158 154.32 153.026 0 carbon 0.733 0.733 0.633 0.484
C2 ADE 17 1 154.007 154.435 153.441 0 carbon 0.733 0.733 0.633 0.484
C2 ADE 13 1 155.143 155.052 154.736 0 carbon 0.733 0.733 0.633 0.484
C2 ADE 17 2 154.005 154.36 153.441 1 carbon 0.733 0.733 0.633 0.484
C2 ADE 13 2 155.318 155.004 154.736 1 carbon 0.733 0.733 0.633 0.484
C2' ADE 6 1 75.1185 75.679 76.187 0 carbon 0.532 0.489 0.489 0.462
C2' ADE 13 2 75.8056 75.982 75.543 1 carbon 0.532 0.489 0.489 0.462
C2' ADE 4 1 75.8939 75.671 75.641 0 carbon 0.532 0.489 0.489 0.462
C2' ADE 15 2 75.9058 75.71 75.157 1 carbon 0.532 0.489 0.489 0.462
C2' ADE 18 2 75.5052 75.482 76.162 1 carbon 0.532 0.489 0.489 0.462
C2' ADE 17 1 75.6158 75.763 75.668 0 carbon 0.532 0.489 0.489 0.462
C2' ADE 18 1 75.4436 75.833 76.162 0 carbon 0.532 0.489 0.489 0.462
C2' ADE 15 1 76.0228 75.846 75.157 0 carbon 0.532 0.489 0.489 0.462
C2' ADE 4 2 75.9278 75.445 75.641 1 carbon 0.532 0.489 0.489 0.462
C2' ADE 6 2 75.0564 75.47 76.187 1 carbon 0.532 0.489 0.489 0.462
C2' ADE 13 1 75.9716 76.16 75.543 0 carbon 0.532 0.489 0.489 0.462
C2' ADE 12 2 76.1642 75.738 76.793 1 carbon 0.532 0.489 0.489 0.462
C2' ADE 12 1 76.4748 75.746 76.793 0 carbon 0.532 0.489 0.489 0.462
C2' ADE 17 2 75.7019 75.778 75.668 1 carbon 0.532 0.489 0.489 0.462
C2' CYT 19 1 75.287 75.629 75.331 0 carbon 0.532 0.532 0.489 0.452
C2' CYT 22 2 75.667 75.565 75.973 1 carbon 0.532 0.532 0.489 0.452
C2' CYT 19 2 75.2433 75.638 75.331 1 carbon 0.532 0.532 0.489 0.452
C2' CYT 3 2 75.7457 75.702 75.439 1 carbon 0.532 0.532 0.489 0.452
C2' CYT 8 2 75.4177 75.525 75.467 1 carbon 0.532 0.532 0.489 0.452
C2' CYT 3 1 75.7234 75.551 75.439 0 carbon 0.532 0.532 0.489 0.452
C2' CYT 22 1 75.66 75.536 75.973 0 carbon 0.532 0.532 0.489 0.452
C2' CYT 8 1 75.519 75.719 75.467 0 carbon 0.532 0.532 0.489 0.452
C2' GUA 21 2 75.5034 75.322 75.253 1 carbon 0.532 0.582 0.489 0.604
C2' GUA 10 2 75.3427 75.706 75.556 1 carbon 0.532 0.582 0.489 0.604
C2' GUA 2 2 75.2884 75.414 75.287 1 carbon 0.532 0.582 0.489 0.604
C2' GUA 21 1 75.6307 75.491 75.253 0 carbon 0.532 0.582 0.489 0.604
C2' GUA 16 1 75.4585 75.567 75.242 0 carbon 0.532 0.582 0.489 0.604
C2' GUA 10 1 75.6725 75.633 75.556 0 carbon 0.532 0.582 0.489 0.604
C2' GUA 2 1 75.2121 75.534 75.287 0 carbon 0.532 0.582 0.489 0.604
C2' GUA 5 1 75.4476 75.373 75.152 0 carbon 0.532 0.582 0.489 0.604
C2' GUA 16 2 75.6817 75.535 75.242 1 carbon 0.532 0.582 0.489 0.604
C2' GUA 5 2 75.666 75.685 75.152 1 carbon 0.532 0.582 0.489 0.604
C3' ADE 12 1 75.2351 76.167 76.154 0 carbon 1.091 1.11 0.933 0.936
C3' ADE 15 2 73.3148 73.56 74.203 1 carbon 1.091 1.11 0.933 0.936
C3' ADE 4 1 73.7989 73.342 73.126 0 carbon 1.091 1.11 0.933 0.936
C3' ADE 13 2 73.7505 75.013 75.404 1 carbon 1.091 1.11 0.933 0.936
C3' ADE 4 2 73.7009 73.586 73.126 1 carbon 1.091 1.11 0.933 0.936
C3' ADE 18 1 73.5629 74.329 73.741 0 carbon 1.091 1.11 0.933 0.936
C3' ADE 6 2 73.7895 73.996 73.46 1 carbon 1.091 1.11 0.933 0.936
C3' ADE 15 1 73.7586 73.736 74.203 0 carbon 1.091 1.11 0.933 0.936
C3' ADE 12 2 75.3126 76.105 76.154 1 carbon 1.091 1.11 0.933 0.936
C3' ADE 17 2 73.1671 73.575 72.734 1 carbon 1.091 1.11 0.933 0.936
C3' ADE 18 2 73.4382 73.931 73.741 1 carbon 1.091 1.11 0.933 0.936
C3' ADE 6 1 74.0127 74.313 73.46 0 carbon 1.091 1.11 0.933 0.936
C3' ADE 13 1 73.4985 75.235 75.404 0 carbon 1.091 1.11 0.933 0.936
C3' ADE 17 1 73.9733 73.525 72.734 0 carbon 1.091 1.11 0.933 0.936
C3' CYT 8 2 73.319 73.096 72.227 1 carbon 1.091 0.963 0.933 0.912
C3' CYT 3 1 72.4907 73.181 72.236 0 carbon 1.091 0.963 0.933 0.912
C3' CYT 22 2 72.2641 72.796 71.985 1 carbon 1.091 0.963 0.933 0.912
C3' CYT 8 1 73.506 73.038 72.227 0 carbon 1.091 0.963 0.933 0.912
C3' CYT 19 2 73.1048 72.898 73.134 1 carbon 1.091 0.963 0.933 0.912
C3' CYT 3 2 72.4288 72.963 72.236 1 carbon 1.091 0.963 0.933 0.912
C3' CYT 22 1 72.4118 73.042 71.985 0 carbon 1.091 0.963 0.933 0.912
C3' CYT 19 1 72.973 73.106 73.134 0 carbon 1.091 0.963 0.933 0.912
C3' GUA 16 1 73.8847 73.435 72.623 0 carbon 1.091 1.038 0.933 0.936
C3' GUA 5 1 73.8619 73.102 75.28 0 carbon 1.091 1.038 0.933 0.936
C3' GUA 21 1 73.2892 73.754 72.699 0 carbon 1.091 1.038 0.933 0.936
C3' GUA 21 2 73.534 73.324 72.699 1 carbon 1.091 1.038 0.933 0.936
C3' GUA 5 2 73.5218 73.376 75.28 1 carbon 1.091 1.038 0.933 0.936
C3' GUA 16 2 73.476 73.67 72.623 1 carbon 1.091 1.038 0.933 0.936
C4' ADE 15 2 82.418 82.864 83.017 1 carbon 0.808 0.838 0.593 0.636
C4' ADE 17 2 83.1295 82.651 82.293 1 carbon 0.808 0.838 0.593 0.636
C4' ADE 13 1 82.4976 84.245 84.368 0 carbon 0.808 0.838 0.593 0.636
C4' ADE 12 1 83.8626 84.974 84.266 0 carbon 0.808 0.838 0.593 0.636
C4' ADE 6 2 83.1712 83.244 82.33 1 carbon 0.808 0.838 0.593 0.636
C4' ADE 13 2 82.4664 83.856 84.368 1 carbon 0.808 0.838 0.593 0.636
C4' ADE 12 2 83.8802 85.027 84.266 1 carbon 0.808 0.838 0.593 0.636
C4' ADE 6 1 83.1607 83.289 82.33 0 carbon 0.808 0.838 0.593 0.636
C4' ADE 15 1 82.5921 82.902 83.017 0 carbon 0.808 0.838 0.593 0.636
C4' ADE 18 2 82.8424 83.228 82.391 1 carbon 0.808 0.838 0.593 0.636
C4' ADE 17 1 83.069 82.726 82.293 0 carbon 0.808 0.838 0.593 0.636
C4' ADE 18 1 82.7777 83.574 82.391 0 carbon 0.808 0.838 0.593 0.636
C4' CYT 3 1 82.8057 82.462 81.958 0 carbon 0.808 0.749 0.593 0.397
C4' CYT 22 1 82.3563 82.132 82.175 0 carbon 0.808 0.749 0.593 0.397
C4' CYT 19 2 82.8702 82.303 82.485 1 carbon 0.808 0.749 0.593 0.397
C4' CYT 22 2 82.2961 81.999 82.175 1 carbon 0.808 0.749 0.593 0.397
C4' CYT 8 2 83.3816 82.317 81.97 1 carbon 0.808 0.749 0.593 0.397
C4' CYT 8 1 83.3372 82.364 81.97 0 carbon 0.808 0.749 0.593 0.397
C4' CYT 3 2 82.7302 82.518 81.958 1 carbon 0.808 0.749 0.593 0.397
C4' CYT 19 1 82.9062 82.286 82.485 0 carbon 0.808 0.749 0.593 0.397
C4' GUA 10 1 83.6386 83.259 83.642 0 carbon 0.808 0.704 0.593 0.653
C4' GUA 2 2 82.5807 82.757 82.378 1 carbon 0.808 0.704 0.593 0.653
C4' GUA 5 1 82.9648 82.425 82.164 0 carbon 0.808 0.704 0.593 0.653
C4' GUA 16 2 83.045 82.662 81.996 1 carbon 0.808 0.704 0.593 0.653
C4' GUA 16 1 82.987 82.662 81.996 0 carbon 0.808 0.704 0.593 0.653
C4' GUA 21 1 82.8784 82.653 81.966 0 carbon 0.808 0.704 0.593 0.653
C4' GUA 10 2 83.8077 83.45 83.642 1 carbon 0.808 0.704 0.593 0.653
C4' GUA 21 2 82.8906 82.42 81.966 1 carbon 0.808 0.704 0.593 0.653
C4' GUA 5 2 82.9906 82.642 82.164 1 carbon 0.808 0.704 0.593 0.653
C4' GUA 2 1 82.6078 82.621 82.378 0 carbon 0.808 0.704 0.593 0.653
C5 CYT 3 2 96.6766 97.843 97.384 1 carbon 0.859 0.837 0.693 0.452
C5 CYT 22 1 97.0443 98.013 96.836 0 carbon 0.859 0.837 0.693 0.452
C5 CYT 19 1 97.9701 98.063 98.032 0 carbon 0.859 0.837 0.693 0.452
C5 CYT 19 2 98.129 98.083 98.032 1 carbon 0.859 0.837 0.693 0.452
C5 CYT 3 1 96.7694 97.99 97.384 0 carbon 0.859 0.837 0.693 0.452
C5 CYT 22 2 96.518 97.786 96.836 1 carbon 0.859 0.837 0.693 0.452
C5 CYT 8 1 97.89 98.274 97.249 0 carbon 0.859 0.837 0.693 0.452
C5 CYT 8 2 96.5653 98.267 97.249 1 carbon 0.859 0.837 0.693 0.452
C5' ADE 6 2 65.8095 66.068 65.506 1 carbon 0.847 0.847 0.798 0.818
C5' ADE 15 1 66.0011 66.307 67.38 0 carbon 0.847 0.847 0.798 0.818
C5' ADE 13 2 67.1128 66.412 67.231 1 carbon 0.847 0.847 0.798 0.818
C5' ADE 12 2 68.1322 67.091 66.506 1 carbon 0.847 0.847 0.798 0.818
C5' ADE 17 1 65.8069 65.851 65.01 0 carbon 0.847 0.847 0.798 0.818
C5' ADE 15 2 65.739 66.227 67.38 1 carbon 0.847 0.847 0.798 0.818
C5' ADE 12 1 68.1156 67.04 66.506 0 carbon 0.847 0.847 0.798 0.818
C5' ADE 17 2 65.7173 66.14 65.01 1 carbon 0.847 0.847 0.798 0.818
C5' ADE 18 1 66.2677 66.631 65.706 0 carbon 0.847 0.847 0.798 0.818
C5' ADE 4 1 65.8013 65.692 65.986 0 carbon 0.847 0.847 0.798 0.818
C5' ADE 13 1 67.0123 66.819 67.231 0 carbon 0.847 0.847 0.798 0.818
C5' ADE 4 2 65.7152 66.135 65.986 1 carbon 0.847 0.847 0.798 0.818
C5' ADE 6 1 65.9305 66.645 65.506 0 carbon 0.847 0.847 0.798 0.818
C5' ADE 18 2 65.6558 66.282 65.706 1 carbon 0.847 0.847 0.798 0.818
C5' CYT 19 1 65.1264 65.089 66.565 0 carbon 0.847 0.595 0.798 0.69
C5' CYT 3 2 64.7927 65.013 64.679 1 carbon 0.847 0.595 0.798 0.69
C5' CYT 22 1 64.6186 64.979 64.556 0 carbon 0.847 0.595 0.798 0.69
C5' CYT 19 2 65.1034 65.035 66.565 1 carbon 0.847 0.595 0.798 0.69
C5' CYT 22 2 64.7404 64.887 64.556 1 carbon 0.847 0.595 0.798 0.69
C5' CYT 3 1 64.8504 65.288 64.679 0 carbon 0.847 0.595 0.798 0.69
C5' GUA 16 2 65.9463 66.802 65.912 1 carbon 0.847 0.945 0.798 0.782
C5' GUA 16 1 66.2088 66.516 65.912 0 carbon 0.847 0.945 0.798 0.782
C5' GUA 10 2 66.5077 66.291 66.421 1 carbon 0.847 0.945 0.798 0.782
C5' GUA 2 2 65.6598 66.633 67.219 1 carbon 0.847 0.945 0.798 0.782
C5' GUA 5 1 66.0603 66.279 65.349 0 carbon 0.847 0.945 0.798 0.782
C5' GUA 21 2 65.739 66.55 65.48 1 carbon 0.847 0.945 0.798 0.782
C5' GUA 21 1 65.8373 66.745 65.48 0 carbon 0.847 0.945 0.798 0.782
C5' GUA 5 2 66.0628 66.209 65.349 1 carbon 0.847 0.945 0.798 0.782
C5' GUA 10 1 66.5154 66.174 66.421 0 carbon 0.847 0.945 0.798 0.782
C5' GUA 2 1 65.5763 66.541 67.219 0 carbon 0.847 0.945 0.798 0.782
C6 CYT 19 2 140.607 140.927 140.722 1 carbon 0.734 0.671 0.687 0.54
C6 CYT 8 2 142.018 141.787 141.544 1 carbon 0.734 0.671 0.687 0.54
C6 CYT 22 1 141.191 141.626 141.136 0 carbon 0.734 0.671 0.687 0.54
C6 CYT 8 1 142.272 141.892 141.544 0 carbon 0.734 0.671 0.687 0.54
C6 CYT 3 1 140.884 141.615 140.588 0 carbon 0.734 0.671 0.687 0.54
C6 CYT 19 1 140.742 141.389 140.722 0 carbon 0.734 0.671 0.687 0.54
C6 CYT 3 2 140.455 141.141 140.588 1 carbon 0.734 0.671 0.687 0.54
C6 CYT 22 2 140.958 140.86 141.136 1 carbon 0.734 0.671 0.687 0.54
C8 ADE 18 2 140.278 140.808 138.741 1 carbon 0.915 0.776 0.786 0.668
C8 ADE 18 1 140.482 139.951 138.741 0 carbon 0.915 0.776 0.786 0.668
C8 ADE 15 2 140.777 140.06 140.791 1 carbon 0.915 0.776 0.786 0.668
C8 ADE 17 2 139.694 140.664 139.082 1 carbon 0.915 0.776 0.786 0.668
C8 ADE 15 1 141.523 140.783 140.791 0 carbon 0.915 0.776 0.786 0.668
C8 ADE 13 1 141.745 141.257 142.299 0 carbon 0.915 0.776 0.786 0.668
C8 ADE 13 2 141.883 141.545 142.299 1 carbon 0.915 0.776 0.786 0.668
C8 ADE 6 1 140.644 140.452 139.013 0 carbon 0.915 0.776 0.786 0.668
C8 ADE 6 2 140.126 140.828 139.013 1 carbon 0.915 0.776 0.786 0.668
C8 ADE 4 1 140.282 140.259 139.288 0 carbon 0.915 0.776 0.786 0.668
C8 ADE 4 2 140.069 140.576 139.288 1 carbon 0.915 0.776 0.786 0.668
C8 ADE 12 1 143.603 141.004 141.618 0 carbon 0.915 0.776 0.786 0.668
C8 ADE 12 2 143.609 140.836 141.618 1 carbon 0.915 0.776 0.786 0.668
C8 ADE 17 1 140.117 140.433 139.082 0 carbon 0.915 0.776 0.786 0.668
C8 GUA 21 1 137.801 137.438 136.349 0 carbon 0.915 1.022 0.786 0.888
C8 GUA 2 2 136.112 137.492 136.898 1 carbon 0.915 1.022 0.786 0.888
C8 GUA 16 1 137.598 137.297 136.073 0 carbon 0.915 1.022 0.786 0.888
C8 GUA 21 2 137.041 137.273 136.349 1 carbon 0.915 1.022 0.786 0.888
C8 GUA 5 1 137.395 137.435 135.938 0 carbon 0.915 1.022 0.786 0.888
C8 GUA 2 1 136.678 137.483 136.898 0 carbon 0.915 1.022 0.786 0.888
C8 GUA 10 1 138.65 137.879 137.576 0 carbon 0.915 1.022 0.786 0.888
C8 GUA 5 2 136.925 137.253 135.938 1 carbon 0.915 1.022 0.786 0.888
C8 GUA 10 2 138.16 138.796 137.576 1 carbon 0.915 1.022 0.786 0.888
C8 GUA 16 2 136.996 137.458 136.073 1 carbon 0.915 1.022 0.786 0.888
H1' ADE 17 1 5.86612 5.673 5.867 0 proton 0.177 0.169 0.165 0.166
H1' ADE 13 2 5.90285 5.711 5.937 1 proton 0.177 0.169 0.165 0.166
H1' ADE 17 2 5.83913 5.628 5.867 1 proton 0.177 0.169 0.165 0.166
H1' ADE 15 1 5.97968 5.63 5.182 0 proton 0.177 0.169 0.165 0.166
H1' ADE 4 2 5.93624 5.698 5.953 1 proton 0.177 0.169 0.165 0.166
H1' ADE 4 1 5.94548 5.725 5.953 0 proton 0.177 0.169 0.165 0.166
H1' ADE 6 2 5.85134 5.616 6.043 1 proton 0.177 0.169 0.165 0.166
H1' ADE 12 1 5.93704 5.681 5.663 0 proton 0.177 0.169 0.165 0.166
H1' ADE 15 2 5.93555 5.637 5.182 1 proton 0.177 0.169 0.165 0.166
H1' ADE 18 1 5.73221 5.547 5.918 0 proton 0.177 0.169 0.165 0.166
H1' ADE 12 2 5.96103 5.703 5.663 1 proton 0.177 0.169 0.165 0.166
H1' ADE 18 2 5.80021 5.606 5.918 1 proton 0.177 0.169 0.165 0.166
H1' ADE 13 1 6.01279 5.597 5.937 0 proton 0.177 0.169 0.165 0.166
H1' ADE 6 1 5.84749 5.657 6.043 0 proton 0.177 0.169 0.165 0.166
H1' CYT 19 1 5.43138 5.408 5.454 0 proton 0.177 0.185 0.165 0.16
H1' CYT 19 2 5.42649 5.43 5.454 1 proton 0.177 0.185 0.165 0.16
H1' CYT 3 2 5.51345 5.347 5.552 1 proton 0.177 0.185 0.165 0.16
H1' CYT 22 1 5.572 5.33 5.505 0 proton 0.177 0.185 0.165 0.16
H1' CYT 3 1 5.53077 5.348 5.552 0 proton 0.177 0.185 0.165 0.16
H1' CYT 8 2 5.53667 5.354 5.547 1 proton 0.177 0.185 0.165 0.16
H1' CYT 8 1 5.54387 5.412 5.547 0 proton 0.177 0.185 0.165 0.16
H1' CYT 22 2 5.55413 5.345 5.505 1 proton 0.177 0.185 0.165 0.16
H1' GUA 2 2 5.67679 5.607 5.928 1 proton 0.177 0.19 0.165 0.189
H1' GUA 16 2 5.45977 5.227 5.54 1 proton 0.177 0.19 0.165 0.189
H1' GUA 5 2 5.50073 5.492 5.516 1 proton 0.177 0.19 0.165 0.189
H1' GUA 16 1 5.51073 5.442 5.54 0 proton 0.177 0.19 0.165 0.189
H1' GUA 2 1 5.67426 5.563 5.928 0 proton 0.177 0.19 0.165 0.189
H1' GUA 21 1 5.68154 5.552 5.792 0 proton 0.177 0.19 0.165 0.189
H1' GUA 5 1 5.56088 5.597 5.516 0 proton 0.177 0.19 0.165 0.189
H1' GUA 10 2 5.65671 5.701 5.503 1 proton 0.177 0.19 0.165 0.189
H1' GUA 10 1 5.67909 5.688 5.503 0 proton 0.177 0.19 0.165 0.189
H1' GUA 21 2 5.68609 5.638 5.792 1 proton 0.177 0.19 0.165 0.189
H2 ADE 13 1 8.43073 7.978 7.947 0 proton 0.237 0.237 0.185 0.185
H2 ADE 12 1 7.96349 7.936 7.973 0 proton 0.237 0.237 0.185 0.185
H2 ADE 4 1 7.47785 7.657 6.924 0 proton 0.237 0.237 0.185 0.185
H2 ADE 15 1 7.48303 7.717 7.407 0 proton 0.237 0.237 0.185 0.185
H2 ADE 13 2 8.35869 7.991 7.947 1 proton 0.237 0.237 0.185 0.185
H2 ADE 6 1 7.70601 7.692 8.558 0 proton 0.237 0.237 0.185 0.185
H2 ADE 18 1 8.0298 7.601 8.496 0 proton 0.237 0.237 0.185 0.185
H2 ADE 12 2 8.24826 7.919 7.973 1 proton 0.237 0.237 0.185 0.185
H2 ADE 6 2 7.87016 7.886 8.558 1 proton 0.237 0.237 0.185 0.185
H2 ADE 17 1 7.682 7.794 7.306 0 proton 0.237 0.237 0.185 0.185
H2 ADE 18 2 8.10347 7.923 8.496 1 proton 0.237 0.237 0.185 0.185
H2 ADE 15 2 7.45364 7.414 7.407 1 proton 0.237 0.237 0.185 0.185
H2 ADE 4 2 7.47421 7.672 6.924 1 proton 0.237 0.237 0.185 0.185
H2 ADE 17 2 7.69108 7.75 7.306 1 proton 0.237 0.237 0.185 0.185
H2' ADE 18 2 4.29442 4.547 4.549 1 proton 0.137 0.133 0.13 0.14
H2' ADE 13 2 4.29118 4.58 4.884 1 proton 0.137 0.133 0.13 0.14
H2' ADE 6 2 4.35835 4.556 4.575 1 proton 0.137 0.133 0.13 0.14
H2' ADE 12 2 4.29998 4.571 4.538 1 proton 0.137 0.133 0.13 0.14
H2' ADE 4 1 4.73582 4.607 4.737 0 proton 0.137 0.133 0.13 0.14
H2' ADE 18 1 4.26148 4.531 4.549 0 proton 0.137 0.133 0.13 0.14
H2' ADE 4 2 4.48089 4.617 4.737 1 proton 0.137 0.133 0.13 0.14
H2' ADE 12 1 4.3623 4.54 4.538 0 proton 0.137 0.133 0.13 0.14
H2' ADE 6 1 4.40018 4.566 4.575 0 proton 0.137 0.133 0.13 0.14
H2' ADE 15 2 4.38112 4.525 4.717 1 proton 0.137 0.133 0.13 0.14
H2' ADE 15 1 4.57028 4.582 4.717 0 proton 0.137 0.133 0.13 0.14
H2' ADE 17 1 4.34968 4.608 4.599 0 proton 0.137 0.133 0.13 0.14
H2' ADE 17 2 4.29617 4.613 4.599 1 proton 0.137 0.133 0.13 0.14
H2' ADE 13 1 4.38126 4.498 4.884 0 proton 0.137 0.133 0.13 0.14
H2' CYT 22 2 4.13741 4.419 4.524 1 proton 0.137 0.13 0.13 0.121
H2' CYT 3 2 4.22197 4.458 4.67 1 proton 0.137 0.13 0.13 0.121
H2' CYT 22 1 4.13998 4.425 4.524 0 proton 0.137 0.13 0.13 0.121
H2' CYT 19 1 4.14595 4.411 4.362 0 proton 0.137 0.13 0.13 0.121
H2' CYT 8 1 4.29026 4.408 4.405 0 proton 0.137 0.13 0.13 0.121
H2' CYT 3 1 4.32565 4.44 4.67 0 proton 0.137 0.13 0.13 0.121
H2' CYT 19 2 4.27469 4.405 4.362 1 proton 0.137 0.13 0.13 0.121
H2' CYT 8 2 4.24474 4.407 4.405 1 proton 0.137 0.13 0.13 0.121
H2' GUA 2 1 4.28007 4.537 4.617 0 proton 0.137 0.137 0.13 0.119
H2' GUA 21 2 4.28624 4.523 4.535 1 proton 0.137 0.137 0.13 0.119
H2' GUA 5 1 4.334 4.628 4.495 0 proton 0.137 0.137 0.13 0.119
H2' GUA 10 1 4.22189 4.52 4.504 0 proton 0.137 0.137 0.13 0.119
H2' GUA 16 2 4.24682 4.531 4.599 1 proton 0.137 0.137 0.13 0.119
H2' GUA 10 2 4.26842 4.578 4.504 1 proton 0.137 0.137 0.13 0.119
H2' GUA 16 1 4.52407 4.612 4.599 0 proton 0.137 0.137 0.13 0.119
H2' GUA 5 2 4.28783 4.558 4.495 1 proton 0.137 0.137 0.13 0.119
H2' GUA 2 2 4.27712 4.535 4.617 1 proton 0.137 0.137 0.13 0.119
H2' GUA 21 1 4.32736 4.613 4.535 0 proton 0.137 0.137 0.13 0.119
H3' ADE 6 1 4.54291 4.519 4.614 0 proton 0.119 0.129 0.107 0.107
H3' ADE 15 2 4.61536 4.606 4.49 1 proton 0.119 0.129 0.107 0.107
H3' ADE 15 1 4.64319 4.572 4.49 0 proton 0.119 0.129 0.107 0.107
H3' ADE 13 2 3.43954 4.727 5.05 1 proton 0.119 0.129 0.107 0.107
H3' ADE 13 1 3.27317 4.713 5.05 0 proton 0.119 0.129 0.107 0.107
H3' ADE 6 2 4.56674 4.543 4.614 1 proton 0.119 0.129 0.107 0.107
H3' ADE 4 1 4.65221 4.602 4.658 0 proton 0.119 0.129 0.107 0.107
H3' ADE 12 1 4.54245 4.62 4.647 0 proton 0.119 0.129 0.107 0.107
H3' ADE 4 2 4.64587 4.592 4.658 1 proton 0.119 0.129 0.107 0.107
H3' ADE 18 1 4.52013 4.572 4.565 0 proton 0.119 0.129 0.107 0.107
H3' ADE 12 2 4.51839 4.635 4.647 1 proton 0.119 0.129 0.107 0.107
H3' ADE 18 2 4.55041 4.548 4.565 1 proton 0.119 0.129 0.107 0.107
H3' ADE 17 1 4.69191 4.588 4.705 0 proton 0.119 0.129 0.107 0.107
H3' ADE 17 2 4.60315 4.657 4.705 1 proton 0.119 0.129 0.107 0.107
H3' CYT 22 1 4.46768 4.477 4.47 0 proton 0.119 0.105 0.107 0.099
H3' CYT 8 1 4.40231 4.489 4.574 0 proton 0.119 0.105 0.107 0.099
H3' CYT 3 2 4.46632 4.562 4.574 1 proton 0.119 0.105 0.107 0.099
H3' CYT 19 2 4.33539 4.463 4.229 1 proton 0.119 0.105 0.107 0.099
H3' CYT 22 2 4.46636 4.477 4.47 1 proton 0.119 0.105 0.107 0.099
H3' CYT 19 1 4.34304 4.472 4.229 0 proton 0.119 0.105 0.107 0.099
H3' CYT 3 1 4.46692 4.531 4.574 0 proton 0.119 0.105 0.107 0.099
H3' CYT 8 2 4.40427 4.486 4.574 1 proton 0.119 0.105 0.107 0.099
H3' GUA 2 1 4.54904 4.544 4.51 0 proton 0.119 0.129 0.107 0.12
H3' GUA 10 2 4.50946 4.702 4.626 1 proton 0.119 0.129 0.107 0.12
H3' GUA 5 1 4.54029 4.589 4.642 0 proton 0.119 0.129 0.107 0.12
H3' GUA 5 2 4.50515 4.578 4.642 1 proton 0.119 0.129 0.107 0.12
H3' GUA 2 2 4.54763 4.548 4.51 1 proton 0.119 0.129 0.107 0.12
H3' GUA 21 2 4.54723 4.53 4.615 1 proton 0.119 0.129 0.107 0.12
H3' GUA 16 1 4.50587 4.561 4.474 0 proton 0.119 0.129 0.107 0.12
H3' GUA 16 2 4.46585 4.57 4.474 1 proton 0.119 0.129 0.107 0.12
H3' GUA 21 1 4.54396 4.591 4.615 0 proton 0.119 0.129 0.107 0.12
H3' GUA 10 1 4.50795 4.697 4.626 0 proton 0.119 0.129 0.107 0.12
H4' ADE 13 1 4.4117 4.419 4.484 0 proton 0.091 0.083 0.079 0.072
H4' ADE 18 1 4.45476 4.409 4.556 0 proton 0.091 0.083 0.079 0.072
H4' ADE 6 2 4.48191 4.4 4.552 1 proton 0.091 0.083 0.079 0.072
H4' ADE 12 1 4.41181 4.377 4.206 0 proton 0.091 0.083 0.079 0.072
H4' ADE 15 1 4.4984 4.413 4.491 0 proton 0.091 0.083 0.079 0.072
H4' ADE 18 2 4.45255 4.401 4.556 1 proton 0.091 0.083 0.079 0.072
H4' ADE 17 2 4.41539 4.43 4.502 1 proton 0.091 0.083 0.079 0.072
H4' ADE 6 1 4.46899 4.414 4.552 0 proton 0.091 0.083 0.079 0.072
H4' ADE 15 2 4.48356 4.405 4.491 1 proton 0.091 0.083 0.079 0.072
H4' ADE 17 1 4.43361 4.446 4.502 0 proton 0.091 0.083 0.079 0.072
H4' ADE 13 2 4.37312 4.407 4.484 1 proton 0.091 0.083 0.079 0.072
H4' ADE 12 2 4.41796 4.402 4.206 1 proton 0.091 0.083 0.079 0.072
H4' CYT 22 1 4.34656 4.398 4.411 0 proton 0.091 0.106 0.079 0.083
H4' CYT 8 2 4.34806 4.416 4.468 1 proton 0.091 0.106 0.079 0.083
H4' CYT 22 2 4.33847 4.386 4.411 1 proton 0.091 0.106 0.079 0.083
H4' CYT 19 1 4.33123 4.403 4.501 0 proton 0.091 0.106 0.079 0.083
H4' CYT 3 2 4.29631 4.404 4.467 1 proton 0.091 0.106 0.079 0.083
H4' CYT 3 1 4.29711 4.406 4.467 0 proton 0.091 0.106 0.079 0.083
H4' CYT 19 2 4.33773 4.404 4.501 1 proton 0.091 0.106 0.079 0.083
H4' CYT 8 1 4.34922 4.418 4.468 0 proton 0.091 0.106 0.079 0.083
H4' GUA 2 1 4.47729 4.428 4.558 0 proton 0.091 0.083 0.079 0.077
H4' GUA 2 2 4.47913 4.428 4.558 1 proton 0.091 0.083 0.079 0.077
H4' GUA 16 1 4.42814 4.428 4.467 0 proton 0.091 0.083 0.079 0.077
H4' GUA 5 2 4.41361 4.436 4.468 1 proton 0.091 0.083 0.079 0.077
H4' GUA 21 2 4.50274 4.429 4.523 1 proton 0.091 0.083 0.079 0.077
H4' GUA 5 1 4.44336 4.446 4.468 0 proton 0.091 0.083 0.079 0.077
H4' GUA 10 2 4.5253 4.422 4.496 1 proton 0.091 0.083 0.079 0.077
H4' GUA 16 2 4.40285 4.427 4.467 1 proton 0.091 0.083 0.079 0.077
H4' GUA 10 1 4.53255 4.417 4.496 0 proton 0.091 0.083 0.079 0.077
H4' GUA 21 1 4.49841 4.435 4.523 0 proton 0.091 0.083 0.079 0.077
H5 CYT 22 1 5.33768 5.642 5.199 0 proton 0.154 0.137 0.146 0.128
H5 CYT 8 2 5.65949 5.747 5.545 1 proton 0.154 0.137 0.146 0.128
H5 CYT 3 1 5.18251 5.484 5.273 0 proton 0.154 0.137 0.146 0.128
H5 CYT 3 2 5.18426 5.489 5.273 1 proton 0.154 0.137 0.146 0.128
H5 CYT 19 1 5.26959 5.504 5.156 0 proton 0.154 0.137 0.146 0.128
H5 CYT 8 1 5.69675 5.795 5.545 0 proton 0.154 0.137 0.146 0.128
H5 CYT 22 2 5.22278 5.485 5.199 1 proton 0.154 0.137 0.146 0.128
H5 CYT 19 2 5.30301 5.438 5.156 1 proton 0.154 0.137 0.146 0.128
H5' ADE 13 1 4.27124 4.181 4.347 0 proton 0.17 0.193 0.142 0.167
H5' ADE 12 2 4.30936 4.063 3.923 1 proton 0.17 0.193 0.142 0.167
H5' ADE 12 1 4.35587 4.036 3.923 0 proton 0.17 0.193 0.142 0.167
H5' ADE 17 2 4.4474 4.319 4.614 1 proton 0.17 0.193 0.142 0.167
H5' ADE 6 2 4.50385 4.279 4.554 1 proton 0.17 0.193 0.142 0.167
H5' ADE 15 1 4.05863 4.224 4.413 0 proton 0.17 0.193 0.142 0.167
H5' ADE 15 2 4.30745 4.246 4.413 1 proton 0.17 0.193 0.142 0.167
H5' ADE 18 2 4.56118 4.244 4.545 1 proton 0.17 0.193 0.142 0.167
H5' ADE 4 1 4.44233 4.296 4.548 0 proton 0.17 0.193 0.142 0.167
H5' ADE 6 1 4.5705 4.207 4.554 0 proton 0.17 0.193 0.142 0.167
H5' ADE 18 1 4.65167 4.159 4.545 0 proton 0.17 0.193 0.142 0.167
H5' ADE 17 1 4.42752 4.322 4.614 0 proton 0.17 0.193 0.142 0.167
H5' ADE 13 2 4.25238 4.186 4.347 1 proton 0.17 0.193 0.142 0.167
H5' ADE 4 2 4.48419 4.33 4.548 1 proton 0.17 0.193 0.142 0.167
H5' CYT 19 1 4.38603 4.364 4.388 0 proton 0.17 0.172 0.142 0.134
H5' CYT 22 1 4.38021 4.324 4.605 0 proton 0.17 0.172 0.142 0.134
H5' CYT 19 2 4.36769 4.368 4.388 1 proton 0.17 0.172 0.142 0.134
H5' CYT 3 1 4.34583 4.341 4.614 0 proton 0.17 0.172 0.142 0.134
H5' CYT 22 2 4.37303 4.4 4.605 1 proton 0.17 0.172 0.142 0.134
H5' CYT 3 2 4.31778 4.348 4.614 1 proton 0.17 0.172 0.142 0.134
H5' GUA 2 2 4.40177 4.291 4.348 1 proton 0.17 0.152 0.142 0.125
H5' GUA 21 2 4.29405 4.337 4.553 1 proton 0.17 0.152 0.142 0.125
H5' GUA 21 1 4.24403 4.325 4.553 0 proton 0.17 0.152 0.142 0.125
H5' GUA 10 2 4.37854 4.236 4.388 1 proton 0.17 0.152 0.142 0.125
H5' GUA 5 2 4.33222 4.336 4.55 1 proton 0.17 0.152 0.142 0.125
H5' GUA 10 1 4.46662 4.243 4.388 0 proton 0.17 0.152 0.142 0.125
H5' GUA 16 2 4.40572 4.317 4.423 1 proton 0.17 0.152 0.142 0.125
H5' GUA 16 1 4.38252 4.309 4.423 0 proton 0.17 0.152 0.142 0.125
H5' GUA 5 1 4.32459 4.366 4.55 0 proton 0.17 0.152 0.142 0.125
H5' GUA 2 1 4.39155 4.316 4.348 0 proton 0.17 0.152 0.142 0.125
H5'' ADE 13 2 4.44298 4.131 4.164 1 proton 0.127 0.122 0.1 0.093
H5'' ADE 15 2 4.27512 4.213 4.293 1 proton 0.127 0.122 0.1 0.093
H5'' ADE 6 2 4.28432 4.226 4.184 1 proton 0.127 0.122 0.1 0.093
H5'' ADE 12 1 4.10609 4.127 3.849 0 proton 0.127 0.122 0.1 0.093
H5'' ADE 15 1 4.27137 4.152 4.293 0 proton 0.127 0.122 0.1 0.093
H5'' ADE 6 1 4.25433 4.214 4.184 0 proton 0.127 0.122 0.1 0.093
H5'' ADE 12 2 4.08493 3.99 3.849 1 proton 0.127 0.122 0.1 0.093
H5'' ADE 17 2 4.2081 4.242 4.167 1 proton 0.127 0.122 0.1 0.093
H5'' ADE 4 2 4.23732 4.23 4.204 1 proton 0.127 0.122 0.1 0.093
H5'' ADE 13 1 4.50734 4.16 4.164 0 proton 0.127 0.122 0.1 0.093
H5'' ADE 18 1 4.17463 4.246 4.183 0 proton 0.127 0.122 0.1 0.093
H5'' ADE 17 1 4.25107 4.167 4.167 0 proton 0.127 0.122 0.1 0.093
H5'' ADE 18 2 4.21458 4.251 4.183 1 proton 0.127 0.122 0.1 0.093
H5'' ADE 4 1 4.23882 4.233 4.204 0 proton 0.127 0.122 0.1 0.093
H5'' CYT 19 1 4.16316 4.161 4.065 0 proton 0.127 0.133 0.1 0.107
H5'' CYT 3 2 4.11747 4.152 4.16 1 proton 0.127 0.133 0.1 0.107
H5'' CYT 3 1 4.12076 4.167 4.16 0 proton 0.127 0.133 0.1 0.107
H5'' CYT 22 1 4.1448 4.141 4.075 0 proton 0.127 0.133 0.1 0.107
H5'' CYT 22 2 4.1422 4.14 4.075 1 proton 0.127 0.133 0.1 0.107
H5'' CYT 19 2 4.14116 4.178 4.065 1 proton 0.127 0.133 0.1 0.107
H5'' GUA 10 1 4.47066 4.251 4.117 0 proton 0.127 0.136 0.1 0.106
H5'' GUA 21 2 4.25459 4.188 4.174 1 proton 0.127 0.136 0.1 0.106
H5'' GUA 16 2 4.21148 4.25 4.096 1 proton 0.127 0.136 0.1 0.106
H5'' GUA 2 2 4.21919 4.23 4.166 1 proton 0.127 0.136 0.1 0.106
H5'' GUA 5 2 4.22836 4.211 4.108 1 proton 0.127 0.136 0.1 0.106
H5'' GUA 21 1 4.23407 4.198 4.174 0 proton 0.127 0.136 0.1 0.106
H5'' GUA 5 1 4.26502 4.22 4.108 0 proton 0.127 0.136 0.1 0.106
H5'' GUA 16 1 4.25914 4.227 4.096 0 proton 0.127 0.136 0.1 0.106
H5'' GUA 2 1 4.23443 4.227 4.166 0 proton 0.127 0.136 0.1 0.106
H5'' GUA 10 2 4.4331 4.25 4.117 1 proton 0.127 0.136 0.1 0.106
H6 CYT 3 1 7.50595 7.717 7.661 0 proton 0.111 0.113 0.113 0.108
H6 CYT 22 1 7.63698 7.768 7.687 0 proton 0.111 0.113 0.113 0.108
H6 CYT 8 1 7.79698 7.862 7.806 0 proton 0.111 0.113 0.113 0.108
H6 CYT 3 2 7.49335 7.689 7.661 1 proton 0.111 0.113 0.113 0.108
H6 CYT 22 2 7.63655 7.675 7.687 1 proton 0.111 0.113 0.113 0.108
H6 CYT 19 1 7.43378 7.647 7.113 0 proton 0.111 0.113 0.113 0.108
H6 CYT 8 2 7.81468 7.892 7.806 1 proton 0.111 0.113 0.113 0.108
H6 CYT 19 2 7.44452 7.625 7.113 1 proton 0.111 0.113 0.113 0.108
H8 ADE 6 2 7.9433 8.059 7.986 1 proton 0.182 0.153 0.176 0.164
H8 ADE 13 1 7.9463 8.124 8.096 0 proton 0.182 0.153 0.176 0.164
H8 ADE 4 2 8.07877 8.075 7.942 1 proton 0.182 0.153 0.176 0.164
H8 ADE 12 2 8.39857 8.041 8.118 1 proton 0.182 0.153 0.176 0.164
H8 ADE 18 1 7.91353 7.894 7.916 0 proton 0.182 0.153 0.176 0.164
H8 ADE 12 1 8.40106 8.073 8.118 0 proton 0.182 0.153 0.176 0.164
H8 ADE 13 2 8.0596 8.083 8.096 1 proton 0.182 0.153 0.176 0.164
H8 ADE 15 1 8.20789 8.094 8.259 0 proton 0.182 0.153 0.176 0.164
H8 ADE 6 1 7.97456 8.028 7.986 0 proton 0.182 0.153 0.176 0.164
H8 ADE 4 1 8.07626 8.058 7.942 0 proton 0.182 0.153 0.176 0.164
H8 ADE 17 2 7.81614 8.029 7.618 1 proton 0.182 0.153 0.176 0.164
H8 ADE 18 2 7.72026 8.041 7.916 1 proton 0.182 0.153 0.176 0.164
H8 ADE 17 1 7.95774 8.031 7.618 0 proton 0.182 0.153 0.176 0.164
H8 ADE 15 2 8.09899 8.032 8.259 1 proton 0.182 0.153 0.176 0.164
H8 GUA 21 1 7.75875 7.782 7.749 0 proton 0.182 0.205 0.176 0.186
H8 GUA 10 1 7.90823 7.764 7.827 0 proton 0.182 0.205 0.176 0.186
H8 GUA 2 1 7.44606 7.751 7.644 0 proton 0.182 0.205 0.176 0.186
H8 GUA 2 2 7.34496 7.751 7.644 1 proton 0.182 0.205 0.176 0.186
H8 GUA 16 2 7.29846 7.638 7.108 1 proton 0.182 0.205 0.176 0.186
H8 GUA 16 1 7.45919 7.669 7.108 0 proton 0.182 0.205 0.176 0.186
H8 GUA 5 1 7.47694 7.717 7.143 0 proton 0.182 0.205 0.176 0.186
H8 GUA 21 2 7.79872 7.756 7.749 1 proton 0.182 0.205 0.176 0.186
H8 GUA 5 2 7.34441 7.493 7.143 1 proton 0.182 0.205 0.176 0.186
H8 GUA 10 2 7.9327 7.775 7.827 1 proton 0.182 0.205 0.176 0.186
