nucleus resname resid model larmord_predCS ramsey_predCS expCS reference_flag type weight_larmord_1 weight_larmord_2 weight_ramsey_1 weight_ramsey_2 sensi_mean sensi_ramsey sensi_larmord
C1' ADE 28 1 92.5998 92.511 92.67 0 carbon 0.856 0.869 0.683 0.683 0.0519480519480519 0.0614035087719298 0.0538461538461538
C1' ADE 8 1 92.7231 92.494 92.71 0 carbon 0.856 0.869 0.683 0.683 0.0519480519480519 0.0614035087719298 0.0538461538461538
C1' ADE 18 1 92.0068 92.479 91.47 0 carbon 0.856 0.869 0.683 0.683 0.0519480519480519 0.0614035087719298 0.0538461538461538
C1' ADE 28 2 92.2937 92.413 92.67 1 carbon 0.856 0.869 0.683 0.683 0.0519480519480519 0.0614035087719298 0.0538461538461538
C1' ADE 8 2 92.6203 92.822 92.71 1 carbon 0.856 0.869 0.683 0.683 0.0519480519480519 0.0614035087719298 0.0538461538461538
C1' ADE 18 2 92.0394 92.58 91.47 1 carbon 0.856 0.869 0.683 0.683 0.0519480519480519 0.0614035087719298 0.0538461538461538
C1' GUA 26 1 90.9549 92.283 86.12 0 carbon 0.856 0.862 0.683 0.797 0.0519480519480519 0.0614035087719298 0.0538461538461538
C1' GUA 26 2 91.5177 92.41 86.12 1 carbon 0.856 0.862 0.683 0.797 0.0519480519480519 0.0614035087719298 0.0538461538461538
C2 ADE 16 2 154.73 154.625 154.4 1 carbon 0.733 0.733 0.633 0.484 0.0303030303030303 0.0219298245614035 0.0615384615384615
C2 ADE 18 2 155.188 154.799 155.5 1 carbon 0.733 0.733 0.633 0.484 0.0303030303030303 0.0219298245614035 0.0615384615384615
C2 ADE 24 1 153.961 154.11 154 0 carbon 0.733 0.733 0.633 0.484 0.0303030303030303 0.0219298245614035 0.0615384615384615
C2 ADE 2 1 153.103 153.185 153 0 carbon 0.733 0.733 0.633 0.484 0.0303030303030303 0.0219298245614035 0.0615384615384615
C2 ADE 8 2 153.47 153.202 153.8 1 carbon 0.733 0.733 0.633 0.484 0.0303030303030303 0.0219298245614035 0.0615384615384615
C2 ADE 17 1 155.002 154.146 154.5 0 carbon 0.733 0.733 0.633 0.484 0.0303030303030303 0.0219298245614035 0.0615384615384615
C2 ADE 2 2 153.096 153.357 153 1 carbon 0.733 0.733 0.633 0.484 0.0303030303030303 0.0219298245614035 0.0615384615384615
C2 ADE 13 1 154.015 153.998 153.9 0 carbon 0.733 0.733 0.633 0.484 0.0303030303030303 0.0219298245614035 0.0615384615384615
C2 ADE 13 2 154.049 154.116 153.9 1 carbon 0.733 0.733 0.633 0.484 0.0303030303030303 0.0219298245614035 0.0615384615384615
C2 ADE 8 1 154.023 154.445 153.8 0 carbon 0.733 0.733 0.633 0.484 0.0303030303030303 0.0219298245614035 0.0615384615384615
C2 ADE 24 2 153.519 153.203 154 1 carbon 0.733 0.733 0.633 0.484 0.0303030303030303 0.0219298245614035 0.0615384615384615
C2 ADE 28 2 153.663 153.671 153.3 1 carbon 0.733 0.733 0.633 0.484 0.0303030303030303 0.0219298245614035 0.0615384615384615
C2 ADE 17 2 154.478 153.641 154.5 1 carbon 0.733 0.733 0.633 0.484 0.0303030303030303 0.0219298245614035 0.0615384615384615
C2 ADE 16 1 154.987 154.213 154.4 0 carbon 0.733 0.733 0.633 0.484 0.0303030303030303 0.0219298245614035 0.0615384615384615
C2 ADE 18 1 154.369 153.454 155.5 0 carbon 0.733 0.733 0.633 0.484 0.0303030303030303 0.0219298245614035 0.0615384615384615
C2 ADE 28 1 153.311 153.544 153.3 0 carbon 0.733 0.733 0.633 0.484 0.0303030303030303 0.0219298245614035 0.0615384615384615
C2' ADE 8 1 75.4839 75.713 75.83 0 carbon 0.532 0.489 0.489 0.462 0.00865800865800866 0.0043859649122807 0.0153846153846154
C2' ADE 2 2 75.619 75.587 76.12 1 carbon 0.532 0.489 0.489 0.462 0.00865800865800866 0.0043859649122807 0.0153846153846154
C2' ADE 18 1 75.7115 75.894 76.43 0 carbon 0.532 0.489 0.489 0.462 0.00865800865800866 0.0043859649122807 0.0153846153846154
C2' ADE 2 1 75.3205 75.725 76.12 0 carbon 0.532 0.489 0.489 0.462 0.00865800865800866 0.0043859649122807 0.0153846153846154
C2' ADE 18 2 75.982 75.933 76.43 1 carbon 0.532 0.489 0.489 0.462 0.00865800865800866 0.0043859649122807 0.0153846153846154
C2' ADE 8 2 75.2197 75.637 75.83 1 carbon 0.532 0.489 0.489 0.462 0.00865800865800866 0.0043859649122807 0.0153846153846154
C2' ADE 28 1 75.1868 75.732 75.65 0 carbon 0.532 0.489 0.489 0.462 0.00865800865800866 0.0043859649122807 0.0153846153846154
C2' ADE 28 2 75.6382 75.441 75.65 1 carbon 0.532 0.489 0.489 0.462 0.00865800865800866 0.0043859649122807 0.0153846153846154
C2' GUA 26 1 75.3529 76.095 75.08 0 carbon 0.532 0.582 0.489 0.604 0.00865800865800866 0.0043859649122807 0.0153846153846154
C2' GUA 26 2 75.9758 75.96 75.08 1 carbon 0.532 0.582 0.489 0.604 0.00865800865800866 0.0043859649122807 0.0153846153846154
C3' ADE 24 1 72.7459 74.25 71.97 0 carbon 1.091 1.11 0.933 0.936 0.0562770562770563 0.0614035087719298 0.0692307692307692
C3' ADE 8 1 73.6611 73.646 73.17 0 carbon 1.091 1.11 0.933 0.936 0.0562770562770563 0.0614035087719298 0.0692307692307692
C3' ADE 2 1 72.3771 73.622 73.3 0 carbon 1.091 1.11 0.933 0.936 0.0562770562770563 0.0614035087719298 0.0692307692307692
C3' ADE 28 1 73.1611 73.6 73.04 0 carbon 1.091 1.11 0.933 0.936 0.0562770562770563 0.0614035087719298 0.0692307692307692
C3' ADE 18 1 72.9483 74.165 73.94 0 carbon 1.091 1.11 0.933 0.936 0.0562770562770563 0.0614035087719298 0.0692307692307692
C3' ADE 24 2 73.0332 73.645 71.97 1 carbon 1.091 1.11 0.933 0.936 0.0562770562770563 0.0614035087719298 0.0692307692307692
C3' ADE 28 2 73.5843 72.976 73.04 1 carbon 1.091 1.11 0.933 0.936 0.0562770562770563 0.0614035087719298 0.0692307692307692
C3' ADE 2 2 73.5645 73.058 73.3 1 carbon 1.091 1.11 0.933 0.936 0.0562770562770563 0.0614035087719298 0.0692307692307692
C3' ADE 8 2 73.6676 73.343 73.17 1 carbon 1.091 1.11 0.933 0.936 0.0562770562770563 0.0614035087719298 0.0692307692307692
C3' ADE 18 2 73.4259 74.04 73.94 1 carbon 1.091 1.11 0.933 0.936 0.0562770562770563 0.0614035087719298 0.0692307692307692
C3' GUA 26 2 76.8852 74.836 75.02 1 carbon 1.091 1.038 0.933 0.936 0.0562770562770563 0.0614035087719298 0.0692307692307692
C3' GUA 26 1 77.6728 74.951 75.02 0 carbon 1.091 1.038 0.933 0.936 0.0562770562770563 0.0614035087719298 0.0692307692307692
C4' ADE 8 1 82.8704 82.95 82.55 0 carbon 0.808 0.838 0.593 0.636 0.0346320346320346 0.0745614035087719 0.0423076923076923
C4' ADE 2 1 82.4646 82.983 82.39 0 carbon 0.808 0.838 0.593 0.636 0.0346320346320346 0.0745614035087719 0.0423076923076923
C4' ADE 24 1 82.6393 83.326 84.87 0 carbon 0.808 0.838 0.593 0.636 0.0346320346320346 0.0745614035087719 0.0423076923076923
C4' ADE 18 1 82.814 83.065 82.69 0 carbon 0.808 0.838 0.593 0.636 0.0346320346320346 0.0745614035087719 0.0423076923076923
C4' ADE 2 2 82.6791 82.372 82.39 1 carbon 0.808 0.838 0.593 0.636 0.0346320346320346 0.0745614035087719 0.0423076923076923
C4' ADE 8 2 82.6737 82.545 82.55 1 carbon 0.808 0.838 0.593 0.636 0.0346320346320346 0.0745614035087719 0.0423076923076923
C4' ADE 24 2 82.2233 82.46 84.87 1 carbon 0.808 0.838 0.593 0.636 0.0346320346320346 0.0745614035087719 0.0423076923076923
C4' ADE 28 1 82.5142 82.842 82.23 0 carbon 0.808 0.838 0.593 0.636 0.0346320346320346 0.0745614035087719 0.0423076923076923
C4' ADE 28 2 82.6883 82.344 82.23 1 carbon 0.808 0.838 0.593 0.636 0.0346320346320346 0.0745614035087719 0.0423076923076923
C4' ADE 18 2 82.8714 82.852 82.69 1 carbon 0.808 0.838 0.593 0.636 0.0346320346320346 0.0745614035087719 0.0423076923076923
C4' GUA 26 2 84.0853 83.795 83.44 1 carbon 0.808 0.704 0.593 0.653 0.0346320346320346 0.0745614035087719 0.0423076923076923
C4' GUA 26 1 85.0631 83.787 83.44 0 carbon 0.808 0.704 0.593 0.653 0.0346320346320346 0.0745614035087719 0.0423076923076923
C5 CYT 5 1 97.2768 98.397 97.76 0 carbon 0.859 0.837 0.693 0.452 0.731601731601732 0.780701754385965 0.676923076923077
C5 CYT 11 2 97.6486 97.948 97.19 1 carbon 0.859 0.837 0.693 0.452 0.731601731601732 0.780701754385965 0.676923076923077
C5 CYT 25 1 99.9883 99.225 97.41 0 carbon 0.859 0.837 0.693 0.452 0.731601731601732 0.780701754385965 0.676923076923077
C5 CYT 25 2 99.2446 99.066 97.41 1 carbon 0.859 0.837 0.693 0.452 0.731601731601732 0.780701754385965 0.676923076923077
C5 CYT 4 2 97.0091 97.896 97.12 1 carbon 0.859 0.837 0.693 0.452 0.731601731601732 0.780701754385965 0.676923076923077
C5 CYT 4 1 96.2088 97.988 97.12 0 carbon 0.859 0.837 0.693 0.452 0.731601731601732 0.780701754385965 0.676923076923077
C5 CYT 5 2 98.0296 98.269 97.76 1 carbon 0.859 0.837 0.693 0.452 0.731601731601732 0.780701754385965 0.676923076923077
C5 CYT 29 2 98.2579 97.954 97.25 1 carbon 0.859 0.837 0.693 0.452 0.731601731601732 0.780701754385965 0.676923076923077
C5 CYT 23 1 97.4002 97.99 97.12 0 carbon 0.859 0.837 0.693 0.452 0.731601731601732 0.780701754385965 0.676923076923077
C5 CYT 21 1 96.8065 98.383 97.54 0 carbon 0.859 0.837 0.693 0.452 0.731601731601732 0.780701754385965 0.676923076923077
C5 CYT 23 2 97.9229 98.069 97.12 1 carbon 0.859 0.837 0.693 0.452 0.731601731601732 0.780701754385965 0.676923076923077
C5 CYT 11 1 96.4205 98.064 97.19 0 carbon 0.859 0.837 0.693 0.452 0.731601731601732 0.780701754385965 0.676923076923077
C5 CYT 21 2 98.0101 98.218 97.54 1 carbon 0.859 0.837 0.693 0.452 0.731601731601732 0.780701754385965 0.676923076923077
C5 CYT 29 1 96.6339 98.101 97.25 0 carbon 0.859 0.837 0.693 0.452 0.731601731601732 0.780701754385965 0.676923076923077
C5' ADE 2 2 65.8099 65.735 65.8 1 carbon 0.847 0.847 0.798 0.818 0.0519480519480519 0.0526315789473684 0.0730769230769231
C5' ADE 24 2 65.5075 66.119 66.52 1 carbon 0.847 0.847 0.798 0.818 0.0519480519480519 0.0526315789473684 0.0730769230769231
C5' ADE 18 2 65.9885 65.884 65.75 1 carbon 0.847 0.847 0.798 0.818 0.0519480519480519 0.0526315789473684 0.0730769230769231
C5' ADE 18 1 65.8532 67.085 65.75 0 carbon 0.847 0.847 0.798 0.818 0.0519480519480519 0.0526315789473684 0.0730769230769231
C5' ADE 8 2 66.2865 66.759 65.61 1 carbon 0.847 0.847 0.798 0.818 0.0519480519480519 0.0526315789473684 0.0730769230769231
C5' ADE 8 1 66.3025 65.866 65.61 0 carbon 0.847 0.847 0.798 0.818 0.0519480519480519 0.0526315789473684 0.0730769230769231
C5' ADE 24 1 65.298 66.648 66.52 0 carbon 0.847 0.847 0.798 0.818 0.0519480519480519 0.0526315789473684 0.0730769230769231
C5' ADE 2 1 65.686 66.43 65.8 0 carbon 0.847 0.847 0.798 0.818 0.0519480519480519 0.0526315789473684 0.0730769230769231
C5' GUA 26 1 68.2972 67.379 67.71 0 carbon 0.847 0.945 0.798 0.782 0.0519480519480519 0.0526315789473684 0.0730769230769231
C5' GUA 26 2 67.9607 66.835 67.71 1 carbon 0.847 0.945 0.798 0.782 0.0519480519480519 0.0526315789473684 0.0730769230769231
C6 CYT 25 1 142.791 142.949 141.8 0 carbon 0.734 0.671 0.687 0.54 0.0303030303030303 0.0307017543859649 0.0461538461538462
C6 CYT 29 1 140.317 141.086 140.4 0 carbon 0.734 0.671 0.687 0.54 0.0303030303030303 0.0307017543859649 0.0461538461538462
C6 CYT 21 1 141.432 141.721 141.2 0 carbon 0.734 0.671 0.687 0.54 0.0303030303030303 0.0307017543859649 0.0461538461538462
C6 CYT 5 1 141.43 142.071 140.9 0 carbon 0.734 0.671 0.687 0.54 0.0303030303030303 0.0307017543859649 0.0461538461538462
C6 CYT 25 2 141.132 142.263 141.8 1 carbon 0.734 0.671 0.687 0.54 0.0303030303030303 0.0307017543859649 0.0461538461538462
C6 CYT 21 2 141.275 141.949 141.2 1 carbon 0.734 0.671 0.687 0.54 0.0303030303030303 0.0307017543859649 0.0461538461538462
C6 CYT 11 1 140.865 141.363 140.9 0 carbon 0.734 0.671 0.687 0.54 0.0303030303030303 0.0307017543859649 0.0461538461538462
C6 CYT 29 2 140.501 140.683 140.4 1 carbon 0.734 0.671 0.687 0.54 0.0303030303030303 0.0307017543859649 0.0461538461538462
C6 CYT 11 2 140.796 140.793 140.9 1 carbon 0.734 0.671 0.687 0.54 0.0303030303030303 0.0307017543859649 0.0461538461538462
C6 CYT 23 2 140.465 140.787 140.3 1 carbon 0.734 0.671 0.687 0.54 0.0303030303030303 0.0307017543859649 0.0461538461538462
C6 CYT 4 2 140.842 140.768 141.6 1 carbon 0.734 0.671 0.687 0.54 0.0303030303030303 0.0307017543859649 0.0461538461538462
C6 CYT 4 1 140.804 140.815 141.6 0 carbon 0.734 0.671 0.687 0.54 0.0303030303030303 0.0307017543859649 0.0461538461538462
C6 CYT 5 2 141.21 141.884 140.9 1 carbon 0.734 0.671 0.687 0.54 0.0303030303030303 0.0307017543859649 0.0461538461538462
C6 CYT 23 1 140.458 140.931 140.3 0 carbon 0.734 0.671 0.687 0.54 0.0303030303030303 0.0307017543859649 0.0461538461538462
C8 ADE 16 2 142.35 141.003 142.2 1 carbon 0.915 0.776 0.786 0.668 0.29004329004329 0.298245614035088 0.276923076923077
C8 ADE 28 1 140.085 140.51 140.1 0 carbon 0.915 0.776 0.786 0.668 0.29004329004329 0.298245614035088 0.276923076923077
C8 ADE 18 2 140.84 140.574 141.1 1 carbon 0.915 0.776 0.786 0.668 0.29004329004329 0.298245614035088 0.276923076923077
C8 ADE 28 2 140.13 138.461 140.1 1 carbon 0.915 0.776 0.786 0.668 0.29004329004329 0.298245614035088 0.276923076923077
C8 ADE 24 2 139.446 139.665 139.6 1 carbon 0.915 0.776 0.786 0.668 0.29004329004329 0.298245614035088 0.276923076923077
C8 ADE 8 2 139.625 139.807 139.8 1 carbon 0.915 0.776 0.786 0.668 0.29004329004329 0.298245614035088 0.276923076923077
C8 ADE 17 2 139.837 140.83 140.7 1 carbon 0.915 0.776 0.786 0.668 0.29004329004329 0.298245614035088 0.276923076923077
C8 ADE 13 2 139.715 139.688 139.1 1 carbon 0.915 0.776 0.786 0.668 0.29004329004329 0.298245614035088 0.276923076923077
C8 ADE 8 1 140.03 140.323 139.8 0 carbon 0.915 0.776 0.786 0.668 0.29004329004329 0.298245614035088 0.276923076923077
C8 ADE 2 1 139.142 139.119 137.8 0 carbon 0.915 0.776 0.786 0.668 0.29004329004329 0.298245614035088 0.276923076923077
C8 ADE 13 1 139.557 139.897 139.1 0 carbon 0.915 0.776 0.786 0.668 0.29004329004329 0.298245614035088 0.276923076923077
C8 ADE 17 1 140.384 141.272 140.7 0 carbon 0.915 0.776 0.786 0.668 0.29004329004329 0.298245614035088 0.276923076923077
C8 ADE 2 2 139.819 139.32 137.8 1 carbon 0.915 0.776 0.786 0.668 0.29004329004329 0.298245614035088 0.276923076923077
C8 ADE 24 1 139.603 140.537 139.6 0 carbon 0.915 0.776 0.786 0.668 0.29004329004329 0.298245614035088 0.276923076923077
C8 ADE 16 1 142.071 140.366 142.2 0 carbon 0.915 0.776 0.786 0.668 0.29004329004329 0.298245614035088 0.276923076923077
C8 ADE 18 1 139.803 140.843 141.1 0 carbon 0.915 0.776 0.786 0.668 0.29004329004329 0.298245614035088 0.276923076923077
C8 GUA 3 1 136.044 137.502 136.3 0 carbon 0.915 1.022 0.786 0.888 0.29004329004329 0.298245614035088 0.276923076923077
C8 GUA 15 2 137.34 137.577 137.1 1 carbon 0.915 1.022 0.786 0.888 0.29004329004329 0.298245614035088 0.276923076923077
C8 GUA 30 1 136.367 137.233 136.1 0 carbon 0.915 1.022 0.786 0.888 0.29004329004329 0.298245614035088 0.276923076923077
C8 GUA 19 2 136.961 137.185 137.7 1 carbon 0.915 1.022 0.786 0.888 0.29004329004329 0.298245614035088 0.276923076923077
C8 GUA 31 2 136.399 136.891 135.9 1 carbon 0.915 1.022 0.786 0.888 0.29004329004329 0.298245614035088 0.276923076923077
C8 GUA 6 1 136.56 137.347 136.2 0 carbon 0.915 1.022 0.786 0.888 0.29004329004329 0.298245614035088 0.276923076923077
C8 GUA 26 2 139.678 140.182 139.5 1 carbon 0.915 1.022 0.786 0.888 0.29004329004329 0.298245614035088 0.276923076923077
C8 GUA 19 1 135.79 136.993 137.7 0 carbon 0.915 1.022 0.786 0.888 0.29004329004329 0.298245614035088 0.276923076923077
C8 GUA 22 1 135.955 137.064 136.1 0 carbon 0.915 1.022 0.786 0.888 0.29004329004329 0.298245614035088 0.276923076923077
C8 GUA 3 2 136.384 137.451 136.3 1 carbon 0.915 1.022 0.786 0.888 0.29004329004329 0.298245614035088 0.276923076923077
C8 GUA 15 1 136.937 138.223 137.1 0 carbon 0.915 1.022 0.786 0.888 0.29004329004329 0.298245614035088 0.276923076923077
C8 GUA 6 2 136.285 136.811 136.2 1 carbon 0.915 1.022 0.786 0.888 0.29004329004329 0.298245614035088 0.276923076923077
C8 GUA 30 2 136.412 136.597 136.1 1 carbon 0.915 1.022 0.786 0.888 0.29004329004329 0.298245614035088 0.276923076923077
C8 GUA 31 1 136.358 137.297 135.9 0 carbon 0.915 1.022 0.786 0.888 0.29004329004329 0.298245614035088 0.276923076923077
C8 GUA 22 2 136.3 136.676 136.1 1 carbon 0.915 1.022 0.786 0.888 0.29004329004329 0.298245614035088 0.276923076923077
C8 GUA 12 2 136.334 136.59 136.2 1 carbon 0.915 1.022 0.786 0.888 0.29004329004329 0.298245614035088 0.276923076923077
C8 GUA 10 2 137.022 137.15 139 1 carbon 0.915 1.022 0.786 0.888 0.29004329004329 0.298245614035088 0.276923076923077
C8 GUA 26 1 139.947 139.643 139.5 0 carbon 0.915 1.022 0.786 0.888 0.29004329004329 0.298245614035088 0.276923076923077
C8 GUA 12 1 135.881 137.35 136.2 0 carbon 0.915 1.022 0.786 0.888 0.29004329004329 0.298245614035088 0.276923076923077
C8 GUA 10 1 137.09 137.567 139 0 carbon 0.915 1.022 0.786 0.888 0.29004329004329 0.298245614035088 0.276923076923077
H1' ADE 8 1 5.84766 5.767 6.01 0 proton 0.177 0.169 0.165 0.166 0.298701298701299 0.364035087719298 0.192307692307692
H1' ADE 13 2 5.87798 5.712 5.918 1 proton 0.177 0.169 0.165 0.166 0.298701298701299 0.364035087719298 0.192307692307692
H1' ADE 28 1 5.95263 5.528 6.022 0 proton 0.177 0.169 0.165 0.166 0.298701298701299 0.364035087719298 0.192307692307692
H1' ADE 17 1 5.60866 5.407 5.473 0 proton 0.177 0.169 0.165 0.166 0.298701298701299 0.364035087719298 0.192307692307692
H1' ADE 2 2 5.97513 5.672 6.033 1 proton 0.177 0.169 0.165 0.166 0.298701298701299 0.364035087719298 0.192307692307692
H1' ADE 18 2 5.8052 5.669 5.994 1 proton 0.177 0.169 0.165 0.166 0.298701298701299 0.364035087719298 0.192307692307692
H1' ADE 28 2 5.87674 5.646 6.022 1 proton 0.177 0.169 0.165 0.166 0.298701298701299 0.364035087719298 0.192307692307692
H1' ADE 17 2 5.64234 5.361 5.473 1 proton 0.177 0.169 0.165 0.166 0.298701298701299 0.364035087719298 0.192307692307692
H1' ADE 16 2 5.77474 5.645 5.65 1 proton 0.177 0.169 0.165 0.166 0.298701298701299 0.364035087719298 0.192307692307692
H1' ADE 13 1 5.8659 5.661 5.918 0 proton 0.177 0.169 0.165 0.166 0.298701298701299 0.364035087719298 0.192307692307692
H1' ADE 2 1 5.93171 5.564 6.033 0 proton 0.177 0.169 0.165 0.166 0.298701298701299 0.364035087719298 0.192307692307692
H1' ADE 18 1 5.68892 5.188 5.994 0 proton 0.177 0.169 0.165 0.166 0.298701298701299 0.364035087719298 0.192307692307692
H1' ADE 24 1 5.88572 5.603 5.839 0 proton 0.177 0.169 0.165 0.166 0.298701298701299 0.364035087719298 0.192307692307692
H1' ADE 24 2 5.91354 5.697 5.839 1 proton 0.177 0.169 0.165 0.166 0.298701298701299 0.364035087719298 0.192307692307692
H1' ADE 8 2 5.86427 5.72 6.01 1 proton 0.177 0.169 0.165 0.166 0.298701298701299 0.364035087719298 0.192307692307692
H1' ADE 16 1 5.76576 5.638 5.65 0 proton 0.177 0.169 0.165 0.166 0.298701298701299 0.364035087719298 0.192307692307692
H1' CYT 5 1 5.63849 5.266 5.509 0 proton 0.177 0.185 0.165 0.16 0.298701298701299 0.364035087719298 0.192307692307692
H1' CYT 11 2 5.56777 5.453 5.479 1 proton 0.177 0.185 0.165 0.16 0.298701298701299 0.364035087719298 0.192307692307692
H1' CYT 29 2 5.5092 5.457 5.406 1 proton 0.177 0.185 0.165 0.16 0.298701298701299 0.364035087719298 0.192307692307692
H1' CYT 25 2 5.6715 5.561 5.589 1 proton 0.177 0.185 0.165 0.16 0.298701298701299 0.364035087719298 0.192307692307692
H1' CYT 23 2 5.52325 5.44 5.397 1 proton 0.177 0.185 0.165 0.16 0.298701298701299 0.364035087719298 0.192307692307692
H1' CYT 21 1 5.57494 5.236 5.541 0 proton 0.177 0.185 0.165 0.16 0.298701298701299 0.364035087719298 0.192307692307692
H1' CYT 29 1 5.49797 5.258 5.406 0 proton 0.177 0.185 0.165 0.16 0.298701298701299 0.364035087719298 0.192307692307692
H1' CYT 5 2 5.63507 5.442 5.509 1 proton 0.177 0.185 0.165 0.16 0.298701298701299 0.364035087719298 0.192307692307692
H1' CYT 4 1 5.63818 5.397 5.515 0 proton 0.177 0.185 0.165 0.16 0.298701298701299 0.364035087719298 0.192307692307692
H1' CYT 25 1 5.58091 5.553 5.589 0 proton 0.177 0.185 0.165 0.16 0.298701298701299 0.364035087719298 0.192307692307692
H1' CYT 11 1 5.57787 5.22 5.479 0 proton 0.177 0.185 0.165 0.16 0.298701298701299 0.364035087719298 0.192307692307692
H1' CYT 23 1 5.49145 5.419 5.397 0 proton 0.177 0.185 0.165 0.16 0.298701298701299 0.364035087719298 0.192307692307692
H1' CYT 4 2 5.61306 5.492 5.515 1 proton 0.177 0.185 0.165 0.16 0.298701298701299 0.364035087719298 0.192307692307692
H1' CYT 21 2 5.59387 5.419 5.541 1 proton 0.177 0.185 0.165 0.16 0.298701298701299 0.364035087719298 0.192307692307692
H1' GUA 12 1 5.61431 5.372 5.665 0 proton 0.177 0.19 0.165 0.189 0.298701298701299 0.364035087719298 0.192307692307692
H1' GUA 31 1 5.67293 5.466 5.723 0 proton 0.177 0.19 0.165 0.189 0.298701298701299 0.364035087719298 0.192307692307692
H1' GUA 3 1 5.6263 5.511 5.655 0 proton 0.177 0.19 0.165 0.189 0.298701298701299 0.364035087719298 0.192307692307692
H1' GUA 30 2 5.72227 5.549 5.695 1 proton 0.177 0.19 0.165 0.189 0.298701298701299 0.364035087719298 0.192307692307692
H1' GUA 6 1 5.66981 5.55 5.694 0 proton 0.177 0.19 0.165 0.189 0.298701298701299 0.364035087719298 0.192307692307692
H1' GUA 26 1 6.01868 5.579 5.63 0 proton 0.177 0.19 0.165 0.189 0.298701298701299 0.364035087719298 0.192307692307692
H1' GUA 19 1 5.32392 5.167 4.04 0 proton 0.177 0.19 0.165 0.189 0.298701298701299 0.364035087719298 0.192307692307692
H1' GUA 6 2 5.65498 5.596 5.694 1 proton 0.177 0.19 0.165 0.189 0.298701298701299 0.364035087719298 0.192307692307692
H1' GUA 22 1 5.6412 5.612 5.617 0 proton 0.177 0.19 0.165 0.189 0.298701298701299 0.364035087719298 0.192307692307692
H1' GUA 15 1 5.75211 5.503 5.632 0 proton 0.177 0.19 0.165 0.189 0.298701298701299 0.364035087719298 0.192307692307692
H1' GUA 22 2 5.63301 5.599 5.617 1 proton 0.177 0.19 0.165 0.189 0.298701298701299 0.364035087719298 0.192307692307692
H1' GUA 10 1 5.6574 5.526 5.71 0 proton 0.177 0.19 0.165 0.189 0.298701298701299 0.364035087719298 0.192307692307692
H1' GUA 10 2 5.62824 5.666 5.71 1 proton 0.177 0.19 0.165 0.189 0.298701298701299 0.364035087719298 0.192307692307692
H1' GUA 3 2 5.61027 5.598 5.655 1 proton 0.177 0.19 0.165 0.189 0.298701298701299 0.364035087719298 0.192307692307692
H1' GUA 30 1 5.70871 5.496 5.695 0 proton 0.177 0.19 0.165 0.189 0.298701298701299 0.364035087719298 0.192307692307692
H1' GUA 12 2 5.62097 5.634 5.665 1 proton 0.177 0.19 0.165 0.189 0.298701298701299 0.364035087719298 0.192307692307692
H1' GUA 26 2 6.09206 5.647 5.63 1 proton 0.177 0.19 0.165 0.189 0.298701298701299 0.364035087719298 0.192307692307692
H1' GUA 19 2 4.82136 5.104 4.04 1 proton 0.177 0.19 0.165 0.189 0.298701298701299 0.364035087719298 0.192307692307692
H1' GUA 15 2 5.37796 5.648 5.632 1 proton 0.177 0.19 0.165 0.189 0.298701298701299 0.364035087719298 0.192307692307692
H1' GUA 31 2 5.67895 5.654 5.723 1 proton 0.177 0.19 0.165 0.189 0.298701298701299 0.364035087719298 0.192307692307692
H2 ADE 13 1 7.92298 7.68 7.755 0 proton 0.237 0.237 0.185 0.185 1 0.592105263157895 1
H2 ADE 17 2 7.97556 7.677 7.697 1 proton 0.237 0.237 0.185 0.185 1 0.592105263157895 1
H2 ADE 8 1 7.62047 7.885 7.274 0 proton 0.237 0.237 0.185 0.185 1 0.592105263157895 1
H2 ADE 24 1 7.61184 7.751 7.161 0 proton 0.237 0.237 0.185 0.185 1 0.592105263157895 1
H2 ADE 18 2 8.1149 8.067 8.159 1 proton 0.237 0.237 0.185 0.185 1 0.592105263157895 1
H2 ADE 16 2 7.87339 7.928 7.743 1 proton 0.237 0.237 0.185 0.185 1 0.592105263157895 1
H2 ADE 28 1 7.34223 7.302 7.232 0 proton 0.237 0.237 0.185 0.185 1 0.592105263157895 1
H2 ADE 13 2 7.83769 7.745 7.755 1 proton 0.237 0.237 0.185 0.185 1 0.592105263157895 1
H2 ADE 17 1 8.07992 7.977 7.697 0 proton 0.237 0.237 0.185 0.185 1 0.592105263157895 1
H2 ADE 18 1 8.24587 7.84 8.159 0 proton 0.237 0.237 0.185 0.185 1 0.592105263157895 1
H2 ADE 24 2 7.4795 7.444 7.161 1 proton 0.237 0.237 0.185 0.185 1 0.592105263157895 1
H2 ADE 28 2 7.16867 7.474 7.232 1 proton 0.237 0.237 0.185 0.185 1 0.592105263157895 1
H2 ADE 8 2 7.42623 7.283 7.274 1 proton 0.237 0.237 0.185 0.185 1 0.592105263157895 1
H2 ADE 16 1 7.94768 7.997 7.743 0 proton 0.237 0.237 0.185 0.185 1 0.592105263157895 1
H2 ADE 2 2 7.49577 7.223 7.362 1 proton 0.237 0.237 0.185 0.185 1 0.592105263157895 1
H2 ADE 2 1 7.5091 7.294 7.362 0 proton 0.237 0.237 0.185 0.185 1 0.592105263157895 1
H2' ADE 8 2 4.29896 4.55 4.509 1 proton 0.137 0.133 0.13 0.14 0.108225108225108 0.219298245614035 0.0923076923076923
H2' ADE 18 2 4.33588 4.558 4.618 1 proton 0.137 0.133 0.13 0.14 0.108225108225108 0.219298245614035 0.0923076923076923
H2' ADE 2 1 4.66518 4.524 4.628 0 proton 0.137 0.133 0.13 0.14 0.108225108225108 0.219298245614035 0.0923076923076923
H2' ADE 2 2 4.54814 4.585 4.628 1 proton 0.137 0.133 0.13 0.14 0.108225108225108 0.219298245614035 0.0923076923076923
H2' ADE 28 1 4.2817 4.503 4.564 0 proton 0.137 0.133 0.13 0.14 0.108225108225108 0.219298245614035 0.0923076923076923
H2' ADE 28 2 4.31216 4.587 4.564 1 proton 0.137 0.133 0.13 0.14 0.108225108225108 0.219298245614035 0.0923076923076923
H2' ADE 8 1 4.34322 4.59 4.509 0 proton 0.137 0.133 0.13 0.14 0.108225108225108 0.219298245614035 0.0923076923076923
H2' ADE 24 1 4.39226 4.537 4.183 0 proton 0.137 0.133 0.13 0.14 0.108225108225108 0.219298245614035 0.0923076923076923
H2' ADE 18 1 4.44259 4.512 4.618 0 proton 0.137 0.133 0.13 0.14 0.108225108225108 0.219298245614035 0.0923076923076923
H2' ADE 16 1 4.24418 4.549 4.678 0 proton 0.137 0.133 0.13 0.14 0.108225108225108 0.219298245614035 0.0923076923076923
H2' ADE 17 2 4.4257 4.558 4.393 1 proton 0.137 0.133 0.13 0.14 0.108225108225108 0.219298245614035 0.0923076923076923
H2' ADE 13 2 4.32879 4.538 4.493 1 proton 0.137 0.133 0.13 0.14 0.108225108225108 0.219298245614035 0.0923076923076923
H2' ADE 13 1 4.37714 4.524 4.493 0 proton 0.137 0.133 0.13 0.14 0.108225108225108 0.219298245614035 0.0923076923076923
H2' ADE 24 2 4.33851 4.514 4.183 1 proton 0.137 0.133 0.13 0.14 0.108225108225108 0.219298245614035 0.0923076923076923
H2' ADE 16 2 4.45459 4.579 4.678 1 proton 0.137 0.133 0.13 0.14 0.108225108225108 0.219298245614035 0.0923076923076923
H2' ADE 17 1 4.32412 4.599 4.393 0 proton 0.137 0.133 0.13 0.14 0.108225108225108 0.219298245614035 0.0923076923076923
H2' CYT 29 2 4.47272 4.468 4.384 1 proton 0.137 0.13 0.13 0.121 0.108225108225108 0.219298245614035 0.0923076923076923
H2' CYT 23 2 4.35431 4.45 4.352 1 proton 0.137 0.13 0.13 0.121 0.108225108225108 0.219298245614035 0.0923076923076923
H2' CYT 4 2 4.19776 4.433 4.313 1 proton 0.137 0.13 0.13 0.121 0.108225108225108 0.219298245614035 0.0923076923076923
H2' CYT 23 1 4.24772 4.383 4.352 0 proton 0.137 0.13 0.13 0.121 0.108225108225108 0.219298245614035 0.0923076923076923
H2' CYT 5 2 4.4368 4.484 4.6 1 proton 0.137 0.13 0.13 0.121 0.108225108225108 0.219298245614035 0.0923076923076923
H2' CYT 21 2 4.37242 4.465 4.456 1 proton 0.137 0.13 0.13 0.121 0.108225108225108 0.219298245614035 0.0923076923076923
H2' CYT 25 1 4.40078 4.341 4.113 0 proton 0.137 0.13 0.13 0.121 0.108225108225108 0.219298245614035 0.0923076923076923
H2' CYT 25 2 4.4303 4.363 4.113 1 proton 0.137 0.13 0.13 0.121 0.108225108225108 0.219298245614035 0.0923076923076923
H2' CYT 5 1 4.34729 4.469 4.6 0 proton 0.137 0.13 0.13 0.121 0.108225108225108 0.219298245614035 0.0923076923076923
H2' CYT 21 1 4.15631 4.454 4.456 0 proton 0.137 0.13 0.13 0.121 0.108225108225108 0.219298245614035 0.0923076923076923
H2' CYT 29 1 4.34715 4.469 4.384 0 proton 0.137 0.13 0.13 0.121 0.108225108225108 0.219298245614035 0.0923076923076923
H2' CYT 11 2 4.45352 4.472 4.561 1 proton 0.137 0.13 0.13 0.121 0.108225108225108 0.219298245614035 0.0923076923076923
H2' CYT 11 1 4.59892 4.436 4.561 0 proton 0.137 0.13 0.13 0.121 0.108225108225108 0.219298245614035 0.0923076923076923
H2' CYT 4 1 4.18848 4.415 4.313 0 proton 0.137 0.13 0.13 0.121 0.108225108225108 0.219298245614035 0.0923076923076923
H2' GUA 3 2 4.28377 4.527 4.565 1 proton 0.137 0.137 0.13 0.119 0.108225108225108 0.219298245614035 0.0923076923076923
H2' GUA 30 1 4.45647 4.537 4.644 0 proton 0.137 0.137 0.13 0.119 0.108225108225108 0.219298245614035 0.0923076923076923
H2' GUA 10 2 4.28932 4.507 4.6 1 proton 0.137 0.137 0.13 0.119 0.108225108225108 0.219298245614035 0.0923076923076923
H2' GUA 15 1 4.01843 4.494 4.489 0 proton 0.137 0.137 0.13 0.119 0.108225108225108 0.219298245614035 0.0923076923076923
H2' GUA 6 1 4.38937 4.531 4.477 0 proton 0.137 0.137 0.13 0.119 0.108225108225108 0.219298245614035 0.0923076923076923
H2' GUA 22 2 4.27165 4.55 4.462 1 proton 0.137 0.137 0.13 0.119 0.108225108225108 0.219298245614035 0.0923076923076923
H2' GUA 31 1 4.3909 4.538 4.638 0 proton 0.137 0.137 0.13 0.119 0.108225108225108 0.219298245614035 0.0923076923076923
H2' GUA 22 1 4.36278 4.534 4.462 0 proton 0.137 0.137 0.13 0.119 0.108225108225108 0.219298245614035 0.0923076923076923
H2' GUA 12 2 4.37163 4.568 4.59 1 proton 0.137 0.137 0.13 0.119 0.108225108225108 0.219298245614035 0.0923076923076923
H2' GUA 30 2 4.50777 4.577 4.644 1 proton 0.137 0.137 0.13 0.119 0.108225108225108 0.219298245614035 0.0923076923076923
H2' GUA 3 1 4.36021 4.524 4.565 0 proton 0.137 0.137 0.13 0.119 0.108225108225108 0.219298245614035 0.0923076923076923
H2' GUA 26 2 4.25394 4.545 4.703 1 proton 0.137 0.137 0.13 0.119 0.108225108225108 0.219298245614035 0.0923076923076923
H2' GUA 15 2 4.11301 4.518 4.489 1 proton 0.137 0.137 0.13 0.119 0.108225108225108 0.219298245614035 0.0923076923076923
H2' GUA 26 1 4.58262 4.53 4.703 0 proton 0.137 0.137 0.13 0.119 0.108225108225108 0.219298245614035 0.0923076923076923
H2' GUA 19 2 4.25695 4.474 4.369 1 proton 0.137 0.137 0.13 0.119 0.108225108225108 0.219298245614035 0.0923076923076923
H2' GUA 19 1 4.30029 4.457 4.369 0 proton 0.137 0.137 0.13 0.119 0.108225108225108 0.219298245614035 0.0923076923076923
H2' GUA 6 2 4.31257 4.527 4.477 1 proton 0.137 0.137 0.13 0.119 0.108225108225108 0.219298245614035 0.0923076923076923
H2' GUA 12 1 4.38322 4.536 4.59 0 proton 0.137 0.137 0.13 0.119 0.108225108225108 0.219298245614035 0.0923076923076923
H2' GUA 31 2 4.31115 4.526 4.638 1 proton 0.137 0.137 0.13 0.119 0.108225108225108 0.219298245614035 0.0923076923076923
H2' GUA 10 1 4.36064 4.536 4.6 0 proton 0.137 0.137 0.13 0.119 0.108225108225108 0.219298245614035 0.0923076923076923
H3' ADE 2 2 4.65453 4.609 4.66 1 proton 0.119 0.129 0.107 0.107 0.0865800865800866 0.131578947368421 0.0730769230769231
H3' ADE 16 1 4.63823 4.749 4.461 0 proton 0.119 0.129 0.107 0.107 0.0865800865800866 0.131578947368421 0.0730769230769231
H3' ADE 2 1 4.59228 4.487 4.66 0 proton 0.119 0.129 0.107 0.107 0.0865800865800866 0.131578947368421 0.0730769230769231
H3' ADE 17 2 4.3349 4.649 4.634 1 proton 0.119 0.129 0.107 0.107 0.0865800865800866 0.131578947368421 0.0730769230769231
H3' ADE 24 2 4.56976 4.537 4.533 1 proton 0.119 0.129 0.107 0.107 0.0865800865800866 0.131578947368421 0.0730769230769231
H3' ADE 24 1 4.62098 4.672 4.533 0 proton 0.119 0.129 0.107 0.107 0.0865800865800866 0.131578947368421 0.0730769230769231
H3' ADE 28 2 4.59322 4.614 4.709 1 proton 0.119 0.129 0.107 0.107 0.0865800865800866 0.131578947368421 0.0730769230769231
H3' ADE 13 1 4.53885 4.54 4.511 0 proton 0.119 0.129 0.107 0.107 0.0865800865800866 0.131578947368421 0.0730769230769231
H3' ADE 18 2 4.64326 4.647 4.962 1 proton 0.119 0.129 0.107 0.107 0.0865800865800866 0.131578947368421 0.0730769230769231
H3' ADE 17 1 4.87151 4.595 4.634 0 proton 0.119 0.129 0.107 0.107 0.0865800865800866 0.131578947368421 0.0730769230769231
H3' ADE 8 1 4.60722 4.563 4.568 0 proton 0.119 0.129 0.107 0.107 0.0865800865800866 0.131578947368421 0.0730769230769231
H3' ADE 28 1 4.52048 4.443 4.709 0 proton 0.119 0.129 0.107 0.107 0.0865800865800866 0.131578947368421 0.0730769230769231
H3' ADE 13 2 4.58149 4.582 4.511 1 proton 0.119 0.129 0.107 0.107 0.0865800865800866 0.131578947368421 0.0730769230769231
H3' ADE 8 2 4.55374 4.487 4.568 1 proton 0.119 0.129 0.107 0.107 0.0865800865800866 0.131578947368421 0.0730769230769231
H3' ADE 18 1 4.66013 4.578 4.962 0 proton 0.119 0.129 0.107 0.107 0.0865800865800866 0.131578947368421 0.0730769230769231
H3' ADE 16 2 4.56268 4.739 4.461 1 proton 0.119 0.129 0.107 0.107 0.0865800865800866 0.131578947368421 0.0730769230769231
H3' CYT 5 2 4.47294 4.6 4.411 1 proton 0.119 0.105 0.107 0.099 0.0865800865800866 0.131578947368421 0.0730769230769231
H3' CYT 25 2 4.28355 4.627 4.493 1 proton 0.119 0.105 0.107 0.099 0.0865800865800866 0.131578947368421 0.0730769230769231
H3' CYT 21 2 4.48139 4.567 4.51 1 proton 0.119 0.105 0.107 0.099 0.0865800865800866 0.131578947368421 0.0730769230769231
H3' CYT 5 1 4.46004 4.673 4.411 0 proton 0.119 0.105 0.107 0.099 0.0865800865800866 0.131578947368421 0.0730769230769231
H3' CYT 29 2 4.40561 4.515 4.486 1 proton 0.119 0.105 0.107 0.099 0.0865800865800866 0.131578947368421 0.0730769230769231
H3' CYT 11 2 4.46855 4.54 4.472 1 proton 0.119 0.105 0.107 0.099 0.0865800865800866 0.131578947368421 0.0730769230769231
H3' CYT 29 1 4.40504 4.547 4.486 0 proton 0.119 0.105 0.107 0.099 0.0865800865800866 0.131578947368421 0.0730769230769231
H3' CYT 11 1 4.49274 4.66 4.472 0 proton 0.119 0.105 0.107 0.099 0.0865800865800866 0.131578947368421 0.0730769230769231
H3' CYT 23 2 4.4622 4.636 4.393 1 proton 0.119 0.105 0.107 0.099 0.0865800865800866 0.131578947368421 0.0730769230769231
H3' CYT 25 1 4.49239 4.622 4.493 0 proton 0.119 0.105 0.107 0.099 0.0865800865800866 0.131578947368421 0.0730769230769231
H3' CYT 4 1 4.45387 4.488 4.45 0 proton 0.119 0.105 0.107 0.099 0.0865800865800866 0.131578947368421 0.0730769230769231
H3' CYT 4 2 4.43348 4.63 4.45 1 proton 0.119 0.105 0.107 0.099 0.0865800865800866 0.131578947368421 0.0730769230769231
H3' CYT 23 1 4.48951 4.627 4.393 0 proton 0.119 0.105 0.107 0.099 0.0865800865800866 0.131578947368421 0.0730769230769231
H3' CYT 21 1 4.51508 4.678 4.51 0 proton 0.119 0.105 0.107 0.099 0.0865800865800866 0.131578947368421 0.0730769230769231
H3' GUA 10 2 4.51481 4.522 4.454 1 proton 0.119 0.129 0.107 0.12 0.0865800865800866 0.131578947368421 0.0730769230769231
H3' GUA 22 2 4.4951 4.578 4.424 1 proton 0.119 0.129 0.107 0.12 0.0865800865800866 0.131578947368421 0.0730769230769231
H3' GUA 10 1 4.51868 4.489 4.454 0 proton 0.119 0.129 0.107 0.12 0.0865800865800866 0.131578947368421 0.0730769230769231
H3' GUA 15 2 4.51436 4.67 4.7 1 proton 0.119 0.129 0.107 0.12 0.0865800865800866 0.131578947368421 0.0730769230769231
H3' GUA 12 1 4.51749 4.586 4.105 0 proton 0.119 0.129 0.107 0.12 0.0865800865800866 0.131578947368421 0.0730769230769231
H3' GUA 19 2 4.41001 4.444 4.457 1 proton 0.119 0.129 0.107 0.12 0.0865800865800866 0.131578947368421 0.0730769230769231
H3' GUA 22 1 4.51318 4.574 4.424 0 proton 0.119 0.129 0.107 0.12 0.0865800865800866 0.131578947368421 0.0730769230769231
H3' GUA 26 2 5.63207 4.66 4.68 1 proton 0.119 0.129 0.107 0.12 0.0865800865800866 0.131578947368421 0.0730769230769231
H3' GUA 31 1 4.49847 4.471 4.374 0 proton 0.119 0.129 0.107 0.12 0.0865800865800866 0.131578947368421 0.0730769230769231
H3' GUA 30 2 4.52802 4.562 4.544 1 proton 0.119 0.129 0.107 0.12 0.0865800865800866 0.131578947368421 0.0730769230769231
H3' GUA 3 1 4.45863 4.449 4.206 0 proton 0.119 0.129 0.107 0.12 0.0865800865800866 0.131578947368421 0.0730769230769231
H3' GUA 3 2 4.45141 4.482 4.206 1 proton 0.119 0.129 0.107 0.12 0.0865800865800866 0.131578947368421 0.0730769230769231
H3' GUA 6 1 4.46728 4.454 4.503 0 proton 0.119 0.129 0.107 0.12 0.0865800865800866 0.131578947368421 0.0730769230769231
H3' GUA 15 1 4.49984 4.679 4.7 0 proton 0.119 0.129 0.107 0.12 0.0865800865800866 0.131578947368421 0.0730769230769231
H3' GUA 31 2 4.47866 4.487 4.374 1 proton 0.119 0.129 0.107 0.12 0.0865800865800866 0.131578947368421 0.0730769230769231
H3' GUA 19 1 4.38968 4.421 4.457 0 proton 0.119 0.129 0.107 0.12 0.0865800865800866 0.131578947368421 0.0730769230769231
H3' GUA 6 2 4.46099 4.549 4.503 1 proton 0.119 0.129 0.107 0.12 0.0865800865800866 0.131578947368421 0.0730769230769231
H3' GUA 26 1 5.77923 4.674 4.68 0 proton 0.119 0.129 0.107 0.12 0.0865800865800866 0.131578947368421 0.0730769230769231
H3' GUA 12 2 4.53153 4.653 4.105 1 proton 0.119 0.129 0.107 0.12 0.0865800865800866 0.131578947368421 0.0730769230769231
H3' GUA 30 1 4.54962 4.601 4.544 0 proton 0.119 0.129 0.107 0.12 0.0865800865800866 0.131578947368421 0.0730769230769231
H4' ADE 16 1 4.32028 4.286 4.147 0 proton 0.091 0.083 0.079 0.072 0.038961038961039 0.0482456140350877 0.0346153846153846
H4' ADE 13 1 4.45499 4.425 4.474 0 proton 0.091 0.083 0.079 0.072 0.038961038961039 0.0482456140350877 0.0346153846153846
H4' ADE 17 1 4.41559 4.423 4.332 0 proton 0.091 0.083 0.079 0.072 0.038961038961039 0.0482456140350877 0.0346153846153846
H4' ADE 24 2 4.47118 4.431 4.405 1 proton 0.091 0.083 0.079 0.072 0.038961038961039 0.0482456140350877 0.0346153846153846
H4' ADE 2 2 4.47476 4.433 4.526 1 proton 0.091 0.083 0.079 0.072 0.038961038961039 0.0482456140350877 0.0346153846153846
H4' ADE 13 2 4.45442 4.434 4.474 1 proton 0.091 0.083 0.079 0.072 0.038961038961039 0.0482456140350877 0.0346153846153846
H4' ADE 8 1 4.52039 4.44 4.524 0 proton 0.091 0.083 0.079 0.072 0.038961038961039 0.0482456140350877 0.0346153846153846
H4' ADE 28 2 4.48719 4.435 4.547 1 proton 0.091 0.083 0.079 0.072 0.038961038961039 0.0482456140350877 0.0346153846153846
H4' ADE 8 2 4.50167 4.432 4.524 1 proton 0.091 0.083 0.079 0.072 0.038961038961039 0.0482456140350877 0.0346153846153846
H4' ADE 18 2 4.46828 4.406 4.467 1 proton 0.091 0.083 0.079 0.072 0.038961038961039 0.0482456140350877 0.0346153846153846
H4' ADE 24 1 4.46333 4.419 4.405 0 proton 0.091 0.083 0.079 0.072 0.038961038961039 0.0482456140350877 0.0346153846153846
H4' ADE 17 2 4.3581 4.417 4.332 1 proton 0.091 0.083 0.079 0.072 0.038961038961039 0.0482456140350877 0.0346153846153846
H4' ADE 2 1 4.48206 4.422 4.526 0 proton 0.091 0.083 0.079 0.072 0.038961038961039 0.0482456140350877 0.0346153846153846
H4' ADE 18 1 4.4691 4.395 4.467 0 proton 0.091 0.083 0.079 0.072 0.038961038961039 0.0482456140350877 0.0346153846153846
H4' ADE 28 1 4.50199 4.399 4.547 0 proton 0.091 0.083 0.079 0.072 0.038961038961039 0.0482456140350877 0.0346153846153846
H4' ADE 16 2 4.36795 4.311 4.147 1 proton 0.091 0.083 0.079 0.072 0.038961038961039 0.0482456140350877 0.0346153846153846
H4' CYT 21 1 4.37778 4.414 4.411 0 proton 0.091 0.106 0.079 0.083 0.038961038961039 0.0482456140350877 0.0346153846153846
H4' CYT 25 2 4.28805 4.285 4.371 1 proton 0.091 0.106 0.079 0.083 0.038961038961039 0.0482456140350877 0.0346153846153846
H4' CYT 29 2 4.36229 4.441 4.405 1 proton 0.091 0.106 0.079 0.083 0.038961038961039 0.0482456140350877 0.0346153846153846
H4' CYT 29 1 4.35047 4.398 4.405 0 proton 0.091 0.106 0.079 0.083 0.038961038961039 0.0482456140350877 0.0346153846153846
H4' CYT 23 2 4.3147 4.429 4.537 1 proton 0.091 0.106 0.079 0.083 0.038961038961039 0.0482456140350877 0.0346153846153846
H4' CYT 25 1 4.32808 4.276 4.371 0 proton 0.091 0.106 0.079 0.083 0.038961038961039 0.0482456140350877 0.0346153846153846
H4' CYT 21 2 4.37901 4.427 4.411 1 proton 0.091 0.106 0.079 0.083 0.038961038961039 0.0482456140350877 0.0346153846153846
H4' CYT 23 1 4.31033 4.386 4.537 0 proton 0.091 0.106 0.079 0.083 0.038961038961039 0.0482456140350877 0.0346153846153846
H4' GUA 31 2 4.47676 4.449 4.456 1 proton 0.091 0.083 0.079 0.077 0.038961038961039 0.0482456140350877 0.0346153846153846
H4' GUA 26 2 4.49668 4.398 4.555 1 proton 0.091 0.083 0.079 0.077 0.038961038961039 0.0482456140350877 0.0346153846153846
H4' GUA 3 1 4.47533 4.414 4.474 0 proton 0.091 0.083 0.079 0.077 0.038961038961039 0.0482456140350877 0.0346153846153846
H4' GUA 19 1 4.44968 4.355 4.283 0 proton 0.091 0.083 0.079 0.077 0.038961038961039 0.0482456140350877 0.0346153846153846
H4' GUA 22 2 4.4769 4.449 4.534 1 proton 0.091 0.083 0.079 0.077 0.038961038961039 0.0482456140350877 0.0346153846153846
H4' GUA 31 1 4.50366 4.407 4.456 0 proton 0.091 0.083 0.079 0.077 0.038961038961039 0.0482456140350877 0.0346153846153846
H4' GUA 19 2 4.43061 4.379 4.283 1 proton 0.091 0.083 0.079 0.077 0.038961038961039 0.0482456140350877 0.0346153846153846
H4' GUA 26 1 4.42436 4.309 4.555 0 proton 0.091 0.083 0.079 0.077 0.038961038961039 0.0482456140350877 0.0346153846153846
H4' GUA 3 2 4.46375 4.452 4.474 1 proton 0.091 0.083 0.079 0.077 0.038961038961039 0.0482456140350877 0.0346153846153846
H4' GUA 22 1 4.48435 4.432 4.534 0 proton 0.091 0.083 0.079 0.077 0.038961038961039 0.0482456140350877 0.0346153846153846
H5 CYT 21 2 5.65533 5.787 5.588 1 proton 0.154 0.137 0.146 0.128 0.354978354978355 0.276315789473684 0.296153846153846
H5 CYT 4 1 5.21792 5.485 5.263 0 proton 0.154 0.137 0.146 0.128 0.354978354978355 0.276315789473684 0.296153846153846
H5 CYT 4 2 5.25785 5.484 5.263 1 proton 0.154 0.137 0.146 0.128 0.354978354978355 0.276315789473684 0.296153846153846
H5 CYT 11 1 5.23567 5.508 5.182 0 proton 0.154 0.137 0.146 0.128 0.354978354978355 0.276315789473684 0.296153846153846
H5 CYT 25 2 5.34652 5.536 5.408 1 proton 0.154 0.137 0.146 0.128 0.354978354978355 0.276315789473684 0.296153846153846
H5 CYT 23 2 5.35193 5.492 5.127 1 proton 0.154 0.137 0.146 0.128 0.354978354978355 0.276315789473684 0.296153846153846
H5 CYT 5 1 5.49843 5.644 5.48 0 proton 0.154 0.137 0.146 0.128 0.354978354978355 0.276315789473684 0.296153846153846
H5 CYT 11 2 5.37261 5.473 5.182 1 proton 0.154 0.137 0.146 0.128 0.354978354978355 0.276315789473684 0.296153846153846
H5 CYT 5 2 5.5325 5.569 5.48 1 proton 0.154 0.137 0.146 0.128 0.354978354978355 0.276315789473684 0.296153846153846
H5 CYT 21 1 5.62307 5.774 5.588 0 proton 0.154 0.137 0.146 0.128 0.354978354978355 0.276315789473684 0.296153846153846
H5 CYT 23 1 5.19774 5.499 5.127 0 proton 0.154 0.137 0.146 0.128 0.354978354978355 0.276315789473684 0.296153846153846
H5 CYT 29 2 5.32595 5.484 5.181 1 proton 0.154 0.137 0.146 0.128 0.354978354978355 0.276315789473684 0.296153846153846
H5 CYT 25 1 5.6296 5.619 5.408 0 proton 0.154 0.137 0.146 0.128 0.354978354978355 0.276315789473684 0.296153846153846
H5 CYT 29 1 5.26297 5.498 5.181 0 proton 0.154 0.137 0.146 0.128 0.354978354978355 0.276315789473684 0.296153846153846
H5' ADE 18 1 4.57464 4.264 4.541 0 proton 0.17 0.193 0.142 0.167 0.619047619047619 0.0570175438596491 0.746153846153846
H5' ADE 24 1 4.63066 4.2 4.449 0 proton 0.17 0.193 0.142 0.167 0.619047619047619 0.0570175438596491 0.746153846153846
H5' ADE 8 1 4.41904 4.302 4.446 0 proton 0.17 0.193 0.142 0.167 0.619047619047619 0.0570175438596491 0.746153846153846
H5' ADE 16 1 3.97707 4.034 4.177 0 proton 0.17 0.193 0.142 0.167 0.619047619047619 0.0570175438596491 0.746153846153846
H5' ADE 2 2 4.4715 4.317 4.509 1 proton 0.17 0.193 0.142 0.167 0.619047619047619 0.0570175438596491 0.746153846153846
H5' ADE 24 2 4.45986 4.222 4.449 1 proton 0.17 0.193 0.142 0.167 0.619047619047619 0.0570175438596491 0.746153846153846
H5' ADE 13 2 4.46812 4.33 4.444 1 proton 0.17 0.193 0.142 0.167 0.619047619047619 0.0570175438596491 0.746153846153846
H5' ADE 16 2 4.33741 4.109 4.177 1 proton 0.17 0.193 0.142 0.167 0.619047619047619 0.0570175438596491 0.746153846153846
H5' ADE 2 1 4.57838 4.276 4.509 0 proton 0.17 0.193 0.142 0.167 0.619047619047619 0.0570175438596491 0.746153846153846
H5' ADE 18 2 4.41744 4.272 4.541 1 proton 0.17 0.193 0.142 0.167 0.619047619047619 0.0570175438596491 0.746153846153846
H5' ADE 8 2 4.46901 4.308 4.446 1 proton 0.17 0.193 0.142 0.167 0.619047619047619 0.0570175438596491 0.746153846153846
H5' ADE 13 1 4.53668 4.255 4.444 0 proton 0.17 0.193 0.142 0.167 0.619047619047619 0.0570175438596491 0.746153846153846
H5' CYT 29 1 4.39685 4.24 4.432 0 proton 0.17 0.172 0.142 0.134 0.619047619047619 0.0570175438596491 0.746153846153846
H5' CYT 11 1 4.36482 4.316 4.415 0 proton 0.17 0.172 0.142 0.134 0.619047619047619 0.0570175438596491 0.746153846153846
H5' CYT 29 2 4.25811 4.269 4.432 1 proton 0.17 0.172 0.142 0.134 0.619047619047619 0.0570175438596491 0.746153846153846
H5' CYT 25 2 4.32793 4.198 4.236 1 proton 0.17 0.172 0.142 0.134 0.619047619047619 0.0570175438596491 0.746153846153846
H5' CYT 25 1 4.60915 4.134 4.236 0 proton 0.17 0.172 0.142 0.134 0.619047619047619 0.0570175438596491 0.746153846153846
H5' CYT 11 2 4.36936 4.248 4.415 1 proton 0.17 0.172 0.142 0.134 0.619047619047619 0.0570175438596491 0.746153846153846
H5' GUA 31 1 4.42235 4.262 4.492 0 proton 0.17 0.152 0.142 0.125 0.619047619047619 0.0570175438596491 0.746153846153846
H5' GUA 30 2 4.40937 4.305 4.409 1 proton 0.17 0.152 0.142 0.125 0.619047619047619 0.0570175438596491 0.746153846153846
H5' GUA 31 2 4.41808 4.353 4.492 1 proton 0.17 0.152 0.142 0.125 0.619047619047619 0.0570175438596491 0.746153846153846
H5' GUA 3 1 4.39292 4.287 4.367 0 proton 0.17 0.152 0.142 0.125 0.619047619047619 0.0570175438596491 0.746153846153846
H5' GUA 12 1 4.41665 4.297 4.408 0 proton 0.17 0.152 0.142 0.125 0.619047619047619 0.0570175438596491 0.746153846153846
H5' GUA 30 1 4.41998 4.243 4.409 0 proton 0.17 0.152 0.142 0.125 0.619047619047619 0.0570175438596491 0.746153846153846
H5' GUA 12 2 4.37935 4.253 4.408 1 proton 0.17 0.152 0.142 0.125 0.619047619047619 0.0570175438596491 0.746153846153846
H5' GUA 3 2 4.34233 4.357 4.367 1 proton 0.17 0.152 0.142 0.125 0.619047619047619 0.0570175438596491 0.746153846153846
H5'' ADE 16 2 4.1692 4.133 3.966 1 proton 0.127 0.122 0.1 0.093 0.0909090909090909 0.0526315789473684 0.0961538461538462
H5'' ADE 18 1 4.29338 4.257 4.285 0 proton 0.127 0.122 0.1 0.093 0.0909090909090909 0.0526315789473684 0.0961538461538462
H5'' ADE 28 1 4.26406 4.211 4.207 0 proton 0.127 0.122 0.1 0.093 0.0909090909090909 0.0526315789473684 0.0961538461538462
H5'' ADE 8 1 4.3147 4.154 4.155 0 proton 0.127 0.122 0.1 0.093 0.0909090909090909 0.0526315789473684 0.0961538461538462
H5'' ADE 13 1 4.28267 4.18 4.105 0 proton 0.127 0.122 0.1 0.093 0.0909090909090909 0.0526315789473684 0.0961538461538462
H5'' ADE 24 1 4.25417 4.28 4.055 0 proton 0.127 0.122 0.1 0.093 0.0909090909090909 0.0526315789473684 0.0961538461538462
H5'' ADE 17 2 3.84828 4.295 3.938 1 proton 0.127 0.122 0.1 0.093 0.0909090909090909 0.0526315789473684 0.0961538461538462
H5'' ADE 8 2 4.29748 4.267 4.155 1 proton 0.127 0.122 0.1 0.093 0.0909090909090909 0.0526315789473684 0.0961538461538462
H5'' ADE 24 2 4.21408 4.286 4.055 1 proton 0.127 0.122 0.1 0.093 0.0909090909090909 0.0526315789473684 0.0961538461538462
H5'' ADE 16 1 4.04346 4.113 3.966 0 proton 0.127 0.122 0.1 0.093 0.0909090909090909 0.0526315789473684 0.0961538461538462
H5'' ADE 17 1 4.40888 4.191 3.938 0 proton 0.127 0.122 0.1 0.093 0.0909090909090909 0.0526315789473684 0.0961538461538462
H5'' ADE 28 2 4.2418 4.234 4.207 1 proton 0.127 0.122 0.1 0.093 0.0909090909090909 0.0526315789473684 0.0961538461538462
H5'' ADE 13 2 4.27572 4.239 4.105 1 proton 0.127 0.122 0.1 0.093 0.0909090909090909 0.0526315789473684 0.0961538461538462
H5'' ADE 18 2 4.25054 4.172 4.285 1 proton 0.127 0.122 0.1 0.093 0.0909090909090909 0.0526315789473684 0.0961538461538462
H5'' CYT 29 2 4.17289 4.267 4.049 1 proton 0.127 0.133 0.1 0.107 0.0909090909090909 0.0526315789473684 0.0961538461538462
H5'' CYT 25 1 4.13091 4.022 4.042 0 proton 0.127 0.133 0.1 0.107 0.0909090909090909 0.0526315789473684 0.0961538461538462
H5'' CYT 25 2 3.83308 3.988 4.042 1 proton 0.127 0.133 0.1 0.107 0.0909090909090909 0.0526315789473684 0.0961538461538462
H5'' CYT 23 2 4.15331 4.272 4.069 1 proton 0.127 0.133 0.1 0.107 0.0909090909090909 0.0526315789473684 0.0961538461538462
H5'' CYT 29 1 4.1826 4.287 4.049 0 proton 0.127 0.133 0.1 0.107 0.0909090909090909 0.0526315789473684 0.0961538461538462
H5'' CYT 11 1 4.21485 4.253 4.106 0 proton 0.127 0.133 0.1 0.107 0.0909090909090909 0.0526315789473684 0.0961538461538462
H5'' CYT 21 2 4.1597 4.163 4.071 1 proton 0.127 0.133 0.1 0.107 0.0909090909090909 0.0526315789473684 0.0961538461538462
H5'' CYT 11 2 4.19039 4.236 4.106 1 proton 0.127 0.133 0.1 0.107 0.0909090909090909 0.0526315789473684 0.0961538461538462
H5'' CYT 21 1 4.18706 4.211 4.071 0 proton 0.127 0.133 0.1 0.107 0.0909090909090909 0.0526315789473684 0.0961538461538462
H5'' CYT 23 1 4.162 4.187 4.069 0 proton 0.127 0.133 0.1 0.107 0.0909090909090909 0.0526315789473684 0.0961538461538462
H5'' GUA 3 2 4.21256 4.224 4.012 1 proton 0.127 0.136 0.1 0.106 0.0909090909090909 0.0526315789473684 0.0961538461538462
H5'' GUA 19 1 4.24354 4.242 3.805 0 proton 0.127 0.136 0.1 0.106 0.0909090909090909 0.0526315789473684 0.0961538461538462
H5'' GUA 30 2 4.28072 4.283 4.097 1 proton 0.127 0.136 0.1 0.106 0.0909090909090909 0.0526315789473684 0.0961538461538462
H5'' GUA 30 1 4.31091 4.279 4.097 0 proton 0.127 0.136 0.1 0.106 0.0909090909090909 0.0526315789473684 0.0961538461538462
H5'' GUA 12 1 4.24972 4.276 4.134 0 proton 0.127 0.136 0.1 0.106 0.0909090909090909 0.0526315789473684 0.0961538461538462
H5'' GUA 22 2 4.23165 4.191 4.066 1 proton 0.127 0.136 0.1 0.106 0.0909090909090909 0.0526315789473684 0.0961538461538462
H5'' GUA 19 2 4.24341 4.267 3.805 1 proton 0.127 0.136 0.1 0.106 0.0909090909090909 0.0526315789473684 0.0961538461538462
H5'' GUA 22 1 4.23631 4.159 4.066 0 proton 0.127 0.136 0.1 0.106 0.0909090909090909 0.0526315789473684 0.0961538461538462
H5'' GUA 6 1 4.28577 4.247 4.087 0 proton 0.127 0.136 0.1 0.106 0.0909090909090909 0.0526315789473684 0.0961538461538462
H5'' GUA 12 2 4.2414 4.248 4.134 1 proton 0.127 0.136 0.1 0.106 0.0909090909090909 0.0526315789473684 0.0961538461538462
H5'' GUA 6 2 4.27943 4.23 4.087 1 proton 0.127 0.136 0.1 0.106 0.0909090909090909 0.0526315789473684 0.0961538461538462
H5'' GUA 31 2 4.30558 4.214 4.07 1 proton 0.127 0.136 0.1 0.106 0.0909090909090909 0.0526315789473684 0.0961538461538462
H5'' GUA 3 1 4.25191 4.238 4.012 0 proton 0.127 0.136 0.1 0.106 0.0909090909090909 0.0526315789473684 0.0961538461538462
H5'' GUA 31 1 4.32895 4.208 4.07 0 proton 0.127 0.136 0.1 0.106 0.0909090909090909 0.0526315789473684 0.0961538461538462
H6 CYT 4 1 7.56246 7.617 7.664 0 proton 0.111 0.113 0.113 0.108 0.116883116883117 0.175438596491228 0.0807692307692308
H6 CYT 4 2 7.62659 7.617 7.664 1 proton 0.111 0.113 0.113 0.108 0.116883116883117 0.175438596491228 0.0807692307692308
H6 CYT 23 1 7.52018 7.624 7.45 0 proton 0.111 0.113 0.113 0.108 0.116883116883117 0.175438596491228 0.0807692307692308
H6 CYT 21 1 7.86641 7.825 7.823 0 proton 0.111 0.113 0.113 0.108 0.116883116883117 0.175438596491228 0.0807692307692308
H6 CYT 29 2 7.40297 7.652 7.467 1 proton 0.111 0.113 0.113 0.108 0.116883116883117 0.175438596491228 0.0807692307692308
H6 CYT 11 1 7.57809 7.745 7.627 0 proton 0.111 0.113 0.113 0.108 0.116883116883117 0.175438596491228 0.0807692307692308
H6 CYT 11 2 7.60323 7.687 7.627 1 proton 0.111 0.113 0.113 0.108 0.116883116883117 0.175438596491228 0.0807692307692308
H6 CYT 23 2 7.58769 7.623 7.45 1 proton 0.111 0.113 0.113 0.108 0.116883116883117 0.175438596491228 0.0807692307692308
H6 CYT 25 2 7.39574 7.635 7.434 1 proton 0.111 0.113 0.113 0.108 0.116883116883117 0.175438596491228 0.0807692307692308
H6 CYT 5 2 7.71034 7.831 7.687 1 proton 0.111 0.113 0.113 0.108 0.116883116883117 0.175438596491228 0.0807692307692308
H6 CYT 25 1 7.57604 7.629 7.434 0 proton 0.111 0.113 0.113 0.108 0.116883116883117 0.175438596491228 0.0807692307692308
H6 CYT 5 1 7.73923 7.808 7.687 0 proton 0.111 0.113 0.113 0.108 0.116883116883117 0.175438596491228 0.0807692307692308
H6 CYT 21 2 7.77101 7.917 7.823 1 proton 0.111 0.113 0.113 0.108 0.116883116883117 0.175438596491228 0.0807692307692308
H6 CYT 29 1 7.39404 7.678 7.467 0 proton 0.111 0.113 0.113 0.108 0.116883116883117 0.175438596491228 0.0807692307692308
H8 ADE 16 1 8.39405 7.984 8.317 0 proton 0.182 0.153 0.176 0.164 0.645021645021645 1 0.315384615384615
H8 ADE 13 1 7.76768 7.9 7.674 0 proton 0.182 0.153 0.176 0.164 0.645021645021645 1 0.315384615384615
H8 ADE 17 1 7.81511 8.017 7.959 0 proton 0.182 0.153 0.176 0.164 0.645021645021645 1 0.315384615384615
H8 ADE 16 2 8.3342 8.021 8.317 1 proton 0.182 0.153 0.176 0.164 0.645021645021645 1 0.315384615384615
H8 ADE 24 1 8.11071 8.087 7.929 0 proton 0.182 0.153 0.176 0.164 0.645021645021645 1 0.315384615384615
H8 ADE 17 2 7.50533 7.905 7.959 1 proton 0.182 0.153 0.176 0.164 0.645021645021645 1 0.315384615384615
H8 ADE 2 2 7.79781 7.925 7.858 1 proton 0.182 0.153 0.176 0.164 0.645021645021645 1 0.315384615384615
H8 ADE 28 2 8.11069 7.9 8.25 1 proton 0.182 0.153 0.176 0.164 0.645021645021645 1 0.315384615384615
H8 ADE 28 1 8.26927 8.033 8.25 0 proton 0.182 0.153 0.176 0.164 0.645021645021645 1 0.315384615384615
H8 ADE 8 1 8.03104 8.017 8.046 0 proton 0.182 0.153 0.176 0.164 0.645021645021645 1 0.315384615384615
H8 ADE 24 2 8.02349 7.943 7.929 1 proton 0.182 0.153 0.176 0.164 0.645021645021645 1 0.315384615384615
H8 ADE 8 2 8.09894 8.048 8.046 1 proton 0.182 0.153 0.176 0.164 0.645021645021645 1 0.315384615384615
H8 ADE 18 1 7.88393 8.109 8.192 0 proton 0.182 0.153 0.176 0.164 0.645021645021645 1 0.315384615384615
H8 ADE 2 1 7.49474 7.918 7.858 0 proton 0.182 0.153 0.176 0.164 0.645021645021645 1 0.315384615384615
H8 ADE 13 2 7.832 7.951 7.674 1 proton 0.182 0.153 0.176 0.164 0.645021645021645 1 0.315384615384615
H8 ADE 18 2 8.18334 7.984 8.192 1 proton 0.182 0.153 0.176 0.164 0.645021645021645 1 0.315384615384615
H8 GUA 19 1 7.07486 7.564 7.772 0 proton 0.182 0.205 0.176 0.186 0.645021645021645 1 0.315384615384615
H8 GUA 26 1 7.60512 7.83 7.849 0 proton 0.182 0.205 0.176 0.186 0.645021645021645 1 0.315384615384615
H8 GUA 26 2 7.73138 7.889 7.849 1 proton 0.182 0.205 0.176 0.186 0.645021645021645 1 0.315384615384615
H8 GUA 22 1 7.60809 7.622 7.508 0 proton 0.182 0.205 0.176 0.186 0.645021645021645 1 0.315384615384615
H8 GUA 6 2 7.59495 7.641 7.536 1 proton 0.182 0.205 0.176 0.186 0.645021645021645 1 0.315384615384615
H8 GUA 31 2 7.41806 7.392 7.209 1 proton 0.182 0.205 0.176 0.186 0.645021645021645 1 0.315384615384615
H8 GUA 31 1 7.45655 7.722 7.209 0 proton 0.182 0.205 0.176 0.186 0.645021645021645 1 0.315384615384615
H8 GUA 3 1 7.25822 7.59 7.038 0 proton 0.182 0.205 0.176 0.186 0.645021645021645 1 0.315384615384615
H8 GUA 12 1 7.58228 7.772 7.469 0 proton 0.182 0.205 0.176 0.186 0.645021645021645 1 0.315384615384615
H8 GUA 30 2 7.54202 7.62 7.487 1 proton 0.182 0.205 0.176 0.186 0.645021645021645 1 0.315384615384615
H8 GUA 15 2 7.60377 7.642 7.634 1 proton 0.182 0.205 0.176 0.186 0.645021645021645 1 0.315384615384615
H8 GUA 10 2 7.79688 7.69 7.848 1 proton 0.182 0.205 0.176 0.186 0.645021645021645 1 0.315384615384615
H8 GUA 3 2 7.35752 7.525 7.038 1 proton 0.182 0.205 0.176 0.186 0.645021645021645 1 0.315384615384615
H8 GUA 15 1 7.891 7.85 7.634 0 proton 0.182 0.205 0.176 0.186 0.645021645021645 1 0.315384615384615
H8 GUA 30 1 7.62081 7.745 7.487 0 proton 0.182 0.205 0.176 0.186 0.645021645021645 1 0.315384615384615
H8 GUA 6 1 7.7319 7.799 7.536 0 proton 0.182 0.205 0.176 0.186 0.645021645021645 1 0.315384615384615
H8 GUA 12 2 7.54368 7.634 7.469 1 proton 0.182 0.205 0.176 0.186 0.645021645021645 1 0.315384615384615
H8 GUA 19 2 7.51878 7.602 7.772 1 proton 0.182 0.205 0.176 0.186 0.645021645021645 1 0.315384615384615
H8 GUA 22 2 7.60768 7.575 7.508 1 proton 0.182 0.205 0.176 0.186 0.645021645021645 1 0.315384615384615
H8 GUA 10 1 7.91369 7.833 7.848 0 proton 0.182 0.205 0.176 0.186 0.645021645021645 1 0.315384615384615
