nucleus resname resid model larmord_predCS ramsey_predCS expCS reference_flag type weight_larmord_1 weight_larmord_2 weight_ramsey_1 weight_ramsey_2
C1' ADE 31 2 91.1676 90.817 90.356 1 carbon 0.856 0.869 0.683 0.683
C1' ADE 31 1 90.8537 90.299 90.356 0 carbon 0.856 0.869 0.683 0.683
C1' ADE 34 1 91.101 90.892 92.797 0 carbon 0.856 0.869 0.683 0.683
C1' ADE 39 1 92.7162 92.301 92.869 0 carbon 0.856 0.869 0.683 0.683
C1' ADE 39 2 92.5645 92.533 92.869 1 carbon 0.856 0.869 0.683 0.683
C1' ADE 34 2 92.8548 92.613 92.797 1 carbon 0.856 0.869 0.683 0.683
C1' CYT 30 2 92.2152 90.123 90.77 1 carbon 0.856 0.805 0.683 0.561
C1' CYT 40 2 93.6923 93.982 93.856 1 carbon 0.856 0.805 0.683 0.561
C1' CYT 35 2 94.0675 93.772 93.586 1 carbon 0.856 0.805 0.683 0.561
C1' CYT 30 1 91.7601 90.365 90.77 0 carbon 0.856 0.805 0.683 0.561
C1' CYT 37 1 94.0545 93.772 92.895 0 carbon 0.856 0.805 0.683 0.561
C1' CYT 40 1 93.3252 93.849 93.856 0 carbon 0.856 0.805 0.683 0.561
C1' CYT 35 1 93.5861 92.937 93.586 0 carbon 0.856 0.805 0.683 0.561
C1' CYT 37 2 94.2193 93.737 92.895 1 carbon 0.856 0.805 0.683 0.561
C1' GUA 28 2 91.1106 91.031 90.641 1 carbon 0.856 0.862 0.683 0.797
C1' GUA 23 2 92.9567 92.612 92.75 1 carbon 0.856 0.862 0.683 0.797
C1' GUA 33 1 90.8481 91.188 92.521 0 carbon 0.856 0.862 0.683 0.797
C1' GUA 29 1 90.8654 90.366 89.593 0 carbon 0.856 0.862 0.683 0.797
C1' GUA 20 2 92.973 92.505 93.108 1 carbon 0.856 0.862 0.683 0.797
C1' GUA 33 2 92.1394 92.283 92.521 1 carbon 0.856 0.862 0.683 0.797
C1' GUA 20 1 93.246 92.306 93.108 0 carbon 0.856 0.862 0.683 0.797
C1' GUA 29 2 90.2573 90.498 89.593 1 carbon 0.856 0.862 0.683 0.797
C1' GUA 28 1 91.3371 92.075 90.641 0 carbon 0.856 0.862 0.683 0.797
C1' GUA 23 1 93.0861 92.713 92.75 0 carbon 0.856 0.862 0.683 0.797
C2 ADE 31 1 154.532 154.452 155.073 0 carbon 0.733 0.733 0.633 0.484
C2 ADE 22 2 152.48 153.268 152.966 1 carbon 0.733 0.733 0.633 0.484
C2 ADE 22 1 152.541 153.352 152.966 0 carbon 0.733 0.733 0.633 0.484
C2 ADE 39 1 153.651 153.371 153.363 0 carbon 0.733 0.733 0.633 0.484
C2 ADE 34 2 154.308 153.945 154.188 1 carbon 0.733 0.733 0.633 0.484
C2 ADE 31 2 155.312 154.378 155.073 1 carbon 0.733 0.733 0.633 0.484
C2 ADE 34 1 154.428 154.547 154.188 0 carbon 0.733 0.733 0.633 0.484
C2 ADE 39 2 153.837 153.193 153.363 1 carbon 0.733 0.733 0.633 0.484
C2' ADE 39 1 75.7244 75.335 75.517 0 carbon 0.532 0.489 0.489 0.462
C2' ADE 31 1 76.2573 75.811 76.055 0 carbon 0.532 0.489 0.489 0.462
C2' ADE 34 2 75.7266 75.525 75.508 1 carbon 0.532 0.489 0.489 0.462
C2' ADE 39 2 75.6566 75.554 75.517 1 carbon 0.532 0.489 0.489 0.462
C2' ADE 31 2 76.678 75.802 76.055 1 carbon 0.532 0.489 0.489 0.462
C2' ADE 34 1 75.7428 75.985 75.508 0 carbon 0.532 0.489 0.489 0.462
C2' CYT 40 2 75.7066 75.588 75.762 1 carbon 0.532 0.532 0.489 0.452
C2' CYT 30 1 75.8359 75.756 76.719 0 carbon 0.532 0.532 0.489 0.452
C2' CYT 30 2 76.5579 75.802 76.719 1 carbon 0.532 0.532 0.489 0.452
C2' CYT 40 1 75.5101 75.3 75.762 0 carbon 0.532 0.532 0.489 0.452
C2' GUA 20 1 74.5066 75.451 75.372 0 carbon 0.532 0.582 0.489 0.604
C2' GUA 29 2 75.7497 76.006 75.287 1 carbon 0.532 0.582 0.489 0.604
C2' GUA 29 1 76.0731 76.087 75.287 0 carbon 0.532 0.582 0.489 0.604
C2' GUA 28 1 76.3261 75.913 75.684 0 carbon 0.532 0.582 0.489 0.604
C2' GUA 28 2 75.5976 76.146 75.684 1 carbon 0.532 0.582 0.489 0.604
C2' GUA 33 1 75.6686 76.083 75.161 0 carbon 0.532 0.582 0.489 0.604
C2' GUA 23 1 74.8539 75.438 75.391 0 carbon 0.532 0.582 0.489 0.604
C2' GUA 23 2 74.944 75.331 75.391 1 carbon 0.532 0.582 0.489 0.604
C2' GUA 20 2 74.7383 75.395 75.372 1 carbon 0.532 0.582 0.489 0.604
C2' GUA 33 2 75.5425 75.697 75.161 1 carbon 0.532 0.582 0.489 0.604
C3' ADE 31 1 76.0802 75.708 77.056 0 carbon 1.091 1.11 0.933 0.936
C3' ADE 31 2 74.5825 75.864 77.056 1 carbon 1.091 1.11 0.933 0.936
C3' ADE 34 2 72.7353 73.454 72.707 1 carbon 1.091 1.11 0.933 0.936
C3' ADE 34 1 74.0031 75.689 72.707 0 carbon 1.091 1.11 0.933 0.936
C3' CYT 40 1 72.4877 73.272 72.112 0 carbon 1.091 0.963 0.933 0.912
C3' CYT 30 2 74.181 76.287 77.251 1 carbon 1.091 0.963 0.933 0.912
C3' CYT 30 1 73.9018 75.471 77.251 0 carbon 1.091 0.963 0.933 0.912
C3' CYT 40 2 71.9924 72.747 72.112 1 carbon 1.091 0.963 0.933 0.912
C3' GUA 23 1 73.1436 74.129 73.638 0 carbon 1.091 1.038 0.933 0.936
C3' GUA 29 1 75.5145 76.334 77.061 0 carbon 1.091 1.038 0.933 0.936
C3' GUA 29 2 74.7376 75.749 77.061 1 carbon 1.091 1.038 0.933 0.936
C3' GUA 28 1 75.6046 75.086 76.097 0 carbon 1.091 1.038 0.933 0.936
C3' GUA 33 2 73.9138 73.923 74.557 1 carbon 1.091 1.038 0.933 0.936
C3' GUA 28 2 75.0679 75.41 76.097 1 carbon 1.091 1.038 0.933 0.936
C3' GUA 23 2 73.4651 74.342 73.638 1 carbon 1.091 1.038 0.933 0.936
C3' GUA 33 1 76.3464 75.612 74.557 0 carbon 1.091 1.038 0.933 0.936
C4' ADE 31 1 84.6044 84.173 85.274 0 carbon 0.808 0.838 0.593 0.636
C4' ADE 34 2 82.1253 82.766 82.313 1 carbon 0.808 0.838 0.593 0.636
C4' ADE 31 2 83.2645 84.615 85.274 1 carbon 0.808 0.838 0.593 0.636
C4' ADE 34 1 83.5519 84.308 82.313 0 carbon 0.808 0.838 0.593 0.636
C4' CYT 30 2 82.4705 84.347 84.645 1 carbon 0.808 0.749 0.593 0.397
C4' CYT 30 1 83.1207 84.319 84.645 0 carbon 0.808 0.749 0.593 0.397
C4' CYT 40 1 82.1208 82.333 81.95 0 carbon 0.808 0.749 0.593 0.397
C4' CYT 40 2 82.1902 82.1 81.95 1 carbon 0.808 0.749 0.593 0.397
C4' GUA 23 2 82.4018 82.828 82.344 1 carbon 0.808 0.704 0.593 0.653
C4' GUA 23 1 82.1473 83.141 82.344 0 carbon 0.808 0.704 0.593 0.653
C4' GUA 29 2 84.6839 84.338 85.029 1 carbon 0.808 0.704 0.593 0.653
C4' GUA 20 2 82.9078 82.188 82.664 1 carbon 0.808 0.704 0.593 0.653
C4' GUA 29 1 83.715 84.672 85.029 0 carbon 0.808 0.704 0.593 0.653
C4' GUA 33 1 84.9399 84.31 83.142 0 carbon 0.808 0.704 0.593 0.653
C4' GUA 20 1 83.1808 80.568 82.664 0 carbon 0.808 0.704 0.593 0.653
C4' GUA 28 2 83.1704 84.381 84.229 1 carbon 0.808 0.704 0.593 0.653
C4' GUA 28 1 82.9288 83.886 84.229 0 carbon 0.808 0.704 0.593 0.653
C4' GUA 33 2 82.7688 83.118 83.142 1 carbon 0.808 0.704 0.593 0.653
C5 CYT 35 1 100.665 98.926 96.481 0 carbon 0.859 0.837 0.693 0.452
C5 CYT 40 1 96.5448 98.101 96.94 0 carbon 0.859 0.837 0.693 0.452
C5 CYT 30 2 101.603 99.793 98.826 1 carbon 0.859 0.837 0.693 0.452
C5 CYT 30 1 102.578 99.092 98.826 0 carbon 0.859 0.837 0.693 0.452
C5 CYT 35 2 98.5851 98.581 96.481 1 carbon 0.859 0.837 0.693 0.452
C5 CYT 37 2 98.0449 98.426 98.29 1 carbon 0.859 0.837 0.693 0.452
C5 CYT 40 2 96.6697 98.121 96.94 1 carbon 0.859 0.837 0.693 0.452
C5 CYT 37 1 97.1265 98.537 98.29 0 carbon 0.859 0.837 0.693 0.452
C5' ADE 39 1 66.1832 66.44 64.927 0 carbon 0.847 0.847 0.798 0.818
C5' ADE 34 1 67.2563 66.722 65.263 0 carbon 0.847 0.847 0.798 0.818
C5' ADE 39 2 66.3032 66.38 64.927 1 carbon 0.847 0.847 0.798 0.818
C5' ADE 31 1 67.07 66.884 68.114 0 carbon 0.847 0.847 0.798 0.818
C5' ADE 34 2 65.7703 66.137 65.263 1 carbon 0.847 0.847 0.798 0.818
C5' ADE 31 2 67.0719 67.171 68.114 1 carbon 0.847 0.847 0.798 0.818
C5' CYT 30 2 66.0999 67.036 67.527 1 carbon 0.847 0.595 0.798 0.69
C5' CYT 30 1 66.3493 66.706 67.527 0 carbon 0.847 0.595 0.798 0.69
C5' GUA 33 1 67.1306 66.73 67.8 0 carbon 0.847 0.945 0.798 0.782
C5' GUA 29 1 66.122 67.466 67.535 0 carbon 0.847 0.945 0.798 0.782
C5' GUA 33 2 66.021 66.925 67.8 1 carbon 0.847 0.945 0.798 0.782
C5' GUA 20 2 65.9602 65.822 66.305 1 carbon 0.847 0.945 0.798 0.782
C5' GUA 28 1 66.5504 67.538 66.481 0 carbon 0.847 0.945 0.798 0.782
C5' GUA 23 2 66.5001 67.531 67.308 1 carbon 0.847 0.945 0.798 0.782
C5' GUA 20 1 65.75 65.959 66.305 0 carbon 0.847 0.945 0.798 0.782
C5' GUA 28 2 66.0829 66.571 66.481 1 carbon 0.847 0.945 0.798 0.782
C5' GUA 23 1 66.447 67.081 67.308 0 carbon 0.847 0.945 0.798 0.782
C5' GUA 29 2 67.8082 67.036 67.535 1 carbon 0.847 0.945 0.798 0.782
C6 CYT 30 2 143.362 143.112 143.295 1 carbon 0.734 0.671 0.687 0.54
C6 CYT 35 1 143.338 142.226 140.268 0 carbon 0.734 0.671 0.687 0.54
C6 CYT 30 1 142.948 142.678 143.295 0 carbon 0.734 0.671 0.687 0.54
C6 CYT 40 1 140.229 140.625 140.884 0 carbon 0.734 0.671 0.687 0.54
C6 CYT 37 1 141.581 141.956 142.241 0 carbon 0.734 0.671 0.687 0.54
C6 CYT 37 2 142.068 141.979 142.241 1 carbon 0.734 0.671 0.687 0.54
C6 CYT 35 2 140.983 140.922 140.268 1 carbon 0.734 0.671 0.687 0.54
C6 CYT 40 2 140.699 140.807 140.884 1 carbon 0.734 0.671 0.687 0.54
C8 ADE 31 2 141.054 141.013 142.352 1 carbon 0.915 0.776 0.786 0.668
C8 ADE 34 1 143.559 140.899 138.938 0 carbon 0.915 0.776 0.786 0.668
C8 ADE 34 2 139.253 140.231 138.938 1 carbon 0.915 0.776 0.786 0.668
C8 ADE 22 1 138.634 140.017 139.56 0 carbon 0.915 0.776 0.786 0.668
C8 ADE 39 2 139.178 139.453 139.956 1 carbon 0.915 0.776 0.786 0.668
C8 ADE 31 1 142.455 140.659 142.352 0 carbon 0.915 0.776 0.786 0.668
C8 ADE 39 1 138.736 139.78 139.956 0 carbon 0.915 0.776 0.786 0.668
C8 ADE 22 2 139.74 139.407 139.56 1 carbon 0.915 0.776 0.786 0.668
C8 GUA 29 1 141.137 139.663 140.205 0 carbon 0.915 1.022 0.786 0.888
C8 GUA 20 1 136.735 136.753 137.063 0 carbon 0.915 1.022 0.786 0.888
C8 GUA 23 2 136.963 138.245 135.585 1 carbon 0.915 1.022 0.786 0.888
C8 GUA 28 2 139.101 138.681 138.622 1 carbon 0.915 1.022 0.786 0.888
C8 GUA 28 1 139.192 139.375 138.622 0 carbon 0.915 1.022 0.786 0.888
C8 GUA 33 2 137.122 138.229 138.362 1 carbon 0.915 1.022 0.786 0.888
C8 GUA 20 2 137.305 137.204 137.063 1 carbon 0.915 1.022 0.786 0.888
C8 GUA 33 1 140.807 139.996 138.362 0 carbon 0.915 1.022 0.786 0.888
C8 GUA 23 1 136.491 137.656 135.585 0 carbon 0.915 1.022 0.786 0.888
C8 GUA 29 2 139.926 139.525 140.205 1 carbon 0.915 1.022 0.786 0.888
H1' ADE 31 1 5.73256 5.657 5.914 0 proton 0.177 0.169 0.165 0.166
H1' ADE 22 1 5.94855 5.645 6.038 0 proton 0.177 0.169 0.165 0.166
H1' ADE 22 2 5.96088 5.723 6.038 1 proton 0.177 0.169 0.165 0.166
H1' ADE 31 2 5.70417 5.379 5.914 1 proton 0.177 0.169 0.165 0.166
H1' ADE 39 1 5.9148 5.591 6.025 0 proton 0.177 0.169 0.165 0.166
H1' ADE 39 2 5.9222 5.584 6.025 1 proton 0.177 0.169 0.165 0.166
H1' ADE 34 1 5.82728 5.59 5.903 0 proton 0.177 0.169 0.165 0.166
H1' ADE 34 2 6.00201 5.567 5.903 1 proton 0.177 0.169 0.165 0.166
H1' CYT 35 1 5.49966 5.506 5.283 0 proton 0.177 0.185 0.165 0.16
H1' CYT 35 2 5.46746 5.511 5.283 1 proton 0.177 0.185 0.165 0.16
H1' CYT 37 1 5.62704 5.345 5.652 0 proton 0.177 0.185 0.165 0.16
H1' CYT 30 1 5.78274 5.583 5.766 0 proton 0.177 0.185 0.165 0.16
H1' CYT 40 1 5.45439 5.332 5.376 0 proton 0.177 0.185 0.165 0.16
H1' CYT 37 2 5.61876 5.359 5.652 1 proton 0.177 0.185 0.165 0.16
H1' CYT 30 2 5.65752 5.591 5.766 1 proton 0.177 0.185 0.165 0.16
H1' CYT 40 2 5.42929 5.448 5.376 1 proton 0.177 0.185 0.165 0.16
H1' GUA 23 2 5.51513 5.557 5.421 1 proton 0.177 0.19 0.165 0.189
H1' GUA 33 2 5.17631 5.105 5.177 1 proton 0.177 0.19 0.165 0.189
H1' GUA 29 1 5.85996 5.632 5.597 0 proton 0.177 0.19 0.165 0.189
H1' GUA 33 1 5.86134 5.747 5.177 0 proton 0.177 0.19 0.165 0.189
H1' GUA 23 1 5.50452 5.562 5.421 0 proton 0.177 0.19 0.165 0.189
H1' GUA 20 2 5.64756 5.668 5.912 1 proton 0.177 0.19 0.165 0.189
H1' GUA 29 2 5.78928 5.602 5.597 1 proton 0.177 0.19 0.165 0.189
H1' GUA 20 1 5.60921 5.589 5.912 0 proton 0.177 0.19 0.165 0.189
H1' GUA 28 1 5.8447 5.477 5.567 0 proton 0.177 0.19 0.165 0.189
H1' GUA 28 2 5.93143 5.655 5.567 1 proton 0.177 0.19 0.165 0.189
H2 ADE 31 2 7.86035 7.892 7.945 1 proton 0.237 0.237 0.185 0.185
H2 ADE 22 1 6.91996 7.024 6.903 0 proton 0.237 0.237 0.185 0.185
H2 ADE 39 2 7.1839 7.312 7.093 1 proton 0.237 0.237 0.185 0.185
H2 ADE 34 2 7.92766 7.667 7.971 1 proton 0.237 0.237 0.185 0.185
H2 ADE 31 1 8.0358 7.939 7.945 0 proton 0.237 0.237 0.185 0.185
H2 ADE 39 1 7.05382 7.246 7.093 0 proton 0.237 0.237 0.185 0.185
H2 ADE 22 2 6.96672 7.222 6.903 1 proton 0.237 0.237 0.185 0.185
H2 ADE 34 1 8.07314 7.97 7.971 0 proton 0.237 0.237 0.185 0.185
H2' ADE 31 1 4.2734 4.557 4.836 0 proton 0.137 0.133 0.13 0.14
H2' ADE 34 2 4.27815 4.524 4.595 1 proton 0.137 0.133 0.13 0.14
H2' ADE 39 2 4.27575 4.568 4.509 1 proton 0.137 0.133 0.13 0.14
H2' ADE 34 1 4.37174 4.591 4.595 0 proton 0.137 0.133 0.13 0.14
H2' ADE 31 2 4.4711 4.572 4.836 1 proton 0.137 0.133 0.13 0.14
H2' ADE 39 1 4.27271 4.538 4.509 0 proton 0.137 0.133 0.13 0.14
H2' CYT 40 2 4.17168 4.377 4.057 1 proton 0.137 0.13 0.13 0.121
H2' CYT 30 2 4.35822 4.369 4.107 1 proton 0.137 0.13 0.13 0.121
H2' CYT 40 1 4.29716 4.426 4.057 0 proton 0.137 0.13 0.13 0.121
H2' CYT 30 1 4.18873 4.321 4.107 0 proton 0.137 0.13 0.13 0.121
H2' GUA 33 2 4.22534 4.515 4.684 1 proton 0.137 0.137 0.13 0.119
H2' GUA 20 1 4.20731 4.582 4.535 0 proton 0.137 0.137 0.13 0.119
H2' GUA 29 2 4.29281 4.538 4.675 1 proton 0.137 0.137 0.13 0.119
H2' GUA 23 2 4.27736 4.51 4.482 1 proton 0.137 0.137 0.13 0.119
H2' GUA 23 1 4.29973 4.479 4.482 0 proton 0.137 0.137 0.13 0.119
H2' GUA 20 2 4.20155 4.617 4.535 1 proton 0.137 0.137 0.13 0.119
H2' GUA 28 2 4.34185 4.541 4.494 1 proton 0.137 0.137 0.13 0.119
H2' GUA 28 1 4.34845 4.565 4.494 0 proton 0.137 0.137 0.13 0.119
H2' GUA 29 1 4.21821 4.615 4.675 0 proton 0.137 0.137 0.13 0.119
H2' GUA 33 1 4.34414 4.619 4.684 0 proton 0.137 0.137 0.13 0.119
H3' ADE 34 1 4.71118 4.685 4.482 0 proton 0.119 0.129 0.107 0.107
H3' ADE 34 2 4.59931 4.469 4.482 1 proton 0.119 0.129 0.107 0.107
H3' ADE 31 2 4.66529 4.632 4.822 1 proton 0.119 0.129 0.107 0.107
H3' ADE 31 1 4.63073 4.648 4.822 0 proton 0.119 0.129 0.107 0.107
H3' CYT 30 2 4.5891 4.524 4.514 1 proton 0.119 0.105 0.107 0.099
H3' CYT 40 1 4.41628 4.535 4.357 0 proton 0.119 0.105 0.107 0.099
H3' CYT 40 2 4.37443 4.416 4.357 1 proton 0.119 0.105 0.107 0.099
H3' CYT 30 1 4.48777 4.616 4.514 0 proton 0.119 0.105 0.107 0.099
H3' GUA 33 2 4.5529 4.571 4.488 1 proton 0.119 0.129 0.107 0.12
H3' GUA 29 2 4.62662 4.583 4.624 1 proton 0.119 0.129 0.107 0.12
H3' GUA 23 1 4.48288 4.402 4.048 0 proton 0.119 0.129 0.107 0.12
H3' GUA 33 1 4.8243 4.665 4.488 0 proton 0.119 0.129 0.107 0.12
H3' GUA 23 2 4.44428 4.451 4.048 1 proton 0.119 0.129 0.107 0.12
H3' GUA 28 1 4.6302 4.79 4.706 0 proton 0.119 0.129 0.107 0.12
H3' GUA 29 1 4.64876 4.668 4.624 0 proton 0.119 0.129 0.107 0.12
H3' GUA 28 2 4.68803 4.638 4.706 1 proton 0.119 0.129 0.107 0.12
H4' ADE 31 1 4.49955 4.414 4.451 0 proton 0.091 0.083 0.079 0.072
H4' ADE 34 2 4.50967 4.397 4.482 1 proton 0.091 0.083 0.079 0.072
H4' ADE 34 1 4.52632 4.399 4.482 0 proton 0.091 0.083 0.079 0.072
H4' ADE 31 2 4.48601 4.425 4.451 1 proton 0.091 0.083 0.079 0.072
H4' CYT 30 2 4.05481 4.378 4.107 1 proton 0.091 0.106 0.079 0.083
H4' CYT 40 1 4.36323 4.409 4.355 0 proton 0.091 0.106 0.079 0.083
H4' CYT 40 2 4.33885 4.418 4.355 1 proton 0.091 0.106 0.079 0.083
H4' CYT 30 1 4.22168 4.395 4.107 0 proton 0.091 0.106 0.079 0.083
H4' GUA 33 1 4.2049 4.4 4.491 0 proton 0.091 0.083 0.079 0.077
H4' GUA 33 2 4.48334 4.41 4.491 1 proton 0.091 0.083 0.079 0.077
H4' GUA 20 1 4.57905 4.441 4.546 0 proton 0.091 0.083 0.079 0.077
H4' GUA 29 2 4.3954 4.376 4.325 1 proton 0.091 0.083 0.079 0.077
H4' GUA 23 2 4.47653 4.406 4.465 1 proton 0.091 0.083 0.079 0.077
H4' GUA 29 1 4.57302 4.469 4.325 0 proton 0.091 0.083 0.079 0.077
H4' GUA 23 1 4.5183 4.398 4.465 0 proton 0.091 0.083 0.079 0.077
H4' GUA 28 1 4.57129 4.324 4.375 0 proton 0.091 0.083 0.079 0.077
H4' GUA 28 2 4.74988 4.355 4.375 1 proton 0.091 0.083 0.079 0.077
H4' GUA 20 2 4.4815 4.46 4.546 1 proton 0.091 0.083 0.079 0.077
H5 CYT 40 1 5.16115 5.441 5.203 0 proton 0.154 0.137 0.146 0.128
H5 CYT 35 2 5.38513 5.487 5.152 1 proton 0.154 0.137 0.146 0.128
H5 CYT 37 2 5.70599 5.823 5.871 1 proton 0.154 0.137 0.146 0.128
H5 CYT 37 1 5.66654 5.767 5.871 0 proton 0.154 0.137 0.146 0.128
H5 CYT 40 2 5.1479 5.464 5.203 1 proton 0.154 0.137 0.146 0.128
H5 CYT 35 1 5.72292 5.717 5.152 0 proton 0.154 0.137 0.146 0.128
H5 CYT 30 1 5.8912 5.752 5.706 0 proton 0.154 0.137 0.146 0.128
H5 CYT 30 2 7.17294 5.887 5.706 1 proton 0.154 0.137 0.146 0.128
H5' ADE 34 1 4.24672 4.115 4.147 0 proton 0.17 0.193 0.142 0.167
H5' ADE 39 1 4.83993 4.304 4.61 0 proton 0.17 0.193 0.142 0.167
H5' ADE 34 2 4.61698 4.254 4.147 1 proton 0.17 0.193 0.142 0.167
H5' ADE 39 2 4.77646 4.266 4.61 1 proton 0.17 0.193 0.142 0.167
H5' ADE 31 1 4.39032 4.221 4.102 0 proton 0.17 0.193 0.142 0.167
H5' ADE 31 2 5.1678 4.077 4.102 1 proton 0.17 0.193 0.142 0.167
H5' CYT 30 2 4.41041 4.137 3.751 1 proton 0.17 0.172 0.142 0.134
H5' CYT 30 1 3.05868 4.146 3.751 0 proton 0.17 0.172 0.142 0.134
H5' GUA 23 2 4.50378 4.23 4.039 1 proton 0.17 0.152 0.142 0.125
H5' GUA 29 2 5.44913 4.151 4.063 1 proton 0.17 0.152 0.142 0.125
H5' GUA 29 1 4.36778 4.164 4.063 0 proton 0.17 0.152 0.142 0.125
H5' GUA 20 1 4.37611 4.283 4.25 0 proton 0.17 0.152 0.142 0.125
H5' GUA 28 1 4.34075 4.181 4.068 0 proton 0.17 0.152 0.142 0.125
H5' GUA 33 2 4.34311 4.27 4.212 1 proton 0.17 0.152 0.142 0.125
H5' GUA 23 1 4.6211 4.218 4.039 0 proton 0.17 0.152 0.142 0.125
H5' GUA 20 2 4.39026 4.33 4.25 1 proton 0.17 0.152 0.142 0.125
H5' GUA 33 1 3.93531 4.198 4.212 0 proton 0.17 0.152 0.142 0.125
H5' GUA 28 2 4.28382 4.201 4.068 1 proton 0.17 0.152 0.142 0.125
H5'' ADE 39 2 4.32471 4.322 4.18 1 proton 0.127 0.122 0.1 0.093
H5'' ADE 39 1 4.34916 4.289 4.18 0 proton 0.127 0.122 0.1 0.093
H5'' ADE 34 1 4.20033 4.182 4.47 0 proton 0.127 0.122 0.1 0.093
H5'' ADE 34 2 4.30447 4.244 4.47 1 proton 0.127 0.122 0.1 0.093
H5'' ADE 31 1 4.21207 4.171 4.228 0 proton 0.127 0.122 0.1 0.093
H5'' ADE 31 2 4.31987 4.194 4.228 1 proton 0.127 0.122 0.1 0.093
H5'' CYT 30 2 4.52812 4.102 3.919 1 proton 0.127 0.133 0.1 0.107
H5'' CYT 30 1 4.40369 4.146 3.919 0 proton 0.127 0.133 0.1 0.107
H5'' GUA 23 2 4.57944 4.247 4.339 1 proton 0.127 0.136 0.1 0.106
H5'' GUA 33 2 4.62434 4.299 4.366 1 proton 0.127 0.136 0.1 0.106
H5'' GUA 29 2 4.30737 4.137 4.189 1 proton 0.127 0.136 0.1 0.106
H5'' GUA 29 1 4.40277 4.226 4.189 0 proton 0.127 0.136 0.1 0.106
H5'' GUA 23 1 4.7349 4.201 4.339 0 proton 0.127 0.136 0.1 0.106
H5'' GUA 33 1 4.04778 3.957 4.366 0 proton 0.127 0.136 0.1 0.106
H6 CYT 35 2 7.34982 7.609 7.155 1 proton 0.111 0.113 0.113 0.108
H6 CYT 37 1 7.80406 7.898 7.932 0 proton 0.111 0.113 0.113 0.108
H6 CYT 40 2 7.36467 7.577 7.544 1 proton 0.111 0.113 0.113 0.108
H6 CYT 30 1 7.53342 7.677 7.536 0 proton 0.111 0.113 0.113 0.108
H6 CYT 35 1 7.79346 7.746 7.155 0 proton 0.111 0.113 0.113 0.108
H6 CYT 37 2 7.7912 7.898 7.932 1 proton 0.111 0.113 0.113 0.108
H6 CYT 40 1 7.37914 7.501 7.544 0 proton 0.111 0.113 0.113 0.108
H6 CYT 30 2 7.50989 7.834 7.536 1 proton 0.111 0.113 0.113 0.108
H8 ADE 31 2 7.92824 8.12 8.221 1 proton 0.182 0.153 0.176 0.164
H8 ADE 39 2 8.1353 7.994 8.277 1 proton 0.182 0.153 0.176 0.164
H8 ADE 34 2 7.62138 7.915 7.819 1 proton 0.182 0.153 0.176 0.164
H8 ADE 39 1 8.11154 8.037 8.277 0 proton 0.182 0.153 0.176 0.164
H8 ADE 22 1 7.86795 8.075 8.103 0 proton 0.182 0.153 0.176 0.164
H8 ADE 31 1 8.43055 8.103 8.221 0 proton 0.182 0.153 0.176 0.164
H8 ADE 34 1 8.3258 8.15 7.819 0 proton 0.182 0.153 0.176 0.164
H8 ADE 22 2 7.9589 7.976 8.103 1 proton 0.182 0.153 0.176 0.164
H8 GUA 33 1 7.85857 7.879 7.813 0 proton 0.182 0.205 0.176 0.186
H8 GUA 28 2 7.92365 7.814 7.892 1 proton 0.182 0.205 0.176 0.186
H8 GUA 28 1 7.62546 7.927 7.892 0 proton 0.182 0.205 0.176 0.186
H8 GUA 33 2 7.25849 7.759 7.813 1 proton 0.182 0.205 0.176 0.186
H8 GUA 23 2 7.41007 7.661 7.012 1 proton 0.182 0.205 0.176 0.186
H8 GUA 29 1 8.09339 7.909 7.85 0 proton 0.182 0.205 0.176 0.186
H8 GUA 23 1 7.33028 7.666 7.012 0 proton 0.182 0.205 0.176 0.186
H8 GUA 29 2 7.62535 7.893 7.85 1 proton 0.182 0.205 0.176 0.186
H8 GUA 20 1 7.31422 7.348 7.544 0 proton 0.182 0.205 0.176 0.186
H8 GUA 20 2 7.43836 7.477 7.544 1 proton 0.182 0.205 0.176 0.186
