nucleus resname resid model larmord_predCS ramsey_predCS expCS reference_flag type weight_larmord_1 weight_larmord_2 weight_ramsey_1 weight_ramsey_2
C1' ADE 37 1 92.4848 92.464 91.179 0 carbon 0.856 0.869 0.683 0.683
C1' ADE 37 2 91.961 92.229 91.179 1 carbon 0.856 0.869 0.683 0.683
C1' ADE 38 2 92.7877 92.256 90.739 1 carbon 0.856 0.869 0.683 0.683
C1' ADE 23 2 92.1489 92.192 91.098 1 carbon 0.856 0.869 0.683 0.683
C1' ADE 23 1 92.1528 91.982 91.098 0 carbon 0.856 0.869 0.683 0.683
C1' ADE 22 1 90.4669 90.656 90.875 0 carbon 0.856 0.869 0.683 0.683
C1' ADE 7 2 93.1315 92.624 93.46 1 carbon 0.856 0.869 0.683 0.683
C1' ADE 7 1 92.6256 92.52 93.46 0 carbon 0.856 0.869 0.683 0.683
C1' ADE 38 1 92.5114 92.386 90.739 0 carbon 0.856 0.869 0.683 0.683
C1' ADE 22 2 90.4212 90.907 90.875 1 carbon 0.856 0.869 0.683 0.683
C1' GUA 36 1 90.0259 90.867 89.802 0 carbon 0.856 0.862 0.683 0.797
C1' GUA 36 2 91.0542 91.801 89.802 1 carbon 0.856 0.862 0.683 0.797
C2 ADE 22 1 154.537 155.433 155.347 0 carbon 0.733 0.733 0.633 0.484
C2 ADE 7 1 154.072 154.046 154.892 0 carbon 0.733 0.733 0.633 0.484
C2 ADE 33 2 152.912 153.256 152.936 1 carbon 0.733 0.733 0.633 0.484
C2 ADE 7 2 154.077 154.156 154.892 1 carbon 0.733 0.733 0.633 0.484
C2 ADE 20 2 153.781 154.172 153.832 1 carbon 0.733 0.733 0.633 0.484
C2 ADE 22 2 154.282 154.907 155.347 1 carbon 0.733 0.733 0.633 0.484
C2 ADE 37 1 153.699 153.883 155.055 0 carbon 0.733 0.733 0.633 0.484
C2 ADE 23 2 153.312 154.41 155.642 1 carbon 0.733 0.733 0.633 0.484
C2 ADE 20 1 153.281 154.353 153.832 0 carbon 0.733 0.733 0.633 0.484
C2 ADE 23 1 154.04 154.539 155.642 0 carbon 0.733 0.733 0.633 0.484
C2 ADE 38 1 153.831 154.073 155.1 0 carbon 0.733 0.733 0.633 0.484
C2 ADE 37 2 154.51 154.469 155.055 1 carbon 0.733 0.733 0.633 0.484
C2 ADE 38 2 153.995 153.697 155.1 1 carbon 0.733 0.733 0.633 0.484
C2 ADE 33 1 153.264 153.328 152.936 0 carbon 0.733 0.733 0.633 0.484
C5 CYT 9 1 96.8456 98.738 98.977 0 carbon 0.859 0.837 0.693 0.452
C5 CYT 18 1 97.471 98.217 97.733 0 carbon 0.859 0.837 0.693 0.452
C5 CYT 9 2 97.8537 98.686 98.977 1 carbon 0.859 0.837 0.693 0.452
C5 CYT 40 1 97.3896 98.322 98.02 0 carbon 0.859 0.837 0.693 0.452
C5 CYT 18 2 96.7243 97.919 97.733 1 carbon 0.859 0.837 0.693 0.452
C5 CYT 44 2 97.3423 98.244 97.735 1 carbon 0.859 0.837 0.693 0.452
C5 CYT 19 1 97.7094 97.963 97.848 0 carbon 0.859 0.837 0.693 0.452
C5 CYT 19 2 97.3028 97.981 97.848 1 carbon 0.859 0.837 0.693 0.452
C5 CYT 40 2 97.3824 98.403 98.02 1 carbon 0.859 0.837 0.693 0.452
C5 CYT 44 1 97.5884 98.337 97.735 0 carbon 0.859 0.837 0.693 0.452
C6 CYT 32 1 141.176 141.772 142.694 0 carbon 0.734 0.671 0.687 0.54
C6 CYT 32 2 140.671 141.897 142.694 1 carbon 0.734 0.671 0.687 0.54
C8 ADE 22 2 140.021 141.195 142.086 1 carbon 0.915 0.776 0.786 0.668
C8 ADE 33 2 139.707 139.749 139.948 1 carbon 0.915 0.776 0.786 0.668
C8 ADE 7 1 140.199 139.881 139.834 0 carbon 0.915 0.776 0.786 0.668
C8 ADE 7 2 139.227 139.718 139.834 1 carbon 0.915 0.776 0.786 0.668
C8 ADE 33 1 139.494 139.669 139.948 0 carbon 0.915 0.776 0.786 0.668
C8 ADE 20 1 139.222 140.002 140.739 0 carbon 0.915 0.776 0.786 0.668
C8 ADE 37 2 141.664 141.043 142.215 1 carbon 0.915 0.776 0.786 0.668
C8 ADE 37 1 141.379 140.751 142.215 0 carbon 0.915 0.776 0.786 0.668
C8 ADE 22 1 138.759 141.02 142.086 0 carbon 0.915 0.776 0.786 0.668
C8 ADE 20 2 138.029 139.659 140.739 1 carbon 0.915 0.776 0.786 0.668
C8 ADE 23 1 139.245 140.768 142.452 0 carbon 0.915 0.776 0.786 0.668
C8 ADE 23 2 140.583 140.881 142.452 1 carbon 0.915 0.776 0.786 0.668
C8 GUA 11 1 136.52 136.785 136.942 0 carbon 0.915 1.022 0.786 0.888
C8 GUA 30 2 135.892 136.828 136.42 1 carbon 0.915 1.022 0.786 0.888
C8 GUA 25 2 135.803 136.802 136.703 1 carbon 0.915 1.022 0.786 0.888
C8 GUA 25 1 136.114 136.855 136.703 0 carbon 0.915 1.022 0.786 0.888
C8 GUA 24 1 135.904 136.9 137.903 0 carbon 0.915 1.022 0.786 0.888
C8 GUA 24 2 137.299 136.572 137.903 1 carbon 0.915 1.022 0.786 0.888
C8 GUA 26 2 135.346 137.05 136.508 1 carbon 0.915 1.022 0.786 0.888
C8 GUA 3 2 136.121 137.04 136.486 1 carbon 0.915 1.022 0.786 0.888
C8 GUA 35 1 136.84 137.886 137.86 0 carbon 0.915 1.022 0.786 0.888
C8 GUA 35 2 137.241 138.818 137.86 1 carbon 0.915 1.022 0.786 0.888
C8 GUA 12 1 135.674 137.009 136.502 0 carbon 0.915 1.022 0.786 0.888
C8 GUA 3 1 136.27 136.924 136.486 0 carbon 0.915 1.022 0.786 0.888
C8 GUA 12 2 135.722 136.959 136.502 1 carbon 0.915 1.022 0.786 0.888
C8 GUA 30 1 135.916 136.901 136.42 0 carbon 0.915 1.022 0.786 0.888
C8 GUA 29 1 136.413 136.872 136.154 0 carbon 0.915 1.022 0.786 0.888
C8 GUA 36 2 139.304 139.852 139.984 1 carbon 0.915 1.022 0.786 0.888
C8 GUA 29 2 136.059 136.779 136.154 1 carbon 0.915 1.022 0.786 0.888
C8 GUA 26 1 136.218 136.939 136.508 0 carbon 0.915 1.022 0.786 0.888
C8 GUA 11 2 136.227 136.78 136.942 1 carbon 0.915 1.022 0.786 0.888
C8 GUA 36 1 140.061 138.811 139.984 0 carbon 0.915 1.022 0.786 0.888
H1' ADE 27 1 5.82696 5.691 5.889 0 proton 0.177 0.169 0.165 0.166
H1' ADE 38 2 5.68742 5.72 5.745 1 proton 0.177 0.169 0.165 0.166
H1' ADE 5 2 5.82983 5.657 5.85 1 proton 0.177 0.169 0.165 0.166
H1' ADE 4 2 5.86034 5.647 5.901 1 proton 0.177 0.169 0.165 0.166
H1' ADE 28 1 5.86013 5.7 5.858 0 proton 0.177 0.169 0.165 0.166
H1' ADE 27 2 5.85131 5.643 5.889 1 proton 0.177 0.169 0.165 0.166
H1' ADE 20 1 6.01629 5.736 5.762 0 proton 0.177 0.169 0.165 0.166
H1' ADE 20 2 5.69014 5.384 5.762 1 proton 0.177 0.169 0.165 0.166
H1' ADE 28 2 5.83547 5.687 5.858 1 proton 0.177 0.169 0.165 0.166
H1' ADE 33 2 5.95743 5.637 5.861 1 proton 0.177 0.169 0.165 0.166
H1' ADE 7 2 5.84335 5.745 5.973 1 proton 0.177 0.169 0.165 0.166
H1' ADE 37 2 5.97799 5.739 5.862 1 proton 0.177 0.169 0.165 0.166
H1' ADE 22 1 5.68578 5.656 5.794 0 proton 0.177 0.169 0.165 0.166
H1' ADE 38 1 5.73606 5.677 5.745 0 proton 0.177 0.169 0.165 0.166
H1' ADE 37 1 5.83519 5.652 5.862 0 proton 0.177 0.169 0.165 0.166
H1' ADE 5 1 5.82394 5.697 5.85 0 proton 0.177 0.169 0.165 0.166
H1' ADE 22 2 5.70837 5.661 5.794 1 proton 0.177 0.169 0.165 0.166
H1' ADE 4 1 5.83589 5.713 5.901 0 proton 0.177 0.169 0.165 0.166
H1' ADE 7 1 5.8366 5.737 5.973 0 proton 0.177 0.169 0.165 0.166
H1' ADE 23 2 5.7644 5.609 6.088 1 proton 0.177 0.169 0.165 0.166
H1' ADE 33 1 5.94453 5.726 5.861 0 proton 0.177 0.169 0.165 0.166
H1' ADE 23 1 5.56327 5.458 6.088 0 proton 0.177 0.169 0.165 0.166
H1' CYT 14 2 5.52099 5.436 5.495 1 proton 0.177 0.185 0.165 0.16
H1' CYT 32 2 5.51034 5.351 5.436 1 proton 0.177 0.185 0.165 0.16
H1' CYT 44 2 5.52746 5.365 5.423 1 proton 0.177 0.185 0.165 0.16
H1' CYT 40 1 5.51732 5.395 5.624 0 proton 0.177 0.185 0.165 0.16
H1' CYT 18 1 5.52734 5.396 5.394 0 proton 0.177 0.185 0.165 0.16
H1' CYT 21 2 5.57326 5.584 5.596 1 proton 0.177 0.185 0.165 0.16
H1' CYT 44 1 5.55365 5.338 5.423 0 proton 0.177 0.185 0.165 0.16
H1' CYT 40 2 5.50932 5.449 5.624 1 proton 0.177 0.185 0.165 0.16
H1' CYT 31 2 5.54192 5.434 5.504 1 proton 0.177 0.185 0.165 0.16
H1' CYT 9 2 5.44199 5.433 5.489 1 proton 0.177 0.185 0.165 0.16
H1' CYT 32 1 5.50507 5.349 5.436 0 proton 0.177 0.185 0.165 0.16
H1' CYT 9 1 5.47188 5.307 5.489 0 proton 0.177 0.185 0.165 0.16
H1' CYT 43 2 5.51274 5.366 5.502 1 proton 0.177 0.185 0.165 0.16
H1' CYT 19 2 5.51311 5.378 5.456 1 proton 0.177 0.185 0.165 0.16
H1' CYT 21 1 5.35351 5.555 5.596 0 proton 0.177 0.185 0.165 0.16
H1' CYT 17 1 5.52537 5.353 5.5 0 proton 0.177 0.185 0.165 0.16
H1' CYT 13 1 5.55105 5.386 5.486 0 proton 0.177 0.185 0.165 0.16
H1' CYT 14 1 5.55022 5.393 5.495 0 proton 0.177 0.185 0.165 0.16
H1' CYT 13 2 5.52939 5.422 5.486 1 proton 0.177 0.185 0.165 0.16
H1' CYT 17 2 5.48914 5.411 5.5 1 proton 0.177 0.185 0.165 0.16
H1' CYT 19 1 5.49349 5.423 5.456 0 proton 0.177 0.185 0.165 0.16
H1' CYT 18 2 5.49489 5.392 5.394 1 proton 0.177 0.185 0.165 0.16
H1' CYT 43 1 5.53511 5.371 5.502 0 proton 0.177 0.185 0.165 0.16
H1' CYT 31 1 5.55345 5.407 5.504 0 proton 0.177 0.185 0.165 0.16
H1' GUA 26 2 5.60387 5.599 5.733 1 proton 0.177 0.19 0.165 0.189
H1' GUA 29 1 5.57855 5.492 5.568 0 proton 0.177 0.19 0.165 0.189
H1' GUA 30 1 5.65121 5.643 5.719 0 proton 0.177 0.19 0.165 0.189
H1' GUA 3 2 5.68948 5.669 5.767 1 proton 0.177 0.19 0.165 0.189
H1' GUA 24 1 5.41088 5.172 4.984 0 proton 0.177 0.19 0.165 0.189
H1' GUA 12 2 5.62959 5.561 5.65 1 proton 0.177 0.19 0.165 0.189
H1' GUA 25 1 5.64459 5.463 5.793 0 proton 0.177 0.19 0.165 0.189
H1' GUA 36 2 5.19239 5.655 5.433 1 proton 0.177 0.19 0.165 0.189
H1' GUA 6 1 5.51612 5.563 5.511 0 proton 0.177 0.19 0.165 0.189
H1' GUA 2 2 5.7589 5.611 5.931 1 proton 0.177 0.19 0.165 0.189
H1' GUA 24 2 5.32318 5.188 4.984 1 proton 0.177 0.19 0.165 0.189
H1' GUA 11 1 5.69579 5.555 5.75 0 proton 0.177 0.19 0.165 0.189
H1' GUA 6 2 5.50448 5.459 5.511 1 proton 0.177 0.19 0.165 0.189
H1' GUA 36 1 5.63828 5.616 5.433 0 proton 0.177 0.19 0.165 0.189
H1' GUA 34 2 5.58535 5.41 5.445 1 proton 0.177 0.19 0.165 0.189
H1' GUA 11 2 5.68865 5.564 5.75 1 proton 0.177 0.19 0.165 0.189
H1' GUA 25 2 5.65045 5.537 5.793 1 proton 0.177 0.19 0.165 0.189
H1' GUA 2 1 5.71343 5.575 5.931 0 proton 0.177 0.19 0.165 0.189
H1' GUA 3 1 5.62623 5.636 5.767 0 proton 0.177 0.19 0.165 0.189
H1' GUA 26 1 5.60358 5.557 5.733 0 proton 0.177 0.19 0.165 0.189
H1' GUA 35 1 5.27217 5.349 5.462 0 proton 0.177 0.19 0.165 0.189
H1' GUA 35 2 5.37934 5.699 5.462 1 proton 0.177 0.19 0.165 0.189
H1' GUA 30 2 5.64474 5.633 5.719 1 proton 0.177 0.19 0.165 0.189
H1' GUA 34 1 5.59898 5.565 5.445 0 proton 0.177 0.19 0.165 0.189
H1' GUA 12 1 5.63895 5.355 5.65 0 proton 0.177 0.19 0.165 0.189
H1' GUA 29 2 5.57866 5.553 5.568 1 proton 0.177 0.19 0.165 0.189
H2 ADE 4 2 7.28925 7.269 7.11 1 proton 0.237 0.237 0.185 0.185
H2 ADE 22 1 7.92613 8.07 8.003 0 proton 0.237 0.237 0.185 0.185
H2 ADE 37 1 7.69019 7.802 7.903 0 proton 0.237 0.237 0.185 0.185
H2 ADE 23 2 8.38705 7.829 8.101 1 proton 0.237 0.237 0.185 0.185
H2 ADE 20 1 7.08502 7.722 7.676 0 proton 0.237 0.237 0.185 0.185
H2 ADE 33 1 7.36731 7.309 6.979 0 proton 0.237 0.237 0.185 0.185
H2 ADE 33 2 7.32019 7.507 6.979 1 proton 0.237 0.237 0.185 0.185
H2 ADE 37 2 7.95741 7.923 7.903 1 proton 0.237 0.237 0.185 0.185
H2 ADE 38 2 8.1543 7.832 7.999 1 proton 0.237 0.237 0.185 0.185
H2 ADE 7 2 7.87499 7.593 7.895 1 proton 0.237 0.237 0.185 0.185
H2 ADE 27 1 7.25519 7.27 7.097 0 proton 0.237 0.237 0.185 0.185
H2 ADE 28 1 7.69732 7.851 7.445 0 proton 0.237 0.237 0.185 0.185
H2 ADE 22 2 7.98083 8.033 8.003 1 proton 0.237 0.237 0.185 0.185
H2 ADE 23 1 8.0743 7.994 8.101 0 proton 0.237 0.237 0.185 0.185
H2 ADE 5 2 7.33383 7.449 7.437 1 proton 0.237 0.237 0.185 0.185
H2 ADE 7 1 7.83634 7.782 7.895 0 proton 0.237 0.237 0.185 0.185
H2 ADE 28 2 7.4729 7.512 7.445 1 proton 0.237 0.237 0.185 0.185
H2 ADE 20 2 8.2976 7.86 7.676 1 proton 0.237 0.237 0.185 0.185
H2 ADE 5 1 7.48935 7.461 7.437 0 proton 0.237 0.237 0.185 0.185
H2 ADE 4 1 7.52769 7.448 7.11 0 proton 0.237 0.237 0.185 0.185
H2 ADE 27 2 7.26986 7.382 7.097 1 proton 0.237 0.237 0.185 0.185
H2 ADE 38 1 8.00851 7.719 7.999 0 proton 0.237 0.237 0.185 0.185
H2' ADE 33 2 4.44506 4.534 4.626 1 proton 0.137 0.133 0.13 0.14
H2' ADE 38 1 4.37197 4.525 4.715 0 proton 0.137 0.133 0.13 0.14
H2' ADE 23 1 4.36524 4.563 4.797 0 proton 0.137 0.133 0.13 0.14
H2' ADE 20 2 3.8062 4.523 4.442 1 proton 0.137 0.133 0.13 0.14
H2' ADE 33 1 4.33671 4.603 4.626 0 proton 0.137 0.133 0.13 0.14
H2' ADE 5 1 4.59162 4.526 4.622 0 proton 0.137 0.133 0.13 0.14
H2' ADE 20 1 3.80422 4.666 4.442 0 proton 0.137 0.133 0.13 0.14
H2' ADE 4 2 4.43495 4.58 4.622 1 proton 0.137 0.133 0.13 0.14
H2' ADE 7 1 4.36185 4.594 4.429 0 proton 0.137 0.133 0.13 0.14
H2' ADE 38 2 4.38079 4.534 4.715 1 proton 0.137 0.133 0.13 0.14
H2' ADE 22 1 4.57746 4.577 4.537 0 proton 0.137 0.133 0.13 0.14
H2' ADE 4 1 4.44185 4.57 4.622 0 proton 0.137 0.133 0.13 0.14
H2' ADE 22 2 4.56356 4.593 4.537 1 proton 0.137 0.133 0.13 0.14
H2' ADE 23 2 4.34575 4.586 4.797 1 proton 0.137 0.133 0.13 0.14
H2' ADE 37 1 4.50085 4.544 4.584 0 proton 0.137 0.133 0.13 0.14
H2' ADE 28 2 4.45016 4.533 4.596 1 proton 0.137 0.133 0.13 0.14
H2' ADE 28 1 4.36093 4.608 4.596 0 proton 0.137 0.133 0.13 0.14
H2' ADE 5 2 4.57524 4.576 4.622 1 proton 0.137 0.133 0.13 0.14
H2' ADE 27 2 4.40089 4.594 4.602 1 proton 0.137 0.133 0.13 0.14
H2' ADE 27 1 4.46486 4.576 4.602 0 proton 0.137 0.133 0.13 0.14
H2' ADE 37 2 4.26601 4.572 4.584 1 proton 0.137 0.133 0.13 0.14
H2' ADE 7 2 4.37179 4.523 4.429 1 proton 0.137 0.133 0.13 0.14
H2' CYT 9 1 4.23859 4.454 4.472 0 proton 0.137 0.13 0.13 0.121
H2' CYT 21 1 4.3928 4.288 4.069 0 proton 0.137 0.13 0.13 0.121
H2' CYT 31 1 4.19381 4.416 4.415 0 proton 0.137 0.13 0.13 0.121
H2' CYT 13 2 4.20905 4.444 4.41 1 proton 0.137 0.13 0.13 0.121
H2' CYT 32 2 4.29285 4.494 4.515 1 proton 0.137 0.13 0.13 0.121
H2' CYT 18 2 4.19751 4.451 4.307 1 proton 0.137 0.13 0.13 0.121
H2' CYT 17 2 4.20393 4.41 4.237 1 proton 0.137 0.13 0.13 0.121
H2' CYT 43 2 4.18659 4.449 4.274 1 proton 0.137 0.13 0.13 0.121
H2' CYT 19 2 4.19013 4.493 4.59 1 proton 0.137 0.13 0.13 0.121
H2' CYT 44 2 4.18122 4.369 4.216 1 proton 0.137 0.13 0.13 0.121
H2' CYT 18 1 4.17738 4.389 4.307 0 proton 0.137 0.13 0.13 0.121
H2' CYT 13 1 4.19659 4.443 4.41 0 proton 0.137 0.13 0.13 0.121
H2' CYT 32 1 4.30293 4.432 4.515 0 proton 0.137 0.13 0.13 0.121
H2' CYT 40 1 4.24681 4.414 4.363 0 proton 0.137 0.13 0.13 0.121
H2' CYT 17 1 4.17638 4.387 4.237 0 proton 0.137 0.13 0.13 0.121
H2' CYT 44 1 4.1633 4.363 4.216 0 proton 0.137 0.13 0.13 0.121
H2' CYT 40 2 4.30071 4.493 4.363 1 proton 0.137 0.13 0.13 0.121
H2' CYT 21 2 4.16794 4.327 4.069 1 proton 0.137 0.13 0.13 0.121
H2' CYT 9 2 4.2123 4.406 4.472 1 proton 0.137 0.13 0.13 0.121
H2' CYT 14 2 4.25115 4.447 4.422 1 proton 0.137 0.13 0.13 0.121
H2' CYT 43 1 4.17148 4.384 4.274 0 proton 0.137 0.13 0.13 0.121
H2' CYT 14 1 4.24524 4.442 4.422 0 proton 0.137 0.13 0.13 0.121
H2' CYT 31 2 4.23212 4.429 4.415 1 proton 0.137 0.13 0.13 0.121
H2' CYT 19 1 4.25489 4.447 4.59 0 proton 0.137 0.13 0.13 0.121
H2' GUA 30 1 4.27314 4.506 4.489 0 proton 0.137 0.137 0.13 0.119
H2' GUA 3 2 4.42092 4.613 4.617 1 proton 0.137 0.137 0.13 0.119
H2' GUA 2 1 4.52479 4.554 4.651 0 proton 0.137 0.137 0.13 0.119
H2' GUA 6 2 4.37779 4.513 4.489 1 proton 0.137 0.137 0.13 0.119
H2' GUA 34 2 4.38152 4.647 4.355 1 proton 0.137 0.137 0.13 0.119
H2' GUA 11 2 4.49968 4.531 4.575 1 proton 0.137 0.137 0.13 0.119
H2' GUA 12 1 4.26276 4.498 4.44 0 proton 0.137 0.137 0.13 0.119
H2' GUA 25 1 4.46773 4.499 4.571 0 proton 0.137 0.137 0.13 0.119
H2' GUA 34 1 4.59841 4.506 4.355 0 proton 0.137 0.137 0.13 0.119
H2' GUA 26 2 4.35967 4.544 4.589 1 proton 0.137 0.137 0.13 0.119
H2' GUA 26 1 4.36667 4.515 4.589 0 proton 0.137 0.137 0.13 0.119
H2' GUA 29 2 4.52316 4.52 4.511 1 proton 0.137 0.137 0.13 0.119
H2' GUA 12 2 4.29927 4.509 4.44 1 proton 0.137 0.137 0.13 0.119
H2' GUA 2 2 4.64879 4.616 4.651 1 proton 0.137 0.137 0.13 0.119
H2' GUA 6 1 4.3312 4.531 4.489 0 proton 0.137 0.137 0.13 0.119
H2' GUA 36 1 4.3788 4.586 4.541 0 proton 0.137 0.137 0.13 0.119
H2' GUA 11 1 4.43179 4.531 4.575 0 proton 0.137 0.137 0.13 0.119
H2' GUA 35 1 4.41815 4.461 4.159 0 proton 0.137 0.137 0.13 0.119
H2' GUA 24 1 4.43902 4.462 4.571 0 proton 0.137 0.137 0.13 0.119
H2' GUA 36 2 4.73913 4.535 4.541 1 proton 0.137 0.137 0.13 0.119
H2' GUA 35 2 4.35421 4.514 4.159 1 proton 0.137 0.137 0.13 0.119
H2' GUA 29 1 4.54452 4.505 4.511 0 proton 0.137 0.137 0.13 0.119
H2' GUA 25 2 4.50757 4.517 4.571 1 proton 0.137 0.137 0.13 0.119
H2' GUA 24 2 4.44993 4.473 4.571 1 proton 0.137 0.137 0.13 0.119
H2' GUA 3 1 4.4075 4.563 4.617 0 proton 0.137 0.137 0.13 0.119
H2' GUA 30 2 4.30066 4.518 4.489 1 proton 0.137 0.137 0.13 0.119
H3' ADE 23 1 4.61463 4.642 4.928 0 proton 0.119 0.129 0.107 0.107
H3' ADE 7 1 4.5754 4.547 4.58 0 proton 0.119 0.129 0.107 0.107
H3' ADE 33 1 4.63555 4.573 4.517 0 proton 0.119 0.129 0.107 0.107
H3' ADE 28 1 4.59145 4.564 4.549 0 proton 0.119 0.129 0.107 0.107
H3' ADE 7 2 4.5696 4.52 4.58 1 proton 0.119 0.129 0.107 0.107
H3' ADE 27 1 4.652 4.626 4.525 0 proton 0.119 0.129 0.107 0.107
H3' ADE 23 2 4.65714 4.72 4.928 1 proton 0.119 0.129 0.107 0.107
H3' ADE 37 1 4.64569 4.624 4.62 0 proton 0.119 0.129 0.107 0.107
H3' ADE 22 2 4.65273 4.647 4.642 1 proton 0.119 0.129 0.107 0.107
H3' ADE 20 1 4.59739 4.593 4.525 0 proton 0.119 0.129 0.107 0.107
H3' ADE 20 2 4.56347 4.639 4.525 1 proton 0.119 0.129 0.107 0.107
H3' ADE 5 2 4.56063 4.591 4.532 1 proton 0.119 0.129 0.107 0.107
H3' ADE 5 1 4.58538 4.582 4.532 0 proton 0.119 0.129 0.107 0.107
H3' ADE 37 2 4.70122 4.705 4.62 1 proton 0.119 0.129 0.107 0.107
H3' ADE 27 2 4.63804 4.592 4.525 1 proton 0.119 0.129 0.107 0.107
H3' ADE 4 1 4.65354 4.644 4.522 0 proton 0.119 0.129 0.107 0.107
H3' ADE 28 2 4.57314 4.545 4.549 1 proton 0.119 0.129 0.107 0.107
H3' ADE 4 2 4.62741 4.636 4.522 1 proton 0.119 0.129 0.107 0.107
H3' ADE 22 1 4.66683 4.64 4.642 0 proton 0.119 0.129 0.107 0.107
H3' ADE 38 2 4.60193 4.522 4.708 1 proton 0.119 0.129 0.107 0.107
H3' ADE 38 1 4.52619 4.544 4.708 0 proton 0.119 0.129 0.107 0.107
H3' ADE 33 2 4.653 4.595 4.517 1 proton 0.119 0.129 0.107 0.107
H3' CYT 19 2 4.49542 4.74 4.392 1 proton 0.119 0.105 0.107 0.099
H3' CYT 21 1 4.35467 4.446 4.303 0 proton 0.119 0.105 0.107 0.099
H3' CYT 18 1 4.44279 4.501 4.457 0 proton 0.119 0.105 0.107 0.099
H3' CYT 19 1 4.47138 4.546 4.392 0 proton 0.119 0.105 0.107 0.099
H3' CYT 18 2 4.41997 4.639 4.457 1 proton 0.119 0.105 0.107 0.099
H3' CYT 21 2 4.2896 4.531 4.303 1 proton 0.119 0.105 0.107 0.099
H3' GUA 36 1 4.75475 4.619 4.457 0 proton 0.119 0.129 0.107 0.12
H3' GUA 24 1 4.46751 4.468 4.421 0 proton 0.119 0.129 0.107 0.12
H3' GUA 34 1 4.49403 4.47 4.294 0 proton 0.119 0.129 0.107 0.12
H3' GUA 36 2 4.69787 4.709 4.457 1 proton 0.119 0.129 0.107 0.12
H3' GUA 2 1 4.56321 4.607 4.608 0 proton 0.119 0.129 0.107 0.12
H3' GUA 35 1 4.44626 4.77 4.296 0 proton 0.119 0.129 0.107 0.12
H3' GUA 25 2 4.5146 4.571 4.499 1 proton 0.119 0.129 0.107 0.12
H3' GUA 3 1 4.55654 4.637 4.555 0 proton 0.119 0.129 0.107 0.12
H3' GUA 3 2 4.51112 4.722 4.555 1 proton 0.119 0.129 0.107 0.12
H3' GUA 29 2 4.48449 4.51 4.393 1 proton 0.119 0.129 0.107 0.12
H3' GUA 34 2 4.50292 4.656 4.294 1 proton 0.119 0.129 0.107 0.12
H3' GUA 2 2 4.55991 4.564 4.608 1 proton 0.119 0.129 0.107 0.12
H3' GUA 24 2 4.43513 4.477 4.421 1 proton 0.119 0.129 0.107 0.12
H3' GUA 29 1 4.49353 4.529 4.393 0 proton 0.119 0.129 0.107 0.12
H3' GUA 25 1 4.5464 4.565 4.499 0 proton 0.119 0.129 0.107 0.12
H3' GUA 35 2 4.50336 4.774 4.296 1 proton 0.119 0.129 0.107 0.12
H4' ADE 37 2 4.4746 4.403 4.519 1 proton 0.091 0.083 0.079 0.072
H4' ADE 28 1 4.48896 4.445 4.473 0 proton 0.091 0.083 0.079 0.072
H4' ADE 27 1 4.44281 4.454 4.489 0 proton 0.091 0.083 0.079 0.072
H4' ADE 33 1 4.47995 4.45 4.453 0 proton 0.091 0.083 0.079 0.072
H4' ADE 23 2 4.43267 4.458 4.574 1 proton 0.091 0.083 0.079 0.072
H4' ADE 27 2 4.43488 4.456 4.489 1 proton 0.091 0.083 0.079 0.072
H4' ADE 28 2 4.47572 4.447 4.473 1 proton 0.091 0.083 0.079 0.072
H4' ADE 4 2 4.4288 4.441 4.491 1 proton 0.091 0.083 0.079 0.072
H4' ADE 7 1 4.48558 4.45 4.487 0 proton 0.091 0.083 0.079 0.072
H4' ADE 5 1 4.46295 4.435 4.472 0 proton 0.091 0.083 0.079 0.072
H4' ADE 4 1 4.42737 4.442 4.491 0 proton 0.091 0.083 0.079 0.072
H4' ADE 22 2 4.39238 4.373 4.351 1 proton 0.091 0.083 0.079 0.072
H4' ADE 37 1 4.44996 4.403 4.519 0 proton 0.091 0.083 0.079 0.072
H4' ADE 23 1 4.43603 4.434 4.574 0 proton 0.091 0.083 0.079 0.072
H4' ADE 33 2 4.47159 4.457 4.453 1 proton 0.091 0.083 0.079 0.072
H4' ADE 5 2 4.4592 4.434 4.472 1 proton 0.091 0.083 0.079 0.072
H4' ADE 22 1 4.40454 4.35 4.351 0 proton 0.091 0.083 0.079 0.072
H4' ADE 7 2 4.48974 4.435 4.487 1 proton 0.091 0.083 0.079 0.072
H4' CYT 21 2 3.91054 4.196 3.857 1 proton 0.091 0.106 0.079 0.083
H4' CYT 18 1 4.36143 4.395 4.361 0 proton 0.091 0.106 0.079 0.083
H4' CYT 21 1 3.80867 4.33 3.857 0 proton 0.091 0.106 0.079 0.083
H4' CYT 18 2 4.35749 4.415 4.361 1 proton 0.091 0.106 0.079 0.083
H4' CYT 19 1 4.32195 4.422 4.373 0 proton 0.091 0.106 0.079 0.083
H4' CYT 19 2 4.32764 4.417 4.373 1 proton 0.091 0.106 0.079 0.083
H4' GUA 35 1 4.39378 4.308 4.199 0 proton 0.091 0.083 0.079 0.077
H4' GUA 2 2 4.46375 4.46 4.485 1 proton 0.091 0.083 0.079 0.077
H4' GUA 25 2 4.47318 4.443 4.492 1 proton 0.091 0.083 0.079 0.077
H4' GUA 36 1 4.40731 4.385 4.466 0 proton 0.091 0.083 0.079 0.077
H4' GUA 29 2 4.4849 4.449 4.436 1 proton 0.091 0.083 0.079 0.077
H4' GUA 2 1 4.48707 4.442 4.485 0 proton 0.091 0.083 0.079 0.077
H4' GUA 3 1 4.43953 4.45 4.488 0 proton 0.091 0.083 0.079 0.077
H4' GUA 3 2 4.41265 4.452 4.488 1 proton 0.091 0.083 0.079 0.077
H4' GUA 25 1 4.48748 4.429 4.492 0 proton 0.091 0.083 0.079 0.077
H4' GUA 35 2 4.26712 4.48 4.199 1 proton 0.091 0.083 0.079 0.077
H4' GUA 36 2 4.52493 4.418 4.466 1 proton 0.091 0.083 0.079 0.077
H4' GUA 12 1 4.48837 4.426 4.402 0 proton 0.091 0.083 0.079 0.077
H4' GUA 12 2 4.47384 4.445 4.402 1 proton 0.091 0.083 0.079 0.077
H4' GUA 24 2 4.46836 4.369 4.47 1 proton 0.091 0.083 0.079 0.077
H4' GUA 29 1 4.49581 4.438 4.436 0 proton 0.091 0.083 0.079 0.077
H4' GUA 24 1 4.46542 4.417 4.47 0 proton 0.091 0.083 0.079 0.077
H5 CYT 13 1 5.15422 5.483 5.17 0 proton 0.154 0.137 0.146 0.128
H5 CYT 14 1 5.51023 5.618 5.514 0 proton 0.154 0.137 0.146 0.128
H5 CYT 17 1 5.63182 5.779 5.601 0 proton 0.154 0.137 0.146 0.128
H5 CYT 44 1 5.53412 5.707 5.427 0 proton 0.154 0.137 0.146 0.128
H5 CYT 17 2 5.61428 5.727 5.601 1 proton 0.154 0.137 0.146 0.128
H5 CYT 18 2 5.43518 5.47 5.365 1 proton 0.154 0.137 0.146 0.128
H5 CYT 31 1 5.0652 5.495 5.17 0 proton 0.154 0.137 0.146 0.128
H5 CYT 13 2 5.27812 5.487 5.17 1 proton 0.154 0.137 0.146 0.128
H5 CYT 19 1 5.23849 5.539 5.207 0 proton 0.154 0.137 0.146 0.128
H5 CYT 18 1 5.44659 5.574 5.365 0 proton 0.154 0.137 0.146 0.128
H5 CYT 9 2 5.69982 5.794 5.937 1 proton 0.154 0.137 0.146 0.128
H5 CYT 9 1 5.79342 5.834 5.937 0 proton 0.154 0.137 0.146 0.128
H5 CYT 32 2 5.50705 5.756 5.494 1 proton 0.154 0.137 0.146 0.128
H5 CYT 31 2 5.27088 5.467 5.17 1 proton 0.154 0.137 0.146 0.128
H5 CYT 32 1 5.47816 5.586 5.494 0 proton 0.154 0.137 0.146 0.128
H5 CYT 14 2 5.54111 5.764 5.514 1 proton 0.154 0.137 0.146 0.128
H5 CYT 43 2 5.63768 5.78 5.614 1 proton 0.154 0.137 0.146 0.128
H5 CYT 21 1 5.34446 5.593 5.493 0 proton 0.154 0.137 0.146 0.128
H5 CYT 19 2 5.28829 5.465 5.207 1 proton 0.154 0.137 0.146 0.128
H5 CYT 44 2 5.52291 5.551 5.427 1 proton 0.154 0.137 0.146 0.128
H5 CYT 40 2 5.61743 5.683 5.655 1 proton 0.154 0.137 0.146 0.128
H5 CYT 21 2 5.8333 5.649 5.493 1 proton 0.154 0.137 0.146 0.128
H5 CYT 43 1 5.64728 5.777 5.614 0 proton 0.154 0.137 0.146 0.128
H5 CYT 40 1 5.61277 5.768 5.655 0 proton 0.154 0.137 0.146 0.128
H5' ADE 33 1 4.37588 4.308 4.116 0 proton 0.17 0.193 0.142 0.167
H5' ADE 37 1 4.40298 4.278 4.209 0 proton 0.17 0.193 0.142 0.167
H5' ADE 5 1 4.31747 4.343 4.088 0 proton 0.17 0.193 0.142 0.167
H5' ADE 23 1 4.20796 4.252 4.321 0 proton 0.17 0.193 0.142 0.167
H5' ADE 23 2 4.2354 4.277 4.321 1 proton 0.17 0.193 0.142 0.167
H5' ADE 5 2 4.29996 4.336 4.088 1 proton 0.17 0.193 0.142 0.167
H5' ADE 28 1 4.27788 4.303 4.096 0 proton 0.17 0.193 0.142 0.167
H5' ADE 4 1 4.39602 4.342 4.1 0 proton 0.17 0.193 0.142 0.167
H5' ADE 38 2 4.55078 4.282 4.234 1 proton 0.17 0.193 0.142 0.167
H5' ADE 38 1 4.33968 4.275 4.234 0 proton 0.17 0.193 0.142 0.167
H5' ADE 33 2 4.41255 4.377 4.116 1 proton 0.17 0.193 0.142 0.167
H5' ADE 4 2 4.41465 4.327 4.1 1 proton 0.17 0.193 0.142 0.167
H5' ADE 27 2 4.3989 4.322 4.096 1 proton 0.17 0.193 0.142 0.167
H5' ADE 28 2 4.24414 4.373 4.096 1 proton 0.17 0.193 0.142 0.167
H5' ADE 27 1 4.39156 4.368 4.096 0 proton 0.17 0.193 0.142 0.167
H5' ADE 37 2 4.41544 4.227 4.209 1 proton 0.17 0.193 0.142 0.167
H5' CYT 18 1 4.32751 4.373 4.552 0 proton 0.17 0.172 0.142 0.134
H5' CYT 18 2 4.27429 4.276 4.552 1 proton 0.17 0.172 0.142 0.134
H5' GUA 35 1 4.35947 4.214 3.933 0 proton 0.17 0.152 0.142 0.125
H5' GUA 35 2 4.25237 4.215 3.933 1 proton 0.17 0.152 0.142 0.125
H5' GUA 2 2 4.35676 4.314 4.474 1 proton 0.17 0.152 0.142 0.125
H5' GUA 34 1 4.21477 4.351 3.991 0 proton 0.17 0.152 0.142 0.125
H5' GUA 36 2 4.28842 4.1 4.09 1 proton 0.17 0.152 0.142 0.125
H5' GUA 34 2 4.0524 4.308 3.991 1 proton 0.17 0.152 0.142 0.125
H5' GUA 2 1 4.35953 4.311 4.474 0 proton 0.17 0.152 0.142 0.125
H5' GUA 36 1 4.32422 4.095 4.09 0 proton 0.17 0.152 0.142 0.125
H5'' ADE 7 1 4.30157 4.178 4.106 0 proton 0.127 0.122 0.1 0.093
H5'' ADE 22 1 4.19256 4.183 3.834 0 proton 0.127 0.122 0.1 0.093
H5'' ADE 22 2 4.15388 4.12 3.834 1 proton 0.127 0.122 0.1 0.093
H5'' ADE 7 2 4.28579 4.241 4.106 1 proton 0.127 0.122 0.1 0.093
H5'' CYT 18 1 4.09543 4.17 4.046 0 proton 0.127 0.133 0.1 0.107
H5'' CYT 18 2 4.10874 4.235 4.046 1 proton 0.127 0.133 0.1 0.107
H5'' CYT 21 2 3.36484 3.913 3.777 1 proton 0.127 0.133 0.1 0.107
H5'' CYT 21 1 3.90529 4.087 3.777 0 proton 0.127 0.133 0.1 0.107
H5'' GUA 29 2 4.26349 4.19 4.026 1 proton 0.127 0.136 0.1 0.106
H5'' GUA 36 2 4.23011 4.057 3.992 1 proton 0.127 0.136 0.1 0.106
H5'' GUA 36 1 4.22325 4.067 3.992 0 proton 0.127 0.136 0.1 0.106
H5'' GUA 2 2 4.21149 4.253 4.273 1 proton 0.127 0.136 0.1 0.106
H5'' GUA 2 1 4.27561 4.217 4.273 0 proton 0.127 0.136 0.1 0.106
H5'' GUA 12 1 4.2445 4.242 4.067 0 proton 0.127 0.136 0.1 0.106
H5'' GUA 25 2 4.25138 4.288 4.068 1 proton 0.127 0.136 0.1 0.106
H5'' GUA 12 2 4.24632 4.216 4.067 1 proton 0.127 0.136 0.1 0.106
H5'' GUA 25 1 4.26184 4.186 4.068 0 proton 0.127 0.136 0.1 0.106
H5'' GUA 29 1 4.27112 4.186 4.026 0 proton 0.127 0.136 0.1 0.106
H6 CYT 18 2 7.73208 7.7 7.754 1 proton 0.111 0.113 0.113 0.108
H6 CYT 13 1 7.63093 7.657 7.584 0 proton 0.111 0.113 0.113 0.108
H6 CYT 9 1 7.87377 7.878 7.913 0 proton 0.111 0.113 0.113 0.108
H6 CYT 21 1 7.39153 7.596 7.523 0 proton 0.111 0.113 0.113 0.108
H6 CYT 31 1 7.60886 7.616 7.574 0 proton 0.111 0.113 0.113 0.108
H6 CYT 44 1 7.74925 7.786 7.775 0 proton 0.111 0.113 0.113 0.108
H6 CYT 14 2 7.70983 7.818 7.733 1 proton 0.111 0.113 0.113 0.108
H6 CYT 43 2 7.85952 7.845 7.887 1 proton 0.111 0.113 0.113 0.108
H6 CYT 13 2 7.6449 7.629 7.584 1 proton 0.111 0.113 0.113 0.108
H6 CYT 19 2 7.68806 7.739 7.551 1 proton 0.111 0.113 0.113 0.108
H6 CYT 9 2 7.77182 7.773 7.913 1 proton 0.111 0.113 0.113 0.108
H6 CYT 40 1 7.80941 7.909 7.885 0 proton 0.111 0.113 0.113 0.108
H6 CYT 40 2 7.79501 7.915 7.885 1 proton 0.111 0.113 0.113 0.108
H6 CYT 31 2 7.65772 7.667 7.574 1 proton 0.111 0.113 0.113 0.108
H6 CYT 40 1 7.80941 7.909 7.885 0 proton 0.111 0.113 0.113 0.108
H6 CYT 18 1 7.7182 7.792 7.754 0 proton 0.111 0.113 0.113 0.108
H6 CYT 44 2 7.73838 7.709 7.775 1 proton 0.111 0.113 0.113 0.108
H6 CYT 19 1 7.61122 7.799 7.551 0 proton 0.111 0.113 0.113 0.108
H6 CYT 14 1 7.71703 7.836 7.733 0 proton 0.111 0.113 0.113 0.108
H6 CYT 40 2 7.79501 7.915 7.885 1 proton 0.111 0.113 0.113 0.108
H6 CYT 17 2 7.88135 7.841 7.89 1 proton 0.111 0.113 0.113 0.108
H6 CYT 21 2 7.51606 7.635 7.523 1 proton 0.111 0.113 0.113 0.108
H6 CYT 32 1 7.67653 7.811 7.685 0 proton 0.111 0.113 0.113 0.108
H6 CYT 17 1 7.87111 7.918 7.89 0 proton 0.111 0.113 0.113 0.108
H6 CYT 32 2 7.6383 7.9 7.685 1 proton 0.111 0.113 0.113 0.108
H6 CYT 43 1 7.87762 7.914 7.887 0 proton 0.111 0.113 0.113 0.108
H8 ADE 20 2 8.09897 7.911 8.051 1 proton 0.182 0.153 0.176 0.164
H8 ADE 20 1 8.08516 8.045 8.051 0 proton 0.182 0.153 0.176 0.164
H8 ADE 38 2 7.85342 7.961 8.275 1 proton 0.182 0.153 0.176 0.164
H8 ADE 28 1 7.6062 7.831 7.604 0 proton 0.182 0.153 0.176 0.164
H8 ADE 23 1 7.76969 8.061 8.371 0 proton 0.182 0.153 0.176 0.164
H8 ADE 33 2 8.00831 8.054 7.976 1 proton 0.182 0.153 0.176 0.164
H8 ADE 5 1 7.67849 7.806 7.594 0 proton 0.182 0.153 0.176 0.164
H8 ADE 27 2 7.67425 7.911 7.598 1 proton 0.182 0.153 0.176 0.164
H8 ADE 22 1 7.60865 8.062 8.109 0 proton 0.182 0.153 0.176 0.164
H8 ADE 7 1 7.7982 7.843 7.705 0 proton 0.182 0.153 0.176 0.164
H8 ADE 4 2 7.71067 7.894 7.607 1 proton 0.182 0.153 0.176 0.164
H8 ADE 28 2 7.66082 7.846 7.604 1 proton 0.182 0.153 0.176 0.164
H8 ADE 33 1 7.9179 7.859 7.976 0 proton 0.182 0.153 0.176 0.164
H8 ADE 22 2 8.17474 8.103 8.109 1 proton 0.182 0.153 0.176 0.164
H8 ADE 4 1 7.71563 7.872 7.607 0 proton 0.182 0.153 0.176 0.164
H8 ADE 7 2 7.77522 7.85 7.705 1 proton 0.182 0.153 0.176 0.164
H8 ADE 38 1 7.80849 7.848 8.275 0 proton 0.182 0.153 0.176 0.164
H8 ADE 23 2 7.83702 8.045 8.371 1 proton 0.182 0.153 0.176 0.164
H8 ADE 5 2 7.67887 7.842 7.594 1 proton 0.182 0.153 0.176 0.164
H8 ADE 27 1 7.73103 7.878 7.598 0 proton 0.182 0.153 0.176 0.164
H8 ADE 37 1 7.99641 8.09 8.153 0 proton 0.182 0.153 0.176 0.164
H8 ADE 37 2 8.14238 8.099 8.153 1 proton 0.182 0.153 0.176 0.164
H8 GUA 11 2 7.66266 7.658 7.699 1 proton 0.182 0.205 0.176 0.186
H8 GUA 34 2 7.3362 7.484 6.993 1 proton 0.182 0.205 0.176 0.186
H8 GUA 30 2 7.37587 7.367 7.204 1 proton 0.182 0.205 0.176 0.186
H8 GUA 12 1 7.3435 7.461 7.285 0 proton 0.182 0.205 0.176 0.186
H8 GUA 30 1 7.36713 7.377 7.204 0 proton 0.182 0.205 0.176 0.186
H8 GUA 25 2 7.34178 7.346 7.244 1 proton 0.182 0.205 0.176 0.186
H8 GUA 35 2 7.3238 7.585 7.213 1 proton 0.182 0.205 0.176 0.186
H8 GUA 25 1 7.37936 7.381 7.244 0 proton 0.182 0.205 0.176 0.186
H8 GUA 2 2 6.90577 7.438 7.54 1 proton 0.182 0.205 0.176 0.186
H8 GUA 6 2 7.25842 7.342 7.011 1 proton 0.182 0.205 0.176 0.186
H8 GUA 24 1 7.41258 7.701 7.744 0 proton 0.182 0.205 0.176 0.186
H8 GUA 2 1 7.35693 7.572 7.54 0 proton 0.182 0.205 0.176 0.186
H8 GUA 6 1 7.26453 7.332 7.011 0 proton 0.182 0.205 0.176 0.186
H8 GUA 29 2 7.25889 7.378 7.046 1 proton 0.182 0.205 0.176 0.186
H8 GUA 36 2 7.94538 7.927 7.626 1 proton 0.182 0.205 0.176 0.186
H8 GUA 36 1 7.7965 7.61 7.626 0 proton 0.182 0.205 0.176 0.186
H8 GUA 26 2 7.27858 7.444 7.108 1 proton 0.182 0.205 0.176 0.186
H8 GUA 12 2 7.37073 7.42 7.285 1 proton 0.182 0.205 0.176 0.186
H8 GUA 34 1 7.34933 7.371 6.993 0 proton 0.182 0.205 0.176 0.186
H8 GUA 26 1 7.3301 7.369 7.108 0 proton 0.182 0.205 0.176 0.186
H8 GUA 35 1 7.24158 7.537 7.213 0 proton 0.182 0.205 0.176 0.186
H8 GUA 3 2 7.36069 7.414 7.165 1 proton 0.182 0.205 0.176 0.186
H8 GUA 11 1 7.64879 7.723 7.699 0 proton 0.182 0.205 0.176 0.186
H8 GUA 24 2 7.65319 7.365 7.744 1 proton 0.182 0.205 0.176 0.186
H8 GUA 29 1 7.31194 7.372 7.046 0 proton 0.182 0.205 0.176 0.186
H8 GUA 3 1 7.31129 7.41 7.165 0 proton 0.182 0.205 0.176 0.186
