nucleus resname resid model larmord_predCS ramsey_predCS expCS reference_flag type weight_larmord_1 weight_larmord_2 weight_ramsey_1 weight_ramsey_2
C1' ADE 31 2 91.1676 90.817 87.84 1 carbon 0.856 0.869 0.683 0.683
C1' ADE 31 1 90.8537 90.299 87.84 0 carbon 0.856 0.869 0.683 0.683
C1' ADE 34 1 91.101 90.892 89.578 0 carbon 0.856 0.869 0.683 0.683
C1' ADE 39 1 92.7162 92.301 92.765 0 carbon 0.856 0.869 0.683 0.683
C1' ADE 39 2 92.5645 92.533 92.765 1 carbon 0.856 0.869 0.683 0.683
C1' ADE 34 2 92.8548 92.613 89.578 1 carbon 0.856 0.869 0.683 0.683
C1' CYT 30 2 92.2152 90.123 86.855 1 carbon 0.856 0.805 0.683 0.561
C1' CYT 40 2 93.6923 93.982 93.818 1 carbon 0.856 0.805 0.683 0.561
C1' CYT 35 2 94.0675 93.772 93.675 1 carbon 0.856 0.805 0.683 0.561
C1' CYT 30 1 91.7601 90.365 86.855 0 carbon 0.856 0.805 0.683 0.561
C1' CYT 37 1 94.0545 93.772 92.932 0 carbon 0.856 0.805 0.683 0.561
C1' CYT 40 1 93.3252 93.849 93.818 0 carbon 0.856 0.805 0.683 0.561
C1' CYT 35 1 93.5861 92.937 93.675 0 carbon 0.856 0.805 0.683 0.561
C1' CYT 37 2 94.2193 93.737 92.932 1 carbon 0.856 0.805 0.683 0.561
C1' GUA 28 2 91.1106 91.031 91.925 1 carbon 0.856 0.862 0.683 0.797
C1' GUA 23 2 92.9567 92.612 92.582 1 carbon 0.856 0.862 0.683 0.797
C1' GUA 33 1 90.8481 91.188 91.489 0 carbon 0.856 0.862 0.683 0.797
C1' GUA 29 1 90.8654 90.366 87.796 0 carbon 0.856 0.862 0.683 0.797
C1' GUA 20 2 92.973 92.505 93.136 1 carbon 0.856 0.862 0.683 0.797
C1' GUA 33 2 92.1394 92.283 91.489 1 carbon 0.856 0.862 0.683 0.797
C1' GUA 20 1 93.246 92.306 93.136 0 carbon 0.856 0.862 0.683 0.797
C1' GUA 29 2 90.2573 90.498 87.796 1 carbon 0.856 0.862 0.683 0.797
C1' GUA 28 1 91.3371 92.075 91.925 0 carbon 0.856 0.862 0.683 0.797
C1' GUA 23 1 93.0861 92.713 92.582 0 carbon 0.856 0.862 0.683 0.797
C2 ADE 31 1 154.532 154.452 156.708 0 carbon 0.733 0.733 0.633 0.484
C2 ADE 22 2 152.48 153.268 152.657 1 carbon 0.733 0.733 0.633 0.484
C2 ADE 22 1 152.541 153.352 152.657 0 carbon 0.733 0.733 0.633 0.484
C2 ADE 39 1 153.651 153.371 153.436 0 carbon 0.733 0.733 0.633 0.484
C2 ADE 34 2 154.308 153.945 155.224 1 carbon 0.733 0.733 0.633 0.484
C2 ADE 31 2 155.312 154.378 156.708 1 carbon 0.733 0.733 0.633 0.484
C2 ADE 34 1 154.428 154.547 155.224 0 carbon 0.733 0.733 0.633 0.484
C2 ADE 39 2 153.837 153.193 153.436 1 carbon 0.733 0.733 0.633 0.484
C2' ADE 39 1 75.7244 75.335 75.556 0 carbon 0.532 0.489 0.489 0.462
C2' ADE 31 1 76.2573 75.811 73.171 0 carbon 0.532 0.489 0.489 0.462
C2' ADE 34 2 75.7266 75.525 75.332 1 carbon 0.532 0.489 0.489 0.462
C2' ADE 39 2 75.6566 75.554 75.556 1 carbon 0.532 0.489 0.489 0.462
C2' ADE 31 2 76.678 75.802 73.171 1 carbon 0.532 0.489 0.489 0.462
C2' ADE 34 1 75.7428 75.985 75.332 0 carbon 0.532 0.489 0.489 0.462
C2' CYT 40 2 75.7066 75.588 75.74 1 carbon 0.532 0.532 0.489 0.452
C2' CYT 30 1 75.8359 75.756 74.481 0 carbon 0.532 0.532 0.489 0.452
C2' CYT 30 2 76.5579 75.802 74.481 1 carbon 0.532 0.532 0.489 0.452
C2' CYT 40 1 75.5101 75.3 75.74 0 carbon 0.532 0.532 0.489 0.452
C2' GUA 20 1 74.5066 75.451 75.352 0 carbon 0.532 0.582 0.489 0.604
C2' GUA 29 2 75.7497 76.006 73.933 1 carbon 0.532 0.582 0.489 0.604
C2' GUA 29 1 76.0731 76.087 73.933 0 carbon 0.532 0.582 0.489 0.604
C2' GUA 28 1 76.3261 75.913 75.239 0 carbon 0.532 0.582 0.489 0.604
C2' GUA 28 2 75.5976 76.146 75.239 1 carbon 0.532 0.582 0.489 0.604
C2' GUA 33 1 75.6686 76.083 73.238 0 carbon 0.532 0.582 0.489 0.604
C2' GUA 23 1 74.8539 75.438 75.538 0 carbon 0.532 0.582 0.489 0.604
C2' GUA 23 2 74.944 75.331 75.538 1 carbon 0.532 0.582 0.489 0.604
C2' GUA 20 2 74.7383 75.395 75.352 1 carbon 0.532 0.582 0.489 0.604
C2' GUA 33 2 75.5425 75.697 73.238 1 carbon 0.532 0.582 0.489 0.604
C3' ADE 31 1 76.0802 75.708 79.519 0 carbon 1.091 1.11 0.933 0.936
C3' ADE 31 2 74.5825 75.864 79.519 1 carbon 1.091 1.11 0.933 0.936
C3' ADE 34 2 72.7353 73.454 75.224 1 carbon 1.091 1.11 0.933 0.936
C3' ADE 34 1 74.0031 75.689 75.224 0 carbon 1.091 1.11 0.933 0.936
C3' CYT 40 1 72.4877 73.272 72.163 0 carbon 1.091 0.963 0.933 0.912
C3' CYT 30 2 74.181 76.287 74.219 1 carbon 1.091 0.963 0.933 0.912
C3' CYT 30 1 73.9018 75.471 74.219 0 carbon 1.091 0.963 0.933 0.912
C3' CYT 40 2 71.9924 72.747 72.163 1 carbon 1.091 0.963 0.933 0.912
C3' GUA 23 1 73.1436 74.129 73.25 0 carbon 1.091 1.038 0.933 0.936
C3' GUA 29 1 75.5145 76.334 79.696 0 carbon 1.091 1.038 0.933 0.936
C3' GUA 29 2 74.7376 75.749 79.696 1 carbon 1.091 1.038 0.933 0.936
C3' GUA 28 1 75.6046 75.086 76.774 0 carbon 1.091 1.038 0.933 0.936
C3' GUA 33 2 73.9138 73.923 78.454 1 carbon 1.091 1.038 0.933 0.936
C3' GUA 28 2 75.0679 75.41 76.774 1 carbon 1.091 1.038 0.933 0.936
C3' GUA 23 2 73.4651 74.342 73.25 1 carbon 1.091 1.038 0.933 0.936
C3' GUA 33 1 76.3464 75.612 78.454 0 carbon 1.091 1.038 0.933 0.936
C4' ADE 31 1 84.6044 84.173 87.69 0 carbon 0.808 0.838 0.593 0.636
C4' ADE 34 2 82.1253 82.766 83.414 1 carbon 0.808 0.838 0.593 0.636
C4' ADE 31 2 83.2645 84.615 87.69 1 carbon 0.808 0.838 0.593 0.636
C4' ADE 34 1 83.5519 84.308 83.414 0 carbon 0.808 0.838 0.593 0.636
C4' CYT 30 2 82.4705 84.347 87.662 1 carbon 0.808 0.749 0.593 0.397
C4' CYT 30 1 83.1207 84.319 87.662 0 carbon 0.808 0.749 0.593 0.397
C4' CYT 40 1 82.1208 82.333 82.079 0 carbon 0.808 0.749 0.593 0.397
C4' CYT 40 2 82.1902 82.1 82.079 1 carbon 0.808 0.749 0.593 0.397
C4' GUA 23 2 82.4018 82.828 82.313 1 carbon 0.808 0.704 0.593 0.653
C4' GUA 23 1 82.1473 83.141 82.313 0 carbon 0.808 0.704 0.593 0.653
C4' GUA 29 2 84.6839 84.338 85.83 1 carbon 0.808 0.704 0.593 0.653
C4' GUA 20 2 82.9078 82.188 82.67 1 carbon 0.808 0.704 0.593 0.653
C4' GUA 29 1 83.715 84.672 85.83 0 carbon 0.808 0.704 0.593 0.653
C4' GUA 33 1 84.9399 84.31 86.409 0 carbon 0.808 0.704 0.593 0.653
C4' GUA 20 1 83.1808 80.568 82.67 0 carbon 0.808 0.704 0.593 0.653
C4' GUA 28 2 83.1704 84.381 85.186 1 carbon 0.808 0.704 0.593 0.653
C4' GUA 28 1 82.9288 83.886 85.186 0 carbon 0.808 0.704 0.593 0.653
C4' GUA 33 2 82.7688 83.118 86.409 1 carbon 0.808 0.704 0.593 0.653
C5 CYT 35 1 100.665 98.926 97.829 0 carbon 0.859 0.837 0.693 0.452
C5 CYT 40 1 96.5448 98.101 97.112 0 carbon 0.859 0.837 0.693 0.452
C5 CYT 30 2 101.603 99.793 100.424 1 carbon 0.859 0.837 0.693 0.452
C5 CYT 30 1 102.578 99.092 100.424 0 carbon 0.859 0.837 0.693 0.452
C5 CYT 35 2 98.5851 98.581 97.829 1 carbon 0.859 0.837 0.693 0.452
C5 CYT 37 2 98.0449 98.426 98.731 1 carbon 0.859 0.837 0.693 0.452
C5 CYT 40 2 96.6697 98.121 97.112 1 carbon 0.859 0.837 0.693 0.452
C5 CYT 37 1 97.1265 98.537 98.731 0 carbon 0.859 0.837 0.693 0.452
C5' ADE 39 1 66.1832 66.44 65.012 0 carbon 0.847 0.847 0.798 0.818
C5' ADE 34 1 67.2563 66.722 68.033 0 carbon 0.847 0.847 0.798 0.818
C5' ADE 39 2 66.3032 66.38 65.012 1 carbon 0.847 0.847 0.798 0.818
C5' ADE 31 1 67.07 66.884 67.301 0 carbon 0.847 0.847 0.798 0.818
C5' ADE 34 2 65.7703 66.137 68.033 1 carbon 0.847 0.847 0.798 0.818
C5' ADE 31 2 67.0719 67.171 67.301 1 carbon 0.847 0.847 0.798 0.818
C5' CYT 30 2 66.0999 67.036 68.924 1 carbon 0.847 0.595 0.798 0.69
C5' CYT 30 1 66.3493 66.706 68.924 0 carbon 0.847 0.595 0.798 0.69
C5' GUA 33 1 67.1306 66.73 68.099 0 carbon 0.847 0.945 0.798 0.782
C5' GUA 29 1 66.122 67.466 68.233 0 carbon 0.847 0.945 0.798 0.782
C5' GUA 33 2 66.021 66.925 68.099 1 carbon 0.847 0.945 0.798 0.782
C5' GUA 20 2 65.9602 65.822 66.405 1 carbon 0.847 0.945 0.798 0.782
C5' GUA 28 1 66.5504 67.538 68.181 0 carbon 0.847 0.945 0.798 0.782
C5' GUA 23 2 66.5001 67.531 65.923 1 carbon 0.847 0.945 0.798 0.782
C5' GUA 20 1 65.75 65.959 66.405 0 carbon 0.847 0.945 0.798 0.782
C5' GUA 28 2 66.0829 66.571 68.181 1 carbon 0.847 0.945 0.798 0.782
C5' GUA 23 1 66.447 67.081 65.923 0 carbon 0.847 0.945 0.798 0.782
C5' GUA 29 2 67.8082 67.036 68.233 1 carbon 0.847 0.945 0.798 0.782
C6 CYT 30 2 143.362 143.112 142.854 1 carbon 0.734 0.671 0.687 0.54
C6 CYT 35 1 143.338 142.226 141.586 0 carbon 0.734 0.671 0.687 0.54
C6 CYT 30 1 142.948 142.678 142.854 0 carbon 0.734 0.671 0.687 0.54
C6 CYT 40 1 140.229 140.625 140.972 0 carbon 0.734 0.671 0.687 0.54
C6 CYT 37 1 141.581 141.956 142.012 0 carbon 0.734 0.671 0.687 0.54
C6 CYT 37 2 142.068 141.979 142.012 1 carbon 0.734 0.671 0.687 0.54
C6 CYT 35 2 140.983 140.922 141.586 1 carbon 0.734 0.671 0.687 0.54
C6 CYT 40 2 140.699 140.807 140.972 1 carbon 0.734 0.671 0.687 0.54
C8 ADE 31 2 141.054 141.013 141.408 1 carbon 0.915 0.776 0.786 0.668
C8 ADE 34 1 143.559 140.899 142.549 0 carbon 0.915 0.776 0.786 0.668
C8 ADE 34 2 139.253 140.231 142.549 1 carbon 0.915 0.776 0.786 0.668
C8 ADE 22 1 138.634 140.017 139.489 0 carbon 0.915 0.776 0.786 0.668
C8 ADE 39 2 139.178 139.453 139.774 1 carbon 0.915 0.776 0.786 0.668
C8 ADE 31 1 142.455 140.659 141.408 0 carbon 0.915 0.776 0.786 0.668
C8 ADE 39 1 138.736 139.78 139.774 0 carbon 0.915 0.776 0.786 0.668
C8 ADE 22 2 139.74 139.407 139.489 1 carbon 0.915 0.776 0.786 0.668
C8 GUA 29 1 141.137 139.663 138.517 0 carbon 0.915 1.022 0.786 0.888
C8 GUA 20 1 136.735 136.753 136.915 0 carbon 0.915 1.022 0.786 0.888
C8 GUA 23 2 136.963 138.245 136.054 1 carbon 0.915 1.022 0.786 0.888
C8 GUA 28 2 139.101 138.681 141.623 1 carbon 0.915 1.022 0.786 0.888
C8 GUA 28 1 139.192 139.375 141.623 0 carbon 0.915 1.022 0.786 0.888
C8 GUA 33 2 137.122 138.229 142.616 1 carbon 0.915 1.022 0.786 0.888
C8 GUA 20 2 137.305 137.204 136.915 1 carbon 0.915 1.022 0.786 0.888
C8 GUA 33 1 140.807 139.996 142.616 0 carbon 0.915 1.022 0.786 0.888
C8 GUA 23 1 136.491 137.656 136.054 0 carbon 0.915 1.022 0.786 0.888
C8 GUA 29 2 139.926 139.525 138.517 1 carbon 0.915 1.022 0.786 0.888
H1' ADE 31 1 5.73256 5.657 6.125 0 proton 0.177 0.169 0.165 0.166
H1' ADE 22 1 5.94855 5.645 6.011 0 proton 0.177 0.169 0.165 0.166
H1' ADE 22 2 5.96088 5.723 6.011 1 proton 0.177 0.169 0.165 0.166
H1' ADE 31 2 5.70417 5.379 6.125 1 proton 0.177 0.169 0.165 0.166
H1' ADE 39 1 5.9148 5.591 6.063 0 proton 0.177 0.169 0.165 0.166
H1' ADE 39 2 5.9222 5.584 6.063 1 proton 0.177 0.169 0.165 0.166
H1' ADE 34 1 5.82728 5.59 6.231 0 proton 0.177 0.169 0.165 0.166
H1' ADE 34 2 6.00201 5.567 6.231 1 proton 0.177 0.169 0.165 0.166
H1' CYT 35 1 5.49966 5.506 5.262 0 proton 0.177 0.185 0.165 0.16
H1' CYT 35 2 5.46746 5.511 5.262 1 proton 0.177 0.185 0.165 0.16
H1' CYT 37 1 5.62704 5.345 5.62 0 proton 0.177 0.185 0.165 0.16
H1' CYT 30 1 5.78274 5.583 6.069 0 proton 0.177 0.185 0.165 0.16
H1' CYT 40 1 5.45439 5.332 5.409 0 proton 0.177 0.185 0.165 0.16
H1' CYT 37 2 5.61876 5.359 5.62 1 proton 0.177 0.185 0.165 0.16
H1' CYT 30 2 5.65752 5.591 6.069 1 proton 0.177 0.185 0.165 0.16
H1' CYT 40 2 5.42929 5.448 5.409 1 proton 0.177 0.185 0.165 0.16
H1' GUA 23 2 5.51513 5.557 5.572 1 proton 0.177 0.19 0.165 0.189
H1' GUA 33 2 5.17631 5.105 5.844 1 proton 0.177 0.19 0.165 0.189
H1' GUA 29 1 5.85996 5.632 5.851 0 proton 0.177 0.19 0.165 0.189
H1' GUA 33 1 5.86134 5.747 5.844 0 proton 0.177 0.19 0.165 0.189
H1' GUA 23 1 5.50452 5.562 5.572 0 proton 0.177 0.19 0.165 0.189
H1' GUA 20 2 5.64756 5.668 5.95 1 proton 0.177 0.19 0.165 0.189
H1' GUA 29 2 5.78928 5.602 5.851 1 proton 0.177 0.19 0.165 0.189
H1' GUA 20 1 5.60921 5.589 5.95 0 proton 0.177 0.19 0.165 0.189
H1' GUA 28 1 5.8447 5.477 5.702 0 proton 0.177 0.19 0.165 0.189
H1' GUA 28 2 5.93143 5.655 5.702 1 proton 0.177 0.19 0.165 0.189
H2 ADE 31 2 7.86035 7.892 8.628 1 proton 0.237 0.237 0.185 0.185
H2 ADE 22 1 6.91996 7.024 6.869 0 proton 0.237 0.237 0.185 0.185
H2 ADE 39 2 7.1839 7.312 7.188 1 proton 0.237 0.237 0.185 0.185
H2 ADE 34 2 7.92766 7.667 8.082 1 proton 0.237 0.237 0.185 0.185
H2 ADE 31 1 8.0358 7.939 8.628 0 proton 0.237 0.237 0.185 0.185
H2 ADE 39 1 7.05382 7.246 7.188 0 proton 0.237 0.237 0.185 0.185
H2 ADE 22 2 6.96672 7.222 6.869 1 proton 0.237 0.237 0.185 0.185
H2 ADE 34 1 8.07314 7.97 8.082 0 proton 0.237 0.237 0.185 0.185
H2' ADE 31 1 4.2734 4.557 5.379 0 proton 0.137 0.133 0.13 0.14
H2' ADE 34 2 4.27815 4.524 4.874 1 proton 0.137 0.133 0.13 0.14
H2' ADE 39 2 4.27575 4.568 4.489 1 proton 0.137 0.133 0.13 0.14
H2' ADE 34 1 4.37174 4.591 4.874 0 proton 0.137 0.133 0.13 0.14
H2' ADE 31 2 4.4711 4.572 5.379 1 proton 0.137 0.133 0.13 0.14
H2' ADE 39 1 4.27271 4.538 4.489 0 proton 0.137 0.133 0.13 0.14
H2' CYT 40 2 4.17168 4.377 4.026 1 proton 0.137 0.13 0.13 0.121
H2' CYT 30 2 4.35822 4.369 3.398 1 proton 0.137 0.13 0.13 0.121
H2' CYT 40 1 4.29716 4.426 4.026 0 proton 0.137 0.13 0.13 0.121
H2' CYT 30 1 4.18873 4.321 3.398 0 proton 0.137 0.13 0.13 0.121
H2' GUA 33 2 4.22534 4.515 5.752 1 proton 0.137 0.137 0.13 0.119
H2' GUA 20 1 4.20731 4.582 4.524 0 proton 0.137 0.137 0.13 0.119
H2' GUA 29 2 4.29281 4.538 5.243 1 proton 0.137 0.137 0.13 0.119
H2' GUA 23 2 4.27736 4.51 4.311 1 proton 0.137 0.137 0.13 0.119
H2' GUA 23 1 4.29973 4.479 4.311 0 proton 0.137 0.137 0.13 0.119
H2' GUA 20 2 4.20155 4.617 4.524 1 proton 0.137 0.137 0.13 0.119
H2' GUA 28 2 4.34185 4.541 4.531 1 proton 0.137 0.137 0.13 0.119
H2' GUA 28 1 4.34845 4.565 4.531 0 proton 0.137 0.137 0.13 0.119
H2' GUA 29 1 4.21821 4.615 5.243 0 proton 0.137 0.137 0.13 0.119
H2' GUA 33 1 4.34414 4.619 5.752 0 proton 0.137 0.137 0.13 0.119
H3' ADE 34 1 4.71118 4.685 4.775 0 proton 0.119 0.129 0.107 0.107
H3' ADE 34 2 4.59931 4.469 4.775 1 proton 0.119 0.129 0.107 0.107
H3' ADE 31 2 4.66529 4.632 4.809 1 proton 0.119 0.129 0.107 0.107
H3' ADE 31 1 4.63073 4.648 4.809 0 proton 0.119 0.129 0.107 0.107
H3' CYT 30 2 4.5891 4.524 3.212 1 proton 0.119 0.105 0.107 0.099
H3' CYT 40 1 4.41628 4.535 4.428 0 proton 0.119 0.105 0.107 0.099
H3' CYT 40 2 4.37443 4.416 4.428 1 proton 0.119 0.105 0.107 0.099
H3' CYT 30 1 4.48777 4.616 3.212 0 proton 0.119 0.105 0.107 0.099
H3' GUA 33 2 4.5529 4.571 5.033 1 proton 0.119 0.129 0.107 0.12
H3' GUA 29 2 4.62662 4.583 4.895 1 proton 0.119 0.129 0.107 0.12
H3' GUA 23 1 4.48288 4.402 4.329 0 proton 0.119 0.129 0.107 0.12
H3' GUA 33 1 4.8243 4.665 5.033 0 proton 0.119 0.129 0.107 0.12
H3' GUA 23 2 4.44428 4.451 4.329 1 proton 0.119 0.129 0.107 0.12
H3' GUA 28 1 4.6302 4.79 5.029 0 proton 0.119 0.129 0.107 0.12
H3' GUA 29 1 4.64876 4.668 4.895 0 proton 0.119 0.129 0.107 0.12
H3' GUA 28 2 4.68803 4.638 5.029 1 proton 0.119 0.129 0.107 0.12
H4' ADE 31 1 4.49955 4.414 4.414 0 proton 0.091 0.083 0.079 0.072
H4' ADE 34 2 4.50967 4.397 4.716 1 proton 0.091 0.083 0.079 0.072
H4' ADE 34 1 4.52632 4.399 4.716 0 proton 0.091 0.083 0.079 0.072
H4' ADE 31 2 4.48601 4.425 4.414 1 proton 0.091 0.083 0.079 0.072
H4' CYT 30 2 4.05481 4.378 4.411 1 proton 0.091 0.106 0.079 0.083
H4' CYT 40 1 4.36323 4.409 4.343 0 proton 0.091 0.106 0.079 0.083
H4' CYT 40 2 4.33885 4.418 4.343 1 proton 0.091 0.106 0.079 0.083
H4' CYT 30 1 4.22168 4.395 4.411 0 proton 0.091 0.106 0.079 0.083
H4' GUA 33 1 4.2049 4.4 4.74 0 proton 0.091 0.083 0.079 0.077
H4' GUA 33 2 4.48334 4.41 4.74 1 proton 0.091 0.083 0.079 0.077
H4' GUA 20 1 4.57905 4.441 4.55 0 proton 0.091 0.083 0.079 0.077
H4' GUA 29 2 4.3954 4.376 4.424 1 proton 0.091 0.083 0.079 0.077
H4' GUA 23 2 4.47653 4.406 4.447 1 proton 0.091 0.083 0.079 0.077
H4' GUA 29 1 4.57302 4.469 4.424 0 proton 0.091 0.083 0.079 0.077
H4' GUA 23 1 4.5183 4.398 4.447 0 proton 0.091 0.083 0.079 0.077
H4' GUA 28 1 4.57129 4.324 4.409 0 proton 0.091 0.083 0.079 0.077
H4' GUA 28 2 4.74988 4.355 4.409 1 proton 0.091 0.083 0.079 0.077
H4' GUA 20 2 4.4815 4.46 4.55 1 proton 0.091 0.083 0.079 0.077
H5 CYT 40 1 5.16115 5.441 5.242 0 proton 0.154 0.137 0.146 0.128
H5 CYT 35 2 5.38513 5.487 5.636 1 proton 0.154 0.137 0.146 0.128
H5 CYT 37 2 5.70599 5.823 5.962 1 proton 0.154 0.137 0.146 0.128
H5 CYT 37 1 5.66654 5.767 5.962 0 proton 0.154 0.137 0.146 0.128
H5 CYT 40 2 5.1479 5.464 5.242 1 proton 0.154 0.137 0.146 0.128
H5 CYT 35 1 5.72292 5.717 5.636 0 proton 0.154 0.137 0.146 0.128
H5 CYT 30 1 5.8912 5.752 5.808 0 proton 0.154 0.137 0.146 0.128
H5 CYT 30 2 7.17294 5.887 5.808 1 proton 0.154 0.137 0.146 0.128
H5' ADE 34 1 4.24672 4.115 4.526 0 proton 0.17 0.193 0.142 0.167
H5' ADE 39 1 4.83993 4.304 4.603 0 proton 0.17 0.193 0.142 0.167
H5' ADE 34 2 4.61698 4.254 4.526 1 proton 0.17 0.193 0.142 0.167
H5' ADE 39 2 4.77646 4.266 4.603 1 proton 0.17 0.193 0.142 0.167
H5' ADE 31 1 4.39032 4.221 3.973 0 proton 0.17 0.193 0.142 0.167
H5' ADE 31 2 5.1678 4.077 3.973 1 proton 0.17 0.193 0.142 0.167
H5' CYT 30 2 4.41041 4.137 4.259 1 proton 0.17 0.172 0.142 0.134
H5' CYT 30 1 3.05868 4.146 4.259 0 proton 0.17 0.172 0.142 0.134
H5' GUA 23 2 4.50378 4.23 4.051 1 proton 0.17 0.152 0.142 0.125
H5' GUA 29 2 5.44913 4.151 3.822 1 proton 0.17 0.152 0.142 0.125
H5' GUA 29 1 4.36778 4.164 3.822 0 proton 0.17 0.152 0.142 0.125
H5' GUA 20 1 4.37611 4.283 4.26 0 proton 0.17 0.152 0.142 0.125
H5' GUA 28 1 4.34075 4.181 4.244 0 proton 0.17 0.152 0.142 0.125
H5' GUA 33 2 4.34311 4.27 4.369 1 proton 0.17 0.152 0.142 0.125
H5' GUA 23 1 4.6211 4.218 4.051 0 proton 0.17 0.152 0.142 0.125
H5' GUA 20 2 4.39026 4.33 4.26 1 proton 0.17 0.152 0.142 0.125
H5' GUA 33 1 3.93531 4.198 4.369 0 proton 0.17 0.152 0.142 0.125
H5' GUA 28 2 4.28382 4.201 4.244 1 proton 0.17 0.152 0.142 0.125
H5'' ADE 39 2 4.32471 4.322 4.2 1 proton 0.127 0.122 0.1 0.093
H5'' ADE 39 1 4.34916 4.289 4.2 0 proton 0.127 0.122 0.1 0.093
H5'' ADE 34 1 4.20033 4.182 4.447 0 proton 0.127 0.122 0.1 0.093
H5'' ADE 34 2 4.30447 4.244 4.447 1 proton 0.127 0.122 0.1 0.093
H5'' ADE 31 1 4.21207 4.171 4.275 0 proton 0.127 0.122 0.1 0.093
H5'' ADE 31 2 4.31987 4.194 4.275 1 proton 0.127 0.122 0.1 0.093
H5'' CYT 30 2 4.52812 4.102 3.594 1 proton 0.127 0.133 0.1 0.107
H5'' CYT 30 1 4.40369 4.146 3.594 0 proton 0.127 0.133 0.1 0.107
H5'' GUA 23 2 4.57944 4.247 4.457 1 proton 0.127 0.136 0.1 0.106
H5'' GUA 33 2 4.62434 4.299 4.491 1 proton 0.127 0.136 0.1 0.106
H5'' GUA 29 2 4.30737 4.137 4.13 1 proton 0.127 0.136 0.1 0.106
H5'' GUA 29 1 4.40277 4.226 4.13 0 proton 0.127 0.136 0.1 0.106
H5'' GUA 23 1 4.7349 4.201 4.457 0 proton 0.127 0.136 0.1 0.106
H5'' GUA 33 1 4.04778 3.957 4.491 0 proton 0.127 0.136 0.1 0.106
H6 CYT 35 2 7.34982 7.609 7.855 1 proton 0.111 0.113 0.113 0.108
H6 CYT 37 1 7.80406 7.898 8.089 0 proton 0.111 0.113 0.113 0.108
H6 CYT 40 2 7.36467 7.577 7.556 1 proton 0.111 0.113 0.113 0.108
H6 CYT 30 1 7.53342 7.677 7.788 0 proton 0.111 0.113 0.113 0.108
H6 CYT 35 1 7.79346 7.746 7.855 0 proton 0.111 0.113 0.113 0.108
H6 CYT 37 2 7.7912 7.898 8.089 1 proton 0.111 0.113 0.113 0.108
H6 CYT 40 1 7.37914 7.501 7.556 0 proton 0.111 0.113 0.113 0.108
H6 CYT 30 2 7.50989 7.834 7.788 1 proton 0.111 0.113 0.113 0.108
H8 ADE 31 2 7.92824 8.12 8.72 1 proton 0.182 0.153 0.176 0.164
H8 ADE 39 2 8.1353 7.994 8.225 1 proton 0.182 0.153 0.176 0.164
H8 ADE 34 2 7.62138 7.915 8.485 1 proton 0.182 0.153 0.176 0.164
H8 ADE 39 1 8.11154 8.037 8.225 0 proton 0.182 0.153 0.176 0.164
H8 ADE 22 1 7.86795 8.075 8.113 0 proton 0.182 0.153 0.176 0.164
H8 ADE 31 1 8.43055 8.103 8.72 0 proton 0.182 0.153 0.176 0.164
H8 ADE 34 1 8.3258 8.15 8.485 0 proton 0.182 0.153 0.176 0.164
H8 ADE 22 2 7.9589 7.976 8.113 1 proton 0.182 0.153 0.176 0.164
H8 GUA 33 1 7.85857 7.879 7.641 0 proton 0.182 0.205 0.176 0.186
H8 GUA 28 2 7.92365 7.814 7.827 1 proton 0.182 0.205 0.176 0.186
H8 GUA 28 1 7.62546 7.927 7.827 0 proton 0.182 0.205 0.176 0.186
H8 GUA 33 2 7.25849 7.759 7.641 1 proton 0.182 0.205 0.176 0.186
H8 GUA 23 2 7.41007 7.661 7.186 1 proton 0.182 0.205 0.176 0.186
H8 GUA 29 1 8.09339 7.909 8.277 0 proton 0.182 0.205 0.176 0.186
H8 GUA 23 1 7.33028 7.666 7.186 0 proton 0.182 0.205 0.176 0.186
H8 GUA 29 2 7.62535 7.893 8.277 1 proton 0.182 0.205 0.176 0.186
H8 GUA 20 1 7.31422 7.348 7.585 0 proton 0.182 0.205 0.176 0.186
H8 GUA 20 2 7.43836 7.477 7.585 1 proton 0.182 0.205 0.176 0.186
