1 0.0011351257975824
2 0.0281403403082084
3 0.81216605479636
4 0.0791399903129192
5 0.105405870585768
6 0.13347229630994
7 0.158342371568269
8 0.116587570892179
9 0.21086350336006
10 0.237611916500446
11 0.106070442451161
12 0.444892870403007
13 0.319930767719605
14 0.166002987072342
15 0.248723611469088
16 0.395288742816701
17 0.421539598396066
18 0.535988890079107
19 0.474490904275072
20 0.0640936311266308
21 0.55060727314797
22 0.553728311748982
23 0.617762691890024
24 0.523510968489387
25 0.707553086112076
26 0.659080426273633
27 0.710248205267394
28 0.547538153733323
29 0.550507705116542
30 0.348006299318615
31 0.816489084575884
32 0.909779996882965
33 0.867798585521662
34 0.138274514902965
35 0.636523023427391
36 0.947530991491769
37 0.657660820386258
38 1
39 0.517630802712854
40 0.187568618850577
