88.93
76.02
77.88
85.07
68.04
137.5
6.09
5.43
4.5
4.71
4.31
4.11
7.85
96.422
89.51
74.84
77.11
84.63
67.98
137.1
6.25
5.69
4.75
4.72
4.56
4.2
4.13
7.84
96.702
90.5
150.9
75.06
75.21
83.52
67.05
139
5.94
7.61
4.98
4.76
4.6
4.4
4.27
8.32
94.51
75
73.18
82.96
67.33
133.7
12.48
5.82
4.87
4.58
4.6
4.47
4.35
7.36
170.182
94.04
151.4
75.79
72.01
81.99
64.57
136.8
5.86
7.43
4.98
4.93
4.65
4.89
4.31
8
92.75
74.49
73.51
81.77
67.47
133
12.75
4.76
4.45
4.2
4.56
4.41
4.16
6.92
170.882
91.07
77.29
73.54
82.39
64.83
134.6
12.5
5.84
4.05
4.79
4.5
4.57
4.25
7.39
171.782
92.9
75.86
72.24
81.74
103.8
64.66
138.9
5.32
3.97
13.11
4.43
4.41
5.34
4.54
4.18
7.92
161.3
92.9
75.86
72.24
81.74
102.7
64.53
141.3
6.09
4.33
4.39
4.35
5.59
4.56
4.14
7.91
98.16
142.2
6.1
4.17
4.78
4.84
5.96
8.28
94.91
75.06
72.16
83.52
103
63.08
142
5.49
4.88
4.83
4.49
5.79
4.56
4.22
8.29
93.11
150.7
75.61
72.64
81.84
65.04
137.2
5.88
6.69
4.6
4.68
4.54
4.55
4.19
7.95
90.89
76.57
73.2
82.01
64.72
133
13.28
5.82
4.67
4.69
4.54
4.69
4.25
7.48
172.382
90.81
75.22
77.3
85.29
106.4
68.8
141.8
6.04
4.56
4.7
4.54
6.01
4.3
4.19
7.85
92.28
75.34
76.86
85.66
105.4
67.82
142.8
6.03
4.6
4.84
4.56
5.94
4.34
4.26
7.93
88.55
151.4
76.5
78.99
87.27
68.34
140
6
7.58
4.97
4.89
4.59
4.3
4.15
8.54
92.83
75.79
76.64
84.54
105.4
68.35
142.2
5.95
4.55
4.72
4.61
5.95
4.44
4.24
7.88
93.76
152.4
75.35
73.73
83.23
66.87
137.9
6.11
8.12
4.98
4.41
4.66
4.51
4.3
8.11
93.88
75.61
72.14
81.85
97.06
64.55
137.6
5.4
4.35
4.35
4.54
5.37
4.08
4.48
7.11
94.68
74.2
71.75
82.54
97.16
63.83
139.5
6.11
5.01
4.61
4.74
5.43
4.8
4.22
7.8
94.35
73.73
71.38
81.78
97.01
63.58
140
5.67
4.78
4.46
4.18
5.48
4.75
4.06
8.06
95.97
73.95
71.99
81.53
103.7
63.05
139.4
4.86
4.42
14.07
4.28
3.15
5.37
4.35
3.77
7.63
163.2
93.34
75.51
73.42
81.71
97.19
63.35
140.9
5.83
4.37
4.49
4.42
5.72
4.51
4.02
8.23
89.48
77.34
80.45
104.6
68.08
141.9
6.56
4.41
13.47
4.74
4.82
5.33
4.62
4.02
8.08
161.2
88.41
152.3
78.13
80.24
83.67
68.83
141.1
5.79
8.35
4.85
4.77
4.77
3.93
3.63
8.66
73.39
81.67
107.4
69.84
140.7
5.08
2.8
3.96
5.21
4.07
3.84
6.69
87.01
151.5
74.44
77.91
85.73
67.54
139.5
5.47
7.11
5
4.86
4.74
4.22
4.11
8.6
88.77
152.3
76.09
76.58
85.59
69.05
139.2
6.34
7.73
4.65
4.87
4.67
4.44
4.34
8.55
94.57
150.1
74.86
74.14
84.09
68.82
138.2
5.81
7.49
4.82
4.46
4.57
4.55
4.31
7.71
92.58
153.7
76.87
73.18
82.41
64.61
137
5.57
7.73
3.9
4.82
4.36
4.54
4.13
7.7
91.8
75.9
84.4
6.1
8.09
5.03
4.72
4.56
90.56
152.5
5.89
8.09
4.82
94.33
75.36
72.72
81.7
97.58
97.47
137.2
5.33
4.31
4.4
4.45
5.15
4.59
4.09
7.13
93.9
74.36
71.7
82.28
102.8
64.53
140.2
5.8
4.77
14.29
4.73
4.67
5.43
4.23
8.29
92.72
149.8
75.82
72.63
81.68
64.4
137.4
5.81
6.77
4.28
4.62
3.86
4.44
4
8.02
90.93
152.7
77.81
70.73
84.21
65.78
138.3
5.78
7.72
3.97
4.21
4.16
4.3
3.96
7.74
