138.16 138.719 138.643 138.223 138.14 138.209 138.117 137.765 138.121 137.927 138.147 138.491 138.366 138.17 138.172
12.429 12.9127 12.5631 12.2538 12.296 12.3029 12.5623 12.2896 12.4107 12.4997 12.1665 12.1253 12.1559 12.1887 12.0892
5.66442 5.67813 5.65428 5.65322 5.66526 5.67075 5.63453 5.65039 5.62524 5.65921 5.64371 5.64427 5.65728 5.64287 5.65289
4.6181 4.64985 4.65253 4.70916 4.63424 4.6475 4.70421 4.61465 4.74113 4.6955 4.64287 4.6415 4.64012 4.62499 4.63996
4.55553 4.55254 4.55285 4.52706 4.5529 4.56389 4.53629 4.56275 4.51758 4.54495 4.50242 4.52917 4.50939 4.50477 4.50276
4.44792 4.44317 4.44622 4.43881 4.44858 4.44625 4.44275 4.45344 4.4387 4.43882 4.42312 4.43394 4.42852 4.42853 4.42672
4.21469 4.2271 4.2038 4.20659 4.22683 4.21091 4.21807 4.22325 4.21655 4.23374 4.22587 4.21146 4.21683 4.22856 4.22904
8.01363 7.95603 7.90357 8.08682 7.98674 8.10545 8.07109 8.00153 8.11402 8.08828 7.85263 7.98837 7.92231 7.87982 7.89064
146.913 146.63 146.164 147.206 146.973 146.392 147.56 147.349 147.333 146.703 145.683 145.872 145.724 145.696 145.694
153.499 153.054 153.287 152.554 153.088 152.603 153.314 153.547 153.466 153.115 152.976 153.141 153.025 153.19 153.216
75.4678 75.6627 75.5698 75.4103 75.4968 75.5088 75.4733 75.3738 75.4074 75.4558 75.6691 75.7026 75.6714 75.5577 75.6039
73.622 73.6017 73.5597 72.9575 73.5389 73.5534 72.9758 73.6703 72.7883 72.9333 73.4232 73.4109 73.4433 73.4459 73.3662
82.7962 82.5705 82.6512 82.4227 82.7512 82.6269 82.5302 82.8198 82.459 82.4203 82.6214 82.6471 82.6156 82.6709 82.6028
65.7705 65.7825 65.7343 65.7137 65.7782 65.9166 65.5623 65.7478 65.5412 65.7121 65.8565 65.8238 65.8617 65.8975 65.8405
140.184 140.614 140.062 139.742 139.985 139.718 139.876 139.95 139.57 139.848 139.945 139.639 139.878 139.871 139.818
6.01642 6.04484 6.03175 6.0069 6.01635 6.02877 6.00201 6.00548 5.99834 6.03531 6.03851 6.02636 6.04107 6.03034 6.03306
7.5371 7.48377 7.58349 7.25123 7.43988 7.26079 7.52982 7.57703 7.58892 7.45017 7.43489 7.46129 7.43677 7.49032 7.44533
4.63171 4.6635 4.72325 4.63914 4.61916 4.6192 4.6685 4.6575 4.69121 4.68049 4.62394 4.61723 4.59922 4.62977 4.62461
4.6528 4.71255 4.73229 4.62035 4.6429 4.66035 4.66572 4.66766 4.65905 4.64236 4.67012 4.66886 4.66214 4.67061 4.66496
4.51195 4.51221 4.51214 4.50491 4.50995 4.50721 4.50589 4.51514 4.50874 4.51136 4.49078 4.49168 4.4952 4.49523 4.49056
4.50938 4.50104 4.50265 4.73443 4.52916 4.52274 4.77859 4.52618 4.73691 4.6318 4.47775 4.51669 4.49326 4.47942 4.48059
7.70238 7.99747 7.87916 7.78937 7.63593 7.66477 7.86264 7.65001 7.86199 7.86576 7.82874 7.76117 7.81104 7.82108 7.7904
136.799 137.249 137.167 136.011 136.563 136.41 136.128 136.772 136.047 136.03 136.318 136.405 136.568 136.323 136.422
11.5499 11.488 11.4698 11.8575 11.5414 11.852 11.5316 11.6088 11.6503 11.9346 11.7048 11.6788 11.6844 11.7372 11.5945
5.65589 5.6601 5.63656 5.66592 5.65307 5.66924 5.64286 5.65149 5.6527 5.65534 5.63316 5.63679 5.65024 5.6302 5.62901
4.5748 4.56573 4.50495 4.58864 4.58093 4.58232 4.56089 4.50206 4.57662 4.60129 4.57433 4.57383 4.56161 4.57974 4.5595
4.51973 4.5188 4.52473 4.52388 4.50969 4.52721 4.49268 4.53389 4.51036 4.51365 4.46039 4.45159 4.48809 4.47072 4.47225
4.51039 4.49927 4.49146 4.50379 4.50283 4.50039 4.50655 4.50856 4.50744 4.50972 4.4706 4.46338 4.4723 4.47458 4.47318
4.43024 4.30404 4.21649 4.3923 4.43689 4.32881 4.48528 4.28402 4.49677 4.43933 4.36082 4.40884 4.33022 4.37142 4.39729
4.26778 4.24284 4.21849 4.26623 4.2641 4.25664 4.25393 4.25161 4.2612 4.27421 4.24462 4.22688 4.2518 4.24502 4.24502
7.50993 7.40569 7.32132 7.38598 7.41819 7.35115 7.458 7.5459 7.3949 7.42691 7.36211 7.35596 7.38094 7.37865 7.40175
146.909 146.468 146.498 147.649 146.848 147.887 147.378 147.122 147.574 148.304 147.127 147.472 147.152 146.983 147.278
95.7914 97.2676 98.1528 96.5756 96.0285 97.104 95.3198 97.7499 94.0906 95.2781 97.0033 96.8611 97.6268 96.7037 97.1172
141.181 141.269 140.823 141.296 141.393 141.158 140.642 140.669 140.918 141.095 140.895 140.804 140.866 140.919 140.851
5.6381 5.63087 5.58547 5.64349 5.62938 5.66731 5.66114 5.58007 5.66542 5.66751 5.62848 5.61598 5.61607 5.62631 5.60901
4.37424 4.37559 4.40394 4.32023 4.32927 4.30308 4.39814 4.38047 4.38984 4.34792 4.36605 4.38919 4.3632 4.37867 4.36467
4.45669 4.46036 4.437 4.46265 4.46256 4.46379 4.43439 4.43229 4.43771 4.45334 4.44331 4.42576 4.42975 4.4484 4.43598
5.23795 5.37975 5.23254 5.28365 5.2318 5.34846 5.09496 5.34028 4.95519 5.11547 5.24383 5.25497 5.32695 5.17203 5.25375
7.60816 7.62127 7.59017 7.65474 7.65148 7.63919 7.55821 7.56759 7.5207 7.62475 7.64682 7.63257 7.63176 7.64199 7.63089
97.4286 98.1421 98.9001 98.2093 97.7445 98.0777 95.4665 97.9891 95.3454 96.5794 98.1469 97.7588 98.3354 97.9297 98.0865
141.577 141.872 141.735 141.803 141.789 141.919 141.06 141.526 141.514 141.656 141.233 141.18 141.29 141.209 141.247
5.6279 5.621 5.63849 5.65131 5.61731 5.64237 5.59118 5.61648 5.65008 5.66507 5.64684 5.63278 5.62858 5.64387 5.62778
4.54672 4.46827 4.42788 4.43694 4.46147 4.49829 4.60352 4.65458 4.6265 4.49558 4.50294 4.50144 4.48465 4.49209 4.48888
4.46216 4.46962 4.47435 4.47233 4.46721 4.48151 4.41848 4.48494 4.48136 4.46213 4.47366 4.48207 4.46884 4.47329 4.47265
5.50074 5.56537 5.57185 5.60745 5.52051 5.58794 5.43931 5.55115 5.39175 5.51919 5.52913 5.49697 5.55397 5.52646 5.52282
7.74709 7.75281 7.70968 7.75714 7.75105 7.77266 7.76629 7.7077 7.78507 7.76737 7.72134 7.72406 7.71791 7.72463 7.72164
136.345 136.757 137.247 137.357 136.551 137.209 135.918 136.539 136.459 136.405 136.274 136.015 136.508 136.211 136.342
12.8281 13.3654 12.7052 13.3165 12.6726 13.1667 12.7231 12.1464 12.6543 13.3173 12.6973 12.7263 12.6431 12.6656 12.7113
5.69312 5.66559 5.6753 5.66266 5.65644 5.66974 5.67411 5.68638 5.69464 5.71247 5.68108 5.67746 5.67966 5.67733 5.67532
4.61974 4.61648 4.56237 4.58291 4.59529 4.60155 4.62677 4.67729 4.62133 4.63648 4.57088 4.54522 4.56579 4.56764 4.55981
4.50907 4.50371 4.51961 4.49463 4.50131 4.50312 4.53444 4.5635 4.55775 4.50616 4.47362 4.4826 4.48626 4.47912 4.47419
4.2934 4.30791 4.29662 4.30534 4.3136 4.30235 4.29428 4.30442 4.32839 4.32895 4.29853 4.30305 4.30733 4.30278 4.30051
7.83737 7.8722 7.75927 7.77857 7.92632 7.74741 7.84351 7.80146 7.86739 7.95996 7.58859 7.573 7.63614 7.58945 7.62031
147.497 147.104 146.412 147.118 146.849 147.317 147.145 146.602 147.139 148.316 145.767 145.527 145.981 145.87 145.82
103.458 104.121 103.973 104.258 103.712 104.191 103.242 101.425 103.755 104.131 103.356 103.226 103.439 103.486 103.362
141.057 141.162 141.094 141.475 141.092 141.318 141.039 140.63 141.107 141.284 141.026 140.906 141.056 140.975 140.99
5.51371 5.52808 5.52989 5.54141 5.4825 5.55726 5.50219 5.48712 5.57181 5.6248 5.57105 5.54154 5.56037 5.57326 5.56322
4.47104 4.48321 4.4377 4.46304 4.55498 4.46235 4.45836 4.26118 4.45456 4.45671 4.44596 4.41289 4.47258 4.44813 4.44576
13.8444 14.0385 13.6988 13.9532 13.5587 14.1065 12.8562 13.0779 13.8263 14.1302 13.1732 13.3279 13.0505 12.9251 13.1561
4.58558 4.60094 4.64272 4.58031 4.57422 4.58291 4.65459 4.87074 4.61926 4.58461 4.57061 4.56575 4.56821 4.57012 4.56551
4.38168 4.39593 4.42987 4.38607 4.39254 4.38868 4.41609 4.46367 4.40463 4.38202 4.37508 4.38282 4.37796 4.3764 4.376
5.31952 5.26142 5.25288 5.35052 5.17405 5.31693 4.96925 4.70124 5.28688 5.34042 5.24185 5.23562 5.25218 5.27217 5.24869
4.27146 4.28412 4.25784 4.29246 4.26924 4.28447 4.28596 4.19395 4.30761 4.29611 4.25917 4.2558 4.257 4.25886 4.25704
7.7547 7.68819 7.71283 7.70621 7.70315 7.69275 7.70201 7.75238 7.6795 7.73873 7.70703 7.70688 7.69038 7.7045 7.70165
164.13 163.572 163.369 162.923 165.031 163.711 165.447 164.013 164.134 163.157 162.598 162.165 162.829 162.86 162.481
92.7747 92.6472 92.8016 92.3446 92.9641 92.5418 92.957 92.7663 92.922 92.8062 92.6677 92.4331 92.6986 92.5681 92.7458
154.115 153.919 153.589 153.807 153.851 154.2 153.834 153.583 153.691 154.465 153.522 153.971 153.609 153.546 153.194
75.5535 75.571 75.5252 75.6186 75.5792 75.1959 75.6275 75.6653 75.6243 75.2804 75.2326 75.3662 75.2092 75.2341 75.2088
74.2039 73.9806 73.7851 74.6768 73.548 74.4568 73.4455 73.9 73.3836 74.2885 73.6025 73.9196 73.6787 73.5405 73.4926
83.0403 83.086 82.7539 83.3463 82.7636 83.2431 82.5184 82.5935 82.709 83.0605 82.56 82.9505 82.5609 82.4766 82.5184
66.7186 66.7621 66.515 66.4928 66.1309 66.5562 66.9762 66.1326 66.6888 66.7528 66.3812 66.2167 66.5 66.4551 66.3733
139.657 140.457 139.292 140.752 140.211 140.55 138.702 137.52 139.608 140.333 139.445 139.993 139.474 139.439 139.518
5.9487 5.96822 5.95184 5.96833 5.94066 5.9522 5.92739 5.93117 5.95144 5.95815 5.91633 5.92777 5.92773 5.9085 5.89541
7.62758 7.63994 7.37848 7.55581 7.57546 7.7008 7.57593 7.53867 7.38966 7.743 7.62666 7.71249 7.5508 7.26421 7.369
4.52753 4.51765 4.57205 4.54147 4.57023 4.53465 4.56457 4.53372 4.58168 4.567 4.49495 4.4997 4.48223 4.46437 4.50018
4.60217 4.61048 4.63165 4.5955 4.64845 4.5782 4.65728 4.64891 4.65208 4.59384 4.5744 4.59582 4.56513 4.57059 4.56257
4.54804 4.54991 4.55534 4.53535 4.5615 4.53493 4.55899 4.57607 4.54461 4.5397 4.51747 4.5194 4.52286 4.51735 4.52153
4.5648 4.58085 4.5381 4.45356 4.39327 4.44263 4.73361 4.61238 4.53792 4.46321 4.50775 4.43444 4.52472 4.55694 4.53458
4.32821 4.33339 4.33153 4.34647 4.27547 4.33779 4.30488 4.22826 4.34808 4.35383 4.34079 4.32109 4.33988 4.34235 4.3381
8.13321 8.14699 7.95756 8.1027 8.08174 8.11006 7.97941 7.86491 8.15578 8.11826 8.07555 8.11452 8.08401 8.0553 8.09209
104.451 104.209 103.752 104.926 104.029 104.497 104.879 104.002 105.517 105.182 103.44 103.983 103.372 103.48 103.47
141.662 141.34 141.319 142.214 141.563 141.756 141.899 141.51 142.001 142.061 141.499 141.668 141.436 141.687 141.178
5.50515 5.48717 5.44637 5.49394 5.53985 5.49352 5.21843 5.46866 5.00769 5.42605 5.43939 5.26502 5.45146 5.37919 5.4446
4.39848 4.2721 4.56253 4.39896 4.55439 4.42125 4.52449 4.57443 4.44752 4.47757 4.44456 4.43789 4.46783 4.45866 4.45482
4.55299 4.56741 4.55751 4.52435 4.54047 4.51513 4.54747 4.57073 4.53357 4.52842 4.49132 4.50765 4.50102 4.5088 4.49328
5.22396 5.36542 5.47239 5.55268 5.13366 5.32928 5.9949 5.43514 6.13997 5.64311 5.41447 5.62894 5.33215 5.44546 5.28795
4.24368 4.25115 4.28871 4.30026 4.26471 4.30374 4.25097 4.271 4.27078 4.31125 4.27271 4.27291 4.28827 4.29004 4.27047
7.45109 7.50761 7.54292 7.64135 7.42716 7.44998 7.68674 7.62602 7.76053 7.55492 7.57149 7.62122 7.54953 7.52848 7.5004
137.157 137.025 137.258 137.809 136.411 137.572 138.046 137.196 137.966 137.618 137.197 136.938 137.245 136.96 137.064
13.4893 13.6458 12.507 13.2653 12.7312 12.5737 13.2341 12.3037 12.9466 12.7051 12.4954 12.3833 12.4419 12.4553 12.4759
5.66092 5.74669 5.7018 5.69044 5.662 5.68703 5.67375 5.67753 5.67547 5.69159 5.63685 5.64389 5.65156 5.64735 5.6415
4.5573 4.57687 4.60897 4.58812 4.55211 4.57066 4.53939 4.58975 4.57605 4.54594 4.59837 4.58816 4.58934 4.59655 4.59204
4.54376 4.54393 4.57299 4.53809 4.5513 4.55496 4.5736 4.57053 4.57355 4.56119 4.52652 4.53411 4.53218 4.52339 4.53963
8.10386 8.06867 7.89575 7.90297 8.06788 7.85911 7.81722 8.10769 7.80427 7.79424 7.82936 7.8126 7.81748 7.77808 7.82683
149.1 149.098 147.209 147.986 147.295 146.628 148.919 147.701 147.469 146.908 147.252 147.448 147.58 147.214 147.208
96.8055 96.3559 96.5368 95.5939 95.6188 96.3551 98.4626 96.6967 97.9052 96.6659 97.7549 97.682 97.7887 97.7186 97.7181
141.331 141.252 140.856 141.229 141.356 141.161 141.078 141.172 140.973 141.161 140.896 140.787 140.817 140.923 140.877
5.57096 5.55335 5.58005 5.591 5.55535 5.56866 5.60513 5.57011 5.61301 5.58222 5.56565 5.56823 5.55932 5.56637 5.57346
4.52848 4.57035 4.54361 4.65692 4.55206 4.57766 4.51348 4.6152 4.54206 4.58061 4.50726 4.47317 4.49434 4.50327 4.48784
4.49061 4.49274 4.50799 4.47031 4.47896 4.49712 4.48608 4.52369 4.49619 4.48726 4.46909 4.47895 4.46877 4.47275 4.47895
5.30666 5.22959 5.21834 5.14289 5.17334 5.19664 5.47441 5.24113 5.33587 5.29146 5.40106 5.37396 5.39608 5.36154 5.33198
4.3501 4.34859 4.44261 4.41093 4.40039 4.39727 4.38789 4.41985 4.3625 4.39885 4.3982 4.41153 4.4058 4.39242 4.38388
4.23198 4.22004 4.25133 4.22895 4.23953 4.23728 4.23785 4.29182 4.25 4.23827 4.2261 4.22775 4.22764 4.22759 4.23174
7.65284 7.62889 7.56811 7.58712 7.63066 7.59664 7.61106 7.61814 7.61405 7.6073 7.62249 7.60711 7.62713 7.62642 7.62457
136.544 136.312 136.393 135.852 136.058 136.349 137.134 136.253 137.017 136.49 136.344 136.37 136.317 136.4 136.269
12.1573 12.3581 11.9577 12.3158 12.2618 12.0686 11.9963 11.8457 12.0583 12.1754 11.8501 11.8794 11.8286 11.8168 11.8161
5.65126 5.64358 5.66532 5.63481 5.61978 5.64116 5.63171 5.6471 5.63881 5.64032 5.63391 5.6424 5.63523 5.63185 5.64294
4.63316 4.66652 4.69737 4.69877 4.70613 4.69846 4.66148 4.66979 4.6878 4.68747 4.66064 4.64755 4.65473 4.65518 4.65791
4.6021 4.58452 4.58903 4.54241 4.57439 4.55526 4.58154 4.61129 4.58282 4.55672 4.55216 4.55325 4.55026 4.54679 4.53657
4.42133 4.44064 4.46392 4.41702 4.44599 4.48276 4.40012 4.39166 4.43339 4.46194 4.41012 4.39814 4.4276 4.41886 4.41141
4.26548 4.26726 4.26695 4.26927 4.28155 4.26128 4.25454 4.26932 4.25073 4.26309 4.26645 4.26437 4.26887 4.26481 4.2679
7.63811 7.65321 7.6091 7.78541 7.76811 7.66282 7.59058 7.60275 7.56857 7.67061 7.56586 7.54651 7.55748 7.55928 7.5419
146.563 146.957 145.897 146.549 146.644 146.699 145.804 146.612 146.133 146.48 146.32 146.449 146.247 146.288 146.086
154.088 154.002 154.032 153.607 154.036 153.825 153.909 154.194 153.754 153.83 154.152 154.142 154.108 154.129 154.074
140.159 139.865 139.521 139.702 139.645 139.967 140.018 139.587 139.873 139.918 139.632 139.774 139.698 139.744 139.753
5.93711 5.92849 5.94846 5.92135 5.94431 5.9425 5.94644 5.9364 5.95105 5.93845 5.92659 5.93403 5.93203 5.93835 5.94306
7.92624 7.96461 7.9925 7.71358 7.87151 7.83344 7.86009 8.02832 7.76595 7.87203 7.8286 7.88013 7.79829 7.80425 7.82096
4.58502 4.57249 4.58234 4.6173 4.60954 4.60639 4.6335 4.55124 4.60824 4.62293 4.53423 4.53881 4.56014 4.54492 4.54695
4.56815 4.55442 4.55683 4.58908 4.59157 4.58122 4.58379 4.55583 4.57346 4.58503 4.59739 4.59088 4.5967 4.60263 4.59445
4.48789 4.47891 4.48115 4.47074 4.47948 4.47893 4.4874 4.49065 4.48207 4.47904 4.47312 4.47353 4.47266 4.47712 4.47518
4.48387 4.5046 4.51667 4.65012 4.5638 4.68433 4.56276 4.44805 4.63947 4.65874 4.50148 4.48633 4.49955 4.49546 4.4991
4.31378 4.30634 4.32322 4.29971 4.31013 4.31823 4.32009 4.31487 4.31558 4.32805 4.32261 4.31956 4.32312 4.32767 4.32374
7.79119 7.71919 7.65048 8.06015 7.838 7.93961 7.92245 7.66099 7.78514 7.98326 7.8275 7.81976 7.81127 7.83855 7.83558
93.2649 93.3137 93.5784 93.4122 93.2791 93.2775 93.2971 93.4616 93.2006 93.3096 92.9277 92.9941 92.9768 93.0246 93.0114
75.8177 75.8071 75.6613 75.9677 76.0487 75.8257 76.0191 75.7729 76.1195 75.9404 75.7241 75.6358 75.7626 75.7326 75.6939
72.8412 72.8733 72.6669 72.5793 72.4682 72.5511 72.4125 72.3173 72.6346 72.3507 73.6898 73.4999 73.6381 73.7007 73.7294
82.9689 82.9229 82.6886 83.0072 82.767 82.9271 82.8677 82.4049 83.0067 82.8741 82.9479 82.9298 83.0104 82.9992 83.0093
103.43 103.268 103.409 103.484 103.797 104.134 104.075 103.153 103.607 104.237 103.545 103.635 103.591 103.621 103.586
65.5433 65.6354 65.6345 65.5402 65.598 65.4976 65.4806 65.7153 65.3402 65.5044 65.5662 65.5577 65.5805 65.5357 65.5524
139.824 139.774 140.016 139.959 140.271 139.779 140.355 140.12 139.865 140.042 140.81 140.731 140.598 140.766 140.702
5.42655 5.42533 5.45083 5.46659 5.42416 5.43633 5.43307 5.46891 5.44092 5.42297 5.49222 5.48877 5.49477 5.49147 5.49917
4.39098 4.38162 4.43285 4.4146 4.35185 4.4011 4.36405 4.40702 4.33999 4.37355 4.45001 4.47373 4.45521 4.46148 4.47296
11.8054 12.0104 11.629 12.1198 11.7973 11.5592 11.6979 11.6862 12.1985 11.5771 11.3956 11.3286 11.4079 11.4564 11.3885
4.47713 4.46837 4.47504 4.48819 4.48655 4.49217 4.48942 4.48204 4.48173 4.48779 4.47436 4.46419 4.46857 4.46617 4.46785
4.37901 4.37294 4.37634 4.38781 4.38921 4.38938 4.38886 4.38907 4.39763 4.38971 4.37057 4.37132 4.37094 4.37291 4.36996
5.1683 5.13919 5.26247 5.17488 5.33263 5.45341 5.43521 5.12984 5.33799 5.4583 5.27319 5.29373 5.1893 5.25691 5.22243
4.1195 4.07214 3.88312 4.22865 4.14391 4.19494 4.11864 3.79769 4.35523 4.2397 4.16185 4.15012 4.18774 4.20652 4.17394
4.2319 4.23344 4.23806 4.21996 4.23065 4.22826 4.22955 4.25375 4.21577 4.2295 4.21238 4.21506 4.20651 4.20994 4.21123
7.31265 7.31509 7.33285 7.39909 7.44328 7.39796 7.41448 7.2782 7.42795 7.43621 7.5247 7.50717 7.48593 7.52303 7.50188
158.391 158.411 158.258 159.638 158.957 159.803 158.011 158.19 160.733 159.62 158.039 158.13 158.671 158.516 158.809
137.476 137.38 137.591 137.259 137.534 137.29 137.309 137.473 137.276 137.318 137.211 137.304 137.386 137.59 137.276
11.0117 10.9995 10.7501 10.7219 10.7361 10.9198 10.4988 10.8999 11.042 11.0999 9.99679 9.93708 10.0903 10.004 10.0787
5.6625 5.69133 5.57778 5.72049 5.67013 5.69264 5.70767 5.98463 5.92053 5.66996 5.38322 5.39746 5.36719 5.40531 5.3385
4.6684 4.64597 4.62904 4.62158 4.65507 4.66946 4.67602 4.58164 4.5945 4.6673 4.49811 4.49114 4.54129 4.53567 4.5344
4.5782 4.59036 4.62018 4.59556 4.60668 4.56401 4.55485 4.60771 4.61014 4.57388 4.5159 4.53273 4.54456 4.55888 4.53597
7.93427 7.96694 7.83918 7.92603 8.02088 7.9223 7.99668 7.6914 7.9328 7.98204 7.59601 7.66502 7.64749 7.65608 7.57356
146.542 146.076 145.927 145.648 146.152 146.865 146.829 146.564 146.347 146.955 146.217 146.119 146.246 146.256 145.889
154.872 154.848 155.032 154.84 154.871 154.879 155.253 154.906 154.968 154.895 154.819 154.822 154.82 154.837 154.761
142.028 142.174 142.106 142.306 142.165 141.792 141.633 142.783 142.254 141.858 142.375 142.273 142.349 142.286 142.248
5.82121 5.80744 5.85937 5.84075 5.8486 5.81445 5.84843 5.70792 5.77214 5.81246 5.83625 5.83992 5.83241 5.82048 5.83096
7.91827 7.92178 7.92914 7.94164 7.93649 7.90864 7.85533 7.93963 7.93185 7.91287 7.8334 7.84361 7.82191 7.834 7.81676
4.68224 4.61511 4.67018 4.58822 4.64736 4.70751 4.72018 4.63846 4.63945 4.71114 4.55276 4.5697 4.58364 4.57959 4.60027
4.60631 4.64568 4.71769 4.66134 4.66898 4.54154 4.39044 4.75088 4.70938 4.55195 4.58559 4.59138 4.57915 4.58969 4.60267
4.33059 4.34154 4.38858 4.34315 4.34726 4.32014 4.31214 4.37129 4.37319 4.33084 4.39141 4.39329 4.38998 4.39216 4.39484
4.03278 4.03799 4.12386 3.96548 4.01357 4.04619 3.95023 4.03695 3.95398 4.04002 4.38533 4.37515 4.37235 4.35218 4.39223
4.12859 4.15742 4.1966 4.19447 4.1829 4.07626 4.09382 4.12807 4.2011 4.10824 4.19644 4.20633 4.20443 4.21785 4.20887
8.36834 8.47113 8.29242 8.56625 8.4184 8.31001 8.31658 8.48177 8.34066 8.29347 8.29825 8.29395 8.34233 8.32924 8.31725
154.968 154.952 154.737 154.86 154.841 155.032 155.3 155.019 154.949 155.06 154.596 154.561 154.619 154.505 154.611
141.038 140.643 141.26 140.368 140.976 140.885 140.785 139.47 139.342 140.987 139.91 139.856 139.903 139.856 139.953
5.69891 5.7278 5.57378 5.73443 5.68618 5.63753 5.54223 5.6985 5.63649 5.64886 5.69793 5.6939 5.68579 5.66518 5.70358
8.03047 8.10301 7.9173 7.96849 7.95586 8.02101 8.1102 8.106 8.35904 8.03741 7.9492 7.96943 7.95356 7.98758 7.9569
4.59587 4.62398 4.65846 4.60937 4.59176 4.56723 4.56639 4.75024 4.80114 4.55657 4.64644 4.65752 4.63871 4.6517 4.65732
4.83294 4.84366 4.78538 4.81628 4.76584 4.83015 4.84495 5.14106 5.01755 4.80856 4.34333 4.33145 4.33561 4.33287 4.44851
4.45146 4.44496 4.41681 4.43149 4.42999 4.45221 4.43328 4.45328 4.41853 4.44598 4.38085 4.37976 4.38203 4.37552 4.38946
4.24185 4.35217 4.25677 4.32597 4.30993 4.23992 4.23228 4.21516 4.07764 4.15248 3.89566 3.91406 3.88266 3.84272 3.98699
8.02042 7.879 7.8414 7.74624 7.84004 8.07702 7.88822 7.97281 7.82603 8.08106 7.51639 7.50724 7.49639 7.51085 7.5628
91.8828 91.8981 92.2745 92.3193 92.2676 91.7557 92.2698 92.4611 92.522 91.9063 92.0625 92.0858 92.0153 92.0622 92.1169
153.977 154.163 153.995 154.782 154.494 153.669 154.525 154.436 154.558 153.619 155.265 155.322 155.138 155.279 155.271
75.8087 75.8652 75.5522 75.7788 75.6079 75.7651 75.6673 76.0313 75.5686 75.6649 76.025 75.9948 75.9863 76.0215 76.0074
73.5947 73.5521 72.9788 72.9384 73.1188 73.7148 72.8974 73.08 72.9208 73.4662 73.5877 73.6268 73.6848 73.5456 73.6053
82.8981 82.8645 82.7693 82.843 82.8498 82.9391 82.8636 82.7171 82.6289 82.8706 82.8587 82.8847 82.8733 82.8642 82.9053
65.8866 65.8829 65.8997 65.84 65.9923 65.8389 65.812 66.2613 66.1819 65.8327 66.0596 66.0836 66.0179 66.0724 66.0853
140.226 140.213 140.315 140.167 140.219 140.189 140.312 139.969 139.612 140.109 140.812 140.749 140.9 140.853 140.8
5.77809 5.73628 5.85546 5.76803 5.80715 5.76931 5.78826 5.7231 5.67907 5.79168 5.86648 5.87353 5.85417 5.8619 5.86583
8.20261 8.34528 7.78953 8.25114 8.25395 8.09559 8.27588 8.45603 8.3472 8.07756 8.07659 8.09948 8.06959 8.09585 8.08561
4.71567 4.65807 4.81117 4.76365 4.82259 4.7055 4.81296 4.68079 4.84085 4.77782 4.67745 4.69806 4.68103 4.69593 4.68651
4.69182 4.6951 4.60695 4.67989 4.66628 4.69113 4.69024 4.70306 4.69687 4.68695 4.67512 4.66016 4.69479 4.66916 4.66363
4.49147 4.49081 4.48979 4.48931 4.49091 4.49048 4.49461 4.48725 4.48451 4.4902 4.48687 4.48723 4.48889 4.48507 4.48479
4.63872 4.63522 4.62911 4.62596 4.60713 4.66746 4.6258 4.54 4.52667 4.66432 4.45164 4.43954 4.42926 4.44052 4.43796
4.30559 4.30653 4.30107 4.29704 4.30483 4.30639 4.31775 4.32775 4.32012 4.31274 4.2864 4.27889 4.28722 4.28245 4.28454
8.03511 8.04064 7.99356 8.00425 8.03207 8.00022 7.89261 8.16038 8.06511 8.03805 8.20955 8.18169 8.24105 8.21535 8.18408
136.963 136.936 136.154 136.549 136.63 136.869 136.449 136.249 136.017 136.662 136.896 136.851 137.1 137.004 137.07
11.206 11.1171 11.0794 11.1144 11.2059 11.1719 11.1223 11.2426 11.0746 11.136 11.1568 11.1709 11.2032 11.1687 11.2001
5.47986 5.50596 5.42399 5.40185 5.32311 5.49276 5.35985 5.27905 5.2399 5.43814 4.85275 4.61284 5.20136 4.66935 4.77753
4.61382 4.60615 4.56941 4.5985 4.58196 4.61789 4.58745 4.56792 4.56463 4.60275 4.529 4.52104 4.56724 4.53418 4.53662
4.45777 4.45976 4.43072 4.44618 4.4422 4.47276 4.44796 4.41793 4.43597 4.46408 4.41761 4.40027 4.44144 4.4123 4.41227
4.48273 4.49268 4.47369 4.49024 4.47243 4.48888 4.48672 4.47171 4.47279 4.48014 4.45012 4.4458 4.46432 4.43952 4.45143
4.23575 4.23684 4.27048 4.27136 4.25861 4.23296 4.27018 4.25949 4.26101 4.23897 4.2606 4.26352 4.26186 4.26522 4.26518
7.21726 7.23002 7.05977 7.1882 7.06094 7.30351 7.10121 7.21043 7.12196 7.18736 7.5127 7.53271 7.46906 7.53794 7.55816
145.996 146.197 146.366 147.03 147.062 146.155 146.543 146.62 147.174 146.285 145.786 145.892 145.861 145.699 145.872
102.746 102.713 102.369 102.69 102.656 102.809 102.923 102.437 102.914 102.831 102.853 102.574 102.97 102.904 102.801
141.414 141.398 140.898 141.113 141.344 141.35 141.228 141.521 141.272 141.241 141.253 141.204 141.311 141.234 141.263
5.62803 5.62326 5.63215 5.57277 5.59724 5.65509 5.54468 5.55053 5.53803 5.64699 5.54878 5.55409 5.58823 5.55355 5.56433
4.38541 4.36336 4.34553 4.3852 4.40872 4.38163 4.38914 4.39749 4.37418 4.38475 4.3781 4.3879 4.39252 4.39169 4.39403
13.8155 13.865 13.7688 14.7678 14.2862 14.5952 14.696 13.9613 14.4747 14.5429 13.9963 13.7549 13.9478 13.9712 13.9597
5.30874 5.26797 5.07702 5.0947 5.27352 5.32616 5.24677 5.20804 5.29713 5.30791 5.25826 5.24688 5.28961 5.27751 5.26211
7.70298 7.66723 7.63783 7.67985 7.74912 7.68705 7.66499 7.75115 7.7138 7.67234 7.7215 7.72317 7.71327 7.72338 7.72028
158.818 159.311 158.455 161.607 159.383 160.666 160.404 159.714 159.963 160.26 160.184 159.97 160.169 160.097 160.182
96.969 96.9746 96.3311 96.9117 96.7587 96.5585 97.8826 96.7072 97.7989 96.6454 98.0824 98.0544 97.8584 98.215 97.9423
141.732 141.581 141.688 141.549 141.649 141.794 141.626 141.698 141.625 141.876 141.3 141.324 141.291 141.274 141.338
5.57652 5.56251 5.55278 5.59087 5.59934 5.57187 5.60556 5.58133 5.59738 5.58035 5.59483 5.60132 5.59609 5.59875 5.5985
4.51822 4.49895 4.56229 4.51136 4.51924 4.52693 4.50892 4.57944 4.56008 4.50757 4.44567 4.44875 4.45874 4.45273 4.44874
4.53212 4.52887 4.51693 4.52045 4.52158 4.52735 4.51654 4.52803 4.50981 4.52832 4.47577 4.48532 4.48676 4.47723 4.48607
4.38878 4.38676 4.385 4.3922 4.39259 4.38474 4.39762 4.3894 4.38933 4.389 4.3899 4.39647 4.38883 4.39678 4.39304
5.65592 5.63249 5.60821 5.65663 5.63649 5.64735 5.70366 5.63674 5.69544 5.65566 5.66191 5.62867 5.65783 5.66521 5.65442
4.21232 4.21991 4.21931 4.20965 4.21073 4.21861 4.2121 4.21049 4.21045 4.22432 4.18735 4.19141 4.1985 4.19234 4.1911
7.8455 7.8366 7.87865 7.86093 7.8652 7.884 7.83214 7.85042 7.82125 7.89199 7.78204 7.77615 7.78675 7.77635 7.78775
136.624 136.591 135.722 136.949 136.693 136.458 137.228 136.836 136.725 136.942 136.406 136.052 136.436 136.525 136.275
12.6597 12.6728 12.5571 12.6236 12.8146 12.3697 12.6725 12.5392 12.7236 12.7433 12.5023 12.5083 12.5146 12.4805 12.4869
5.69322 5.67962 5.65096 5.6782 5.67727 5.66654 5.68808 5.66903 5.68682 5.67361 5.65846 5.64256 5.65542 5.65747 5.65108
4.50317 4.56049 4.5733 4.51338 4.54496 4.51035 4.53689 4.53554 4.5262 4.51101 4.56523 4.56142 4.5641 4.55697 4.55798
4.58312 4.57111 4.5444 4.57677 4.56305 4.56989 4.57971 4.58263 4.58257 4.58041 4.50589 4.52379 4.52386 4.5163 4.51087
4.50782 4.51174 4.50358 4.50827 4.51002 4.50492 4.50953 4.51564 4.5019 4.50505 4.48505 4.48271 4.47985 4.48731 4.48443
4.23763 4.24749 4.24472 4.24537 4.24388 4.24191 4.25187 4.24967 4.23992 4.24453 4.25313 4.26285 4.2527 4.25869 4.25655
7.62927 7.65648 7.52322 7.65003 7.65511 7.64052 7.63815 7.68613 7.56884 7.66106 7.62913 7.58046 7.61299 7.64336 7.59898
147.752 148.202 147.551 147.789 147.935 147.163 147.246 147.665 147.525 147.39 147.898 147.701 147.925 147.942 147.529
98.2893 98.13 97.145 97.6801 97.7205 97.8196 98.6907 98.2909 98.6222 98.1131 97.8379 97.8457 98.1796 97.9948 97.9825
140.739 140.879 140.547 140.731 140.677 140.874 140.952 140.626 140.676 140.826 140.533 140.44 140.379 140.545 140.489
5.52257 5.53612 5.5412 5.48425 5.54732 5.50587 5.54275 5.50541 5.5527 5.49302 5.53491 5.51173 5.51946 5.52421 5.52446
4.28386 4.35326 4.32986 4.30781 4.34484 4.33416 4.3719 4.42764 4.29574 4.40514 4.4398 4.42988 4.43007 4.42856 4.41329
4.50197 4.542 4.49615 4.49637 4.50147 4.48808 4.51242 4.51468 4.50288 4.48844 4.46316 4.47206 4.46046 4.46659 4.46504
4.33713 4.34206 4.31325 4.3254 4.33154 4.33023 4.34635 4.33395 4.33902 4.33216 4.32801 4.33456 4.32869 4.32519 4.3293
5.20261 5.31554 5.24713 5.31296 5.26562 5.29827 5.29918 5.30266 5.34597 5.27097 5.33747 5.34002 5.39755 5.34268 5.35327
4.19409 4.19682 4.20266 4.20752 4.20194 4.2022 4.21386 4.2195 4.20598 4.21532 4.18097 4.19128 4.19094 4.18686 4.18123
7.56985 7.55413 7.54063 7.52285 7.52309 7.55593 7.59401 7.5405 7.54947 7.55964 7.60575 7.58316 7.59419 7.59059 7.60592
153.958 154.14 153.721 153.704 154.672 154.591 153.413 153.214 153.617 154.038 153.527 153.564 153.627 153.377 153.494
73.3388 73.4929 73.4651 73.4116 73.1583 73.3176 73.8623 73.7126 73.4619 73.1678 73.0363 72.906 73.0841 73.0868 72.9869
83.2212 83.2618 82.7743 82.9442 82.6587 82.7676 83.1932 82.7416 82.8374 82.633 82.1505 82.1686 82.3216 82.2826 82.1245
65.6135 65.5336 65.4127 65.4346 65.4837 65.4463 65.6918 65.8053 65.4989 65.503 65.6124 65.615 65.579 65.6135 65.4249
139.724 139.878 139.212 140.007 140.032 140.12 139.748 139.98 140.663 140.162 139.371 139.388 139.666 139.568 139.351
6.02231 5.99994 5.98372 6.01073 5.99195 5.98869 6.04826 5.93032 5.9748 5.97536 5.98459 5.9629 5.96566 5.96954 5.95377
7.86046 7.92797 7.44355 7.59278 7.66134 7.55163 7.81052 7.49519 7.59401 7.50578 7.6025 7.3936 7.53384 7.45882 7.42117
4.55935 4.54972 4.57092 4.58009 4.55825 4.55709 4.57622 4.65237 4.58431 4.60176 4.52813 4.56261 4.54352 4.52762 4.58996
4.67556 4.71056 4.66612 4.67872 4.61932 4.66042 4.67719 4.70458 4.66802 4.67282 4.57096 4.61768 4.59239 4.57549 4.59004
4.48581 4.49234 4.49408 4.48862 4.49081 4.4869 4.50464 4.5053 4.49007 4.48898 4.48859 4.50686 4.48616 4.48486 4.48332
4.68969 4.99133 4.61861 4.60358 4.59906 4.59658 4.68019 4.58781 4.59148 4.58682 4.47548 4.47239 4.50462 4.49693 4.45433
4.25762 4.179 4.254 4.24616 4.24225 4.23677 4.28089 4.29508 4.24683 4.2525 4.24709 4.2733 4.25052 4.23928 4.25614
8.09534 8.00013 8.23982 8.21332 8.34058 8.19338 7.9873 8.22184 8.25881 8.2361 7.99077 8.04346 8.04985 8.05808 7.97576
98.8597 99.8792 100.209 100.577 99.7474 100.646 98.2764 98.2875 100.619 100.676 99.3192 99.4197 99.6187 99.118 100.306
142.833 143.175 142.84 142.935 142.499 142.828 142.388 142.131 142.891 142.824 141.165 141.063 140.984 141.089 141.966
5.46729 5.48227 5.48111 5.5697 5.53193 5.55148 5.48417 5.52839 5.56913 5.5646 5.65045 5.66171 5.69974 5.65337 5.67287
4.31691 4.26366 4.17931 4.28389 4.33216 4.28085 4.27726 4.22091 4.24424 4.24631 4.28409 4.27624 4.30233 4.32711 4.27278
4.22447 4.29881 4.42459 4.53486 4.4116 4.6863 4.1234 4.38852 4.45582 4.61407 4.06797 4.43036 4.02778 4.22881 4.19287
4.26841 4.2997 4.38488 4.36902 4.28339 4.33991 4.28439 4.3588 4.37811 4.38177 4.28571 4.35702 4.27569 4.2894 4.20639
5.61354 5.55584 5.63422 5.67024 5.63566 5.65106 5.53843 5.31919 5.65662 5.68516 5.3604 5.3679 5.32165 5.29432 5.47551
4.73194 4.79696 4.58127 4.61501 4.6252 4.76298 4.77615 4.97831 4.59659 4.64551 4.14457 4.32656 4.2475 4.16873 4.37708
4.14142 4.57239 4.38101 4.07574 4.01139 3.78031 4.06289 4.88732 4.33226 4.00536 3.85669 4.17777 3.7675 3.83236 4.12091
7.56042 7.49406 7.57578 7.62146 7.61436 7.60175 7.52729 7.39637 7.58441 7.60211 7.41457 7.42127 7.37981 7.39188 7.52253
91.0699 91.6612 91.3365 91.1187 90.8656 91.201 91.0867 91.0671 91.1983 90.9818 91.2206 91.5895 91.3148 91.4806 91.8674
75.4842 74.9601 74.9784 75.5177 75.1299 75.0525 74.5702 74.5493 74.8327 75.1311 76.0083 75.7065 75.9897 76.0163 75.9751
78.2228 78.5942 78.5443 78.4071 74.4417 77.6266 78.0565 78.4611 78.258 78.7591 76.6079 77.0088 76.6566 76.6713 76.5614
85.3455 84.9207 85.3012 86.0835 84.2338 85.2076 84.8284 85.0261 85.1249 85.6749 84.0763 84.3848 84.0969 84.1081 84.02
67.7721 68.215 67.2638 68.4472 69.4367 68.2243 68.424 68.5524 67.713 69.9952 68.2677 66.5942 68.3922 68.4032 68.3424
139.277 139.356 139.111 140.32 139.612 139.963 138.725 137.98 139.318 140.083 139.289 139.504 139.158 139.522 140.652
5.89083 5.86621 5.76836 6.13165 5.78046 6.27846 5.94821 5.7962 6.07592 6.19498 6.01233 5.85416 5.97165 6.00636 5.99556
4.33529 4.5533 4.54037 4.44527 4.45373 4.42537 4.51271 4.4896 4.54115 4.48784 4.51518 4.60873 4.51876 4.51044 4.54411
5.97849 7.2844 6.29011 5.34371 5.40172 5.29102 5.93356 6.61021 5.53278 5.93903 5.3216 5.09738 5.4184 5.29054 5.32726
4.45636 4.43891 4.50982 4.54097 4.42349 4.47877 4.40185 4.42046 4.48255 4.47573 4.50893 4.48979 4.50607 4.52541 4.52543
7.55289 7.57424 7.71502 7.79637 6.95233 7.61062 7.44846 7.57491 7.60853 7.77344 7.74153 7.8008 7.76795 7.76686 7.9411
103.521 104.479 105.235 105.575 101.438 105.055 104.109 103.595 104.967 104.128 104.351 104.395 104.27 104.575 104.603
142.941 142.864 142.736 142.733 141.361 142.859 142.408 141.904 142.357 142.953 142.474 142.545 142.442 142.447 142.413
5.55901 5.57259 5.56433 5.59421 5.56263 5.57676 5.57103 5.54174 5.57929 5.59083 5.59526 5.56331 5.59641 5.61256 5.6151
4.53212 4.47425 4.48598 4.54793 4.68644 4.56843 4.49812 4.51527 4.50909 4.56366 4.48653 4.47429 4.48178 4.48176 4.44889
4.61058 4.65641 4.65765 4.68066 4.58331 4.62061 4.61861 4.52248 4.62053 4.62859 4.53854 4.57702 4.53777 4.54387 4.55061
4.3861 4.39184 4.3923 4.40717 4.4151 4.39841 4.38945 4.36758 4.39288 4.39214 4.39963 4.38831 4.40098 4.40355 4.40254
5.7387 5.80817 5.8839 6.17223 5.03391 6.47877 5.82627 5.5057 6.0153 6.69223 5.85 5.64985 5.78521 5.81935 5.79816
7.72482 7.72545 7.76346 7.82267 7.79641 7.79348 7.70048 7.62574 7.71073 7.75289 7.68312 7.75255 7.67016 7.69303 7.66388
162.858 163.207 163.597 163.214 169.924 161.993 162.471 163.479 162.788 161.979 162.692 162.35 162.258 162.877 162.359
92.3391 92.4391 92.6037 92.2542 92.6593 92.4139 92.6726 92.8189 92.708 92.4038 92.3028 92.2337 92.3515 92.3398 92.2447
151.53 152.592 153.357 153.139 153.653 152.972 153.589 153.315 153.677 152.55 153.686 153.612 153.89 153.889 153.696
75.065 75.4171 75.2555 75.4579 75.2466 75.2684 75.1652 75.323 75.1544 75.1798 75.7109 75.6674 75.7059 75.6347 75.7076
73.2072 73.231 73.6004 73.4259 72.9411 73.2064 73.3058 73.373 73.2575 73.0334 73.5331 73.6534 73.543 73.4955 73.4762
82.2261 82.4213 82.6456 82.4714 81.8872 82.2014 82.6512 82.6985 82.7269 82.2143 82.7059 82.6496 82.6387 82.6578 82.6359
140.289 140.505 140.054 140.61 138.529 140.58 139.825 139.66 140.082 140.485 140.304 140.415 140.173 140.122 140.223
5.92544 5.89765 5.98293 5.98571 6.11802 5.92383 5.93299 5.94975 5.99001 6.06233 5.92698 5.94472 5.92793 5.926 5.92867
6.54105 7.22808 7.38474 7.27151 7.59576 7.21506 7.51459 7.57032 7.4834 6.64901 7.01184 7.27994 7.1296 7.19564 7.04295
4.46468 4.48221 4.53852 4.49347 4.4755 4.45719 4.50874 4.53417 4.50726 4.46447 4.55544 4.50902 4.55808 4.55606 4.55281
4.58442 4.57738 4.60365 4.60245 4.64317 4.58319 4.54055 4.56764 4.55365 4.58025 4.62312 4.60835 4.6203 4.60306 4.60516
4.53065 4.52708 4.53088 4.54087 4.55612 4.53144 4.51372 4.50842 4.51501 4.53536 4.50632 4.50912 4.51021 4.50758 4.50643
4.28426 4.28637 4.27941 4.2998 4.30928 4.29343 4.26864 4.24414 4.27167 4.29255 4.28443 4.2808 4.28742 4.28695 4.28626
8.38487 8.40508 8.17428 8.27261 8.14071 8.37974 8.26422 8.2792 8.35422 8.47296 8.11124 8.21251 8.10094 8.0899 8.09331
96.2301 97.6003 97.2722 97.2787 97.3313 96.89 95.6592 97.1952 95.5481 95.9229 98.29 98.3526 98.3972 98.3058 98.2947
140.663 140.875 140.545 140.973 140.644 141.008 139.933 139.987 140.066 140.912 140.534 140.543 140.423 140.349 140.506
5.50291 5.55029 5.52744 5.52431 5.52385 5.52418 5.49021 5.4556 5.50022 5.49164 5.50989 5.51643 5.51245 5.5078 5.51779
4.53139 4.46132 4.45137 4.52662 4.46533 4.52029 4.64817 4.53561 4.64506 4.61549 4.4928 4.46602 4.49521 4.49873 4.48628
4.41684 4.429 4.42166 4.42828 4.43636 4.43155 4.41184 4.41758 4.4136 4.41735 4.4071 4.40658 4.40644 4.40268 4.39797
4.3632 4.36675 4.36495 4.37307 4.37178 4.36549 4.36568 4.35841 4.36462 4.36304 4.37608 4.3732 4.37538 4.37304 4.38033
5.17007 5.1849 5.2013 5.19475 5.23667 5.2013 5.28455 5.49083 5.16722 5.22012 5.29862 5.332 5.32735 5.33793 5.29835
4.41462 4.37046 4.3547 4.38596 4.42451 4.37512 4.40168 4.25171 4.42439 4.4289 4.26787 4.29695 4.27126 4.25946 4.24652
4.21385 4.20782 4.20363 4.21659 4.23497 4.22433 4.20687 4.20905 4.21402 4.2234 4.20797 4.20273 4.20635 4.20604 4.20789
7.44936 7.49353 7.42718 7.43515 7.48601 7.48247 7.45261 7.41171 7.4502 7.43988 7.4028 7.4498 7.40647 7.40046 7.40745
136.554 137.54 137.412 137.034 137.56 137.262 135.455 136.888 135.814 136.179 136.567 136.633 136.467 136.438 136.401
12.6813 13.0057 12.5478 13.3605 13.3368 13.3592 13.1068 12.4557 12.6773 12.6026 12.3252 12.2794 12.2696 12.2893 12.279
5.74708 5.74435 5.74039 5.73933 5.73462 5.74433 5.7322 5.74252 5.73616 5.74466 5.74292 5.74037 5.74405 5.73509 5.74379
4.72853 4.65637 4.70905 4.73606 4.64892 4.69096 4.79795 4.71033 4.77683 4.74882 4.71496 4.70851 4.70583 4.71883 4.70356
4.59759 4.59304 4.61096 4.5888 4.62202 4.59609 4.58743 4.62716 4.60447 4.59828 4.55131 4.54803 4.5664 4.55459 4.54173
4.42131 4.3556 4.33757 4.48936 4.38136 4.4691 4.41925 4.34795 4.41303 4.43422 4.43384 4.46052 4.42143 4.45195 4.46025
4.31055 4.29641 4.30727 4.29995 4.30112 4.29696 4.31219 4.30216 4.31937 4.31929 4.30256 4.29094 4.30904 4.30764 4.30027
7.75628 7.69193 7.65671 7.70613 7.61799 7.69767 7.64715 7.5481 7.72795 7.75141 7.5555 7.59009 7.5311 7.56735 7.55615
147.382 146.783 145.97 146.871 147.128 147.472 147.457 146.148 146.684 147.585 144.713 144.578 144.7 144.897 144.821
136.309 137.596 137.089 136.382 137.186 136.94 135.598 136.889 135.683 136.073 136.488 136.356 136.5 136.409 136.486
13.5577 13.3142 13.3543 13.5517 13.468 13.3703 13.638 13.1712 13.9618 13.213 13.3193 13.2787 13.2476 13.33 13.2966
5.69265 5.69769 5.68129 5.70338 5.68669 5.7063 5.69408 5.69078 5.68179 5.68801 5.70114 5.69668 5.69184 5.69228 5.69546
4.58297 4.56365 4.56421 4.61257 4.56384 4.59935 4.61932 4.58425 4.65577 4.6439 4.58424 4.5934 4.56087 4.6005 4.57628
4.54779 4.53049 4.53377 4.54029 4.53241 4.54926 4.5433 4.54535 4.54413 4.54008 4.49672 4.48965 4.50063 4.49772 4.49815
4.54119 4.51429 4.5183 4.53855 4.52065 4.53457 4.52839 4.52503 4.52918 4.53604 4.49068 4.48277 4.48666 4.48886 4.4916
4.45773 4.42504 4.39811 4.48691 4.44334 4.46862 4.49253 4.43319 4.47974 4.47531 4.46008 4.46429 4.44759 4.46017 4.4659
4.368 4.34213 4.32732 4.35388 4.33686 4.35874 4.34859 4.33861 4.35623 4.36216 4.33322 4.32757 4.33994 4.33221 4.33448
7.79412 7.61578 7.43273 7.65424 7.52981 7.74362 7.48317 7.42524 7.59352 7.66405 7.46123 7.45072 7.44512 7.43229 7.46628
148.351 147.418 147.095 148.848 147.571 148.47 149.159 147.554 149.695 149.427 147.369 147.555 147.429 147.682 147.641
103.519 103.653 103.261 103.36 103.52 103.433 102.866 103.179 103.351 103.548 103.339 103.302 103.356 103.329 103.305
141.515 141.652 141.559 141.255 141.577 141.327 141.016 141.436 141.257 141.386 141.314 141.322 141.317 141.285 141.391
5.58656 5.59194 5.5937 5.62391 5.59612 5.60204 5.62051 5.59444 5.64691 5.63159 5.60134 5.61323 5.58821 5.60912 5.60362
4.43554 4.43764 4.44321 4.32645 4.44937 4.38282 4.41096 4.49757 4.42738 4.39449 4.33796 4.3394 4.33131 4.32913 4.34203
12.59 12.4061 12.3723 12.6432 12.6077 12.5518 12.5026 12.3311 12.3783 12.5215 11.9165 12.0262 11.9679 11.9304 11.9668
4.47352 4.47069 4.48607 4.50687 4.47065 4.47415 4.51218 4.49563 4.50176 4.48961 4.46256 4.4685 4.45441 4.46691 4.46913
5.1568 5.17916 4.96754 5.08343 5.14372 5.16728 5.02681 5.00444 5.05278 5.12202 5.14648 5.11883 5.16498 5.12843 5.09197
7.62833 7.66863 7.68696 7.60657 7.68466 7.63071 7.61748 7.6517 7.58111 7.61761 7.7133 7.69387 7.69914 7.69643 7.697
159.582 159.229 158.896 159.303 158.83 159.789 159.881 159.507 160.201 159.781 158.487 158.836 158.52 158.455 158.782
103.072 103.239 102.899 102.852 102.771 103.043 102.356 102.309 102.622 103.112 103.059 102.928 103.077 103.085 102.981
142.856 142.878 142.765 142.361 142.838 142.653 142.392 142.736 142.636 142.77 142.369 142.35 142.392 142.278 142.496
5.61047 5.62195 5.62074 5.64899 5.6044 5.66476 5.61972 5.61633 5.67501 5.67921 5.68982 5.67729 5.6649 5.69862 5.65548
4.38978 4.3794 4.39239 4.31945 4.38595 4.37127 4.39861 4.38475 4.3435 4.36985 4.3701 4.36274 4.33843 4.35782 4.3629
14.5422 14.3351 14.0475 14.4264 14.5553 14.4657 14.6716 14.6769 14.4739 14.6043 14.0595 14.081 13.9342 14.0252 14.0566
4.51197 4.50459 4.51299 4.51533 4.51444 4.50829 4.53503 4.53412 4.51557 4.51376 4.4972 4.49913 4.49628 4.49312 4.49024
4.42943 4.43225 4.43331 4.44399 4.42842 4.45242 4.43661 4.43121 4.45267 4.45843 4.47423 4.45905 4.45356 4.48388 4.45247
5.70614 5.67914 5.65257 5.68093 5.6992 5.67839 5.61003 5.67358 5.72583 5.72926 5.55825 5.56585 5.57298 5.54388 5.58688
4.22289 4.2227 4.22581 4.22939 4.21839 4.23201 4.25194 4.23641 4.23164 4.23491 4.23104 4.22266 4.22325 4.23589 4.21278
8.07232 8.01701 8.02313 8.12251 8.05758 8.06382 8.05508 8.03308 8.16608 8.15333 7.96382 7.96853 7.96036 7.95357 7.97127
161.348 160.678 160.831 161.223 160.923 161.269 163.317 161.987 161.158 161.605 160.608 160.712 160.357 160.465 160.582
82.796 82.9835 82.8347 82.8003 82.7604 82.7155 82.619 82.7207 82.7517 82.7354 82.5785 82.5978 82.6743 82.636 82.687
96.9198 96.5783 96.8483 96.193 96.7795 97.1998 97.4681 97.1158 96.5541 96.4356 98.1405 98.1374 98.1404 98.1288 97.9266
142.519 142.689 142.552 142.377 142.471 142.414 142.165 142.322 142.389 142.572 142.248 142.215 142.266 142.302 142.343
5.60857 5.61844 5.63286 5.56393 5.58491 5.59675 5.63588 5.62387 5.61611 5.61145 5.63729 5.62466 5.62528 5.6385 5.62767
4.17152 4.17243 4.15814 4.17522 4.167 4.17307 4.14843 4.1676 4.16372 4.16046 4.15154 4.15713 4.16502 4.15011 4.15444
4.3179 4.30174 4.31463 4.31008 4.31717 4.31314 4.3173 4.31691 4.32251 4.31451 4.31993 4.3178 4.31832 4.32034 4.31459
4.34012 4.33364 4.33638 4.32714 4.33813 4.33548 4.35 4.35042 4.33591 4.33998 4.34134 4.33728 4.33524 4.33889 4.33791
5.73295 5.7389 5.7464 5.71966 5.7109 5.73286 5.7407 5.72031 5.77301 5.73925 5.73723 5.72682 5.71453 5.73862 5.75065
4.18302 4.18323 4.1864 4.19228 4.18313 4.18558 4.18386 4.18133 4.19291 4.19807 4.18174 4.18145 4.18282 4.17951 4.17887
7.91538 7.93489 7.90897 7.94522 7.91075 7.91407 7.89029 7.90887 7.94593 7.95114 7.86922 7.86637 7.86811 7.86642 7.8656
