92.4781 92.2239 92.2753 92.1199 92.0714 92.3014 92.1012 92.3423 92.2214 92.3197 92.0962 92.1505 92.2154 92.1071 92.1075 92.0984 92.2085 92.3024 92.3208 92.198 92.061 92.1137 92.0674 92.0684 92.02 92.1262 92.0557 92.0828 92.0911 92.0949 92.0513 92.1277 92.0678 92.0508
75.3593 75.3871 75.5532 75.7037 75.468 75.216 75.5896 75.4987 75.5184 75.3817 75.7018 75.4795 75.4159 75.549 75.4683 75.5853 75.4938 75.5742 75.4541 75.4759 75.6365 75.5411 75.7041 75.664 75.6419 75.594 75.5558 75.5249 75.7001 75.6635 75.6349 75.5404 75.5721 75.5274
71.9041 71.9993 72.4297 72.5304 72.014 71.8595 72.2783 72.3511 71.9715 71.9926 72.3527 72.1257 71.8734 72.1262 72.1184 72.3498 71.7177 72.4206 72.0958 72.1231 72.8953 72.9398 72.8032 72.6813 72.9682 72.8095 72.7199 72.7162 72.9586 72.7639 72.6991 72.9156 72.8244 72.6944
82.7048 82.6734 82.8202 82.9258 82.7109 82.7515 82.7744 82.8155 82.7042 82.838 82.8255 82.7209 82.7398 82.7361 82.7804 82.8479 82.7682 82.8799 82.7171 82.7 82.9714 82.9138 82.942 82.8361 82.9346 82.8768 82.7202 82.7148 82.9272 82.9034 82.8382 82.9574 82.8076 82.8063
66.4194 66.3523 66.4195 66.4099 66.2894 66.3931 66.3307 66.4327 66.3411 66.4762 66.3823 66.3165 66.3805 66.3015 66.3135 66.3118 66.3533 66.4325 66.3597 66.3647 66.4264 66.4451 66.4339 66.4029 66.4211 66.4709 66.3732 66.3921 66.4935 66.4245 66.4068 66.4876 66.4814 66.3138
138.084 137.711 138.657 138.657 137.739 137.747 138.291 138.644 137.517 138.029 138.254 137.952 137.545 138.098 137.708 138.175 137.522 138.63 138.173 137.977 138.658 138.681 138.835 138.355 138.465 138.558 137.693 137.791 138.807 138.602 138.301 138.809 138.206 137.996
12.5375 12.5782 12.507 12.2159 12.5155 12.6919 12.6063 12.2514 12.5512 12.2896 12.4252 12.7 12.6047 12.6125 12.3303 12.4838 12.5721 12.592 12.4816 12.6641 12.6877 12.5358 12.5848 12.3671 12.7019 12.5555 12.6956 12.5509 12.4863 12.5089 12.5851 12.6815 12.3977 12.7024
5.76184 5.75228 5.73704 5.75054 5.73112 5.7534 5.72976 5.74549 5.73274 5.75801 5.74904 5.7351 5.74235 5.7266 5.72633 5.72471 5.7337 5.74998 5.74756 5.74437 5.7101 5.7107 5.7197 5.71026 5.71464 5.72092 5.7165 5.71905 5.72148 5.71185 5.71579 5.7235 5.72315 5.69504
4.66136 4.67848 4.64187 4.58901 4.60599 4.62827 4.62346 4.69283 4.61045 4.67066 4.58947 4.64493 4.61189 4.58214 4.62317 4.58543 4.61335 4.63399 4.63971 4.63942 4.63464 4.68669 4.65027 4.63766 4.62799 4.65964 4.65169 4.675 4.66264 4.64524 4.66341 4.68564 4.69556 4.6388
4.50959 4.53394 4.53556 4.54326 4.52311 4.50077 4.54204 4.54244 4.5178 4.52499 4.54481 4.53269 4.50906 4.52004 4.53161 4.52973 4.52342 4.53873 4.51668 4.52226 4.5698 4.58181 4.56652 4.56601 4.5743 4.56151 4.57084 4.57591 4.56706 4.54588 4.5628 4.57704 4.56721 4.56713
4.50545 4.506 4.50382 4.49643 4.50328 4.50421 4.50447 4.50498 4.50221 4.50047 4.50228 4.50592 4.50007 4.50188 4.50147 4.49804 4.49766 4.49896 4.50537 4.50367 4.5064 4.51462 4.50722 4.51173 4.50853 4.51187 4.51661 4.52081 4.50889 4.50169 4.50673 4.5098 4.51516 4.51013
4.23923 4.25749 4.24648 4.2408 4.25503 4.23396 4.26209 4.25628 4.24512 4.22802 4.25015 4.26186 4.23349 4.2504 4.25845 4.24742 4.22629 4.23852 4.24876 4.25338 4.27331 4.27719 4.26643 4.28209 4.27646 4.27508 4.29454 4.28908 4.27095 4.27384 4.28343 4.26908 4.29094 4.28722
4.2053 4.21802 4.19124 4.19251 4.21048 4.20769 4.19997 4.19849 4.21184 4.19205 4.20702 4.21207 4.21129 4.20418 4.20782 4.1932 4.19474 4.1909 4.20601 4.20339 4.2067 4.20646 4.20522 4.2205 4.22687 4.20921 4.24133 4.23416 4.20929 4.20584 4.22036 4.20999 4.2294 4.22016
7.9252 8.06084 7.92428 7.86643 8.05375 7.84434 8.00895 7.99407 7.95018 7.72488 7.96805 8.06266 7.8291 7.9664 7.94034 7.87405 7.78749 7.87381 8.00595 7.99803 8.00727 8.0198 8.02719 8.10977 8.03787 8.00691 8.2045 8.2087 8.03528 7.98259 8.11827 7.99841 8.16247 8.15067
146.729 146.847 146.289 145.97 146.595 146.409 146.178 146.423 146.496 146.198 145.95 146.498 146.833 146.552 146.532 146.775 146.935 146.448 146.205 147.191 146.799 146.545 146.369 146.126 146.742 146.431 146.686 146.489 145.931 146.515 146.347 146.652 146.042 146.744
92.8622 92.788 92.5847 92.6283 92.6485 92.8607 92.6353 92.6793 92.529 92.8248 92.5706 92.65 92.7867 92.5415 92.5431 92.4526 92.5802 92.7315 92.7147 92.5171 92.4215 92.4431 92.4034 92.3629 92.3606 92.5687 92.5796 92.5682 92.4981 92.4315 92.5428 92.6121 92.593 92.4151
75.4514 75.0635 75.2631 74.9652 75.414 75.436 75.2736 75.3535 75.464 75.2032 75.2718 75.4211 75.2059 75.0778 75.4759 75.3802 75.2899 74.9831 75.4723 75.1269 75.3059 75.0954 75.3006 75.132 75.406 75.455 75.5292 75.4845 75.265 74.9499 75.331 75.4296 75.4164 75.2586
72.8306 72.7524 72.5958 72.933 72.778 72.7213 72.5053 72.5672 72.5467 72.6306 73.039 72.7925 72.6445 72.7518 72.5099 72.6942 72.8591 72.8205 73.1019 72.2695 73.0814 72.9885 73.4501 73.4634 73.3808 72.7493 72.8872 72.5218 73.2029 72.8581 73.0963 72.5571 72.7708 72.9111
82.4192 82.5458 82.5176 82.7275 82.6235 82.4646 82.581 82.4991 82.4876 82.4879 82.7078 82.5412 82.5123 82.5768 82.5067 82.5978 82.6382 82.643 82.5405 82.44 82.7594 82.7287 82.8878 82.8911 82.8961 82.6529 82.7348 82.615 82.7752 82.6958 82.734 82.6351 82.644 82.731
65.4955 65.5331 65.499 65.5708 65.6267 65.5715 65.5598 65.4611 65.5009 65.4386 65.5276 65.5905 65.5674 65.5991 65.5527 65.6223 65.5972 65.5474 65.5954 65.4817 65.7675 65.7171 65.8037 65.7997 65.8318 65.645 65.6939 65.6109 65.7348 65.7056 65.7761 65.5747 65.6304 65.7512
137.186 137.049 136.895 137.341 137.058 137.124 136.972 137.038 136.88 137.127 137.615 136.916 136.953 136.946 136.638 136.761 137.019 137.185 137.224 136.588 136.755 136.568 137.144 136.997 137.172 136.842 137.025 136.888 137.012 136.754 136.816 137.036 137.003 136.403
12.6223 12.6718 12.6673 12.6393 12.6859 12.5062 12.6161 12.5616 12.4155 12.6805 12.5494 12.5698 12.8187 12.7163 12.5879 12.5654 12.7421 12.4429 12.4037 12.6006 12.6923 12.9178 13.043 12.6466 12.5041 12.9188 12.6018 12.7897 12.9249 12.7979 12.8775 12.5982 12.6278 12.7598
5.73632 5.71058 5.72618 5.71657 5.71561 5.72262 5.71392 5.73373 5.71196 5.70222 5.71242 5.71721 5.71167 5.7071 5.70639 5.70673 5.69718 5.71608 5.73208 5.7076 5.71812 5.71633 5.73543 5.72545 5.72915 5.72241 5.73138 5.73062 5.73096 5.70855 5.72844 5.72336 5.72745 5.72081
4.52676 4.55941 4.51879 4.53122 4.55483 4.54508 4.56518 4.54796 4.55033 4.54863 4.55894 4.55203 4.54298 4.56525 4.53058 4.54079 4.55834 4.54887 4.51944 4.56805 4.55677 4.55682 4.54723 4.54742 4.56362 4.55154 4.55167 4.56116 4.5468 4.57729 4.55199 4.56352 4.56978 4.55373
4.58199 4.57916 4.58688 4.57671 4.58149 4.58341 4.56553 4.58082 4.57568 4.57308 4.58404 4.58032 4.56457 4.56257 4.57738 4.57256 4.57446 4.56939 4.58534 4.57301 4.5876 4.60685 4.59768 4.59804 4.59256 4.6021 4.5947 4.5932 4.6001 4.56699 4.58438 4.58974 4.5925 4.58508
4.51904 4.50963 4.52704 4.50423 4.5144 4.51181 4.51639 4.52075 4.52897 4.52015 4.50517 4.52259 4.5231 4.51892 4.51566 4.52042 4.51415 4.51728 4.52114 4.51762 4.51946 4.52317 4.51181 4.51197 4.51707 4.5235 4.5222 4.52593 4.51373 4.51311 4.51152 4.52058 4.52508 4.52041
4.43278 4.37382 4.43967 4.41961 4.40717 4.40131 4.39731 4.42746 4.43725 4.3613 4.4142 4.41239 4.41139 4.44716 4.40339 4.4384 4.43063 4.43033 4.45035 4.40004 4.46544 4.45227 4.47963 4.47572 4.48703 4.44296 4.44633 4.42581 4.47044 4.46637 4.45022 4.41582 4.4277 4.46517
4.29534 4.27254 4.26649 4.2636 4.28869 4.30739 4.25869 4.26306 4.29279 4.27636 4.26726 4.28257 4.29718 4.30319 4.27505 4.2892 4.29338 4.267 4.29349 4.28348 4.27764 4.26733 4.27837 4.27945 4.28844 4.26349 4.26717 4.26202 4.26609 4.26495 4.26969 4.25211 4.26086 4.28388
7.60777 7.50688 7.62557 7.5566 7.63574 7.624 7.53373 7.52398 7.79408 7.55027 7.59013 7.64317 7.65034 7.71775 7.62348 7.73264 7.65651 7.54689 7.60388 7.7529 7.50729 7.38271 7.41553 7.40547 7.4609 7.49595 7.46078 7.42824 7.40858 7.49047 7.41457 7.38256 7.41511 7.53028
147.368 147.57 147.025 147.58 147.473 147.294 147.506 147.113 146.705 147.014 147.415 147.276 146.996 147.599 146.905 147.378 147.098 147.274 147.516 147.291 147.535 147.916 148.662 148.108 147.91 148.076 148.044 148.174 148.516 148.104 148.233 147.693 148.133 147.523
93.3295 93.6563 93.6435 93.5424 93.5186 93.5475 93.679 93.4938 93.5314 93.6979 93.5109 93.5594 93.7019 93.5609 93.4188 93.5661 93.6809 93.6132 93.6571 93.594 93.3564 93.4076 93.2506 93.2096 93.3048 93.4949 93.4935 93.3998 93.2919 93.4793 93.3221 93.4963 93.432 93.2726
75.7403 75.7301 75.6828 75.671 75.2594 75.753 75.7783 75.8165 75.4526 75.6176 75.5366 75.4423 75.5616 75.7844 75.1002 75.53 75.3735 75.7892 75.6423 75.6879 75.181 75.0376 75.3735 75.1942 75.2695 75.0519 75.2283 75.3678 75.3368 75.8919 75.2645 75.1266 75.2814 75.4706
72.8148 72.6197 72.5197 72.6471 73.183 72.8539 72.5518 72.8236 73.11 72.7117 73.1572 72.9739 72.57 72.3283 73.2315 72.7166 73.0292 72.4794 72.5213 72.8122 73.3719 73.1827 73.1191 73.1634 73.2615 73.2651 73.1771 73.2294 73.0741 72.3283 73.0848 73.1945 73.1615 73.0046
82.5563 82.5088 82.5419 82.6088 82.3006 82.4 82.4373 82.3843 82.2677 82.444 82.4413 82.273 82.5649 82.6744 82.3729 82.4887 82.29 82.6214 82.514 82.5378 82.4682 82.4891 82.5104 82.6018 82.4711 82.3318 82.2059 82.3678 82.4874 82.6183 82.4542 82.3241 82.3483 82.5797
64.815 64.9797 64.8972 64.9833 64.6421 64.7523 64.8176 64.7392 64.6053 64.7582 64.765 64.6435 64.9518 65.0977 64.6714 64.7744 64.758 65.0365 64.9007 64.8918 64.8631 64.8852 64.902 64.9996 64.9258 64.6956 64.6272 64.8534 64.8948 65.1073 64.8629 64.6719 64.763 64.9607
5.61728 5.61475 5.62309 5.61011 5.60061 5.60654 5.61966 5.62244 5.60064 5.62445 5.61709 5.61373 5.62962 5.60587 5.59581 5.61149 5.60283 5.60625 5.63417 5.61184 5.55306 5.524 5.5714 5.5686 5.55701 5.54375 5.56967 5.59396 5.55282 5.59825 5.55762 5.55554 5.58776 5.56243
4.41421 4.47801 4.47097 4.46197 4.39916 4.41369 4.46189 4.41752 4.3938 4.42653 4.39135 4.43275 4.48685 4.46426 4.4255 4.43509 4.39011 4.43239 4.45607 4.42902 4.44381 4.44757 4.4531 4.46398 4.47249 4.43005 4.42234 4.44976 4.46496 4.47063 4.46629 4.43567 4.43383 4.45154
4.47332 4.49385 4.49558 4.47475 4.46202 4.47212 4.48618 4.48419 4.47217 4.48715 4.45771 4.48596 4.50064 4.4854 4.45316 4.47811 4.46654 4.49208 4.50195 4.46188 4.46416 4.4578 4.47396 4.45641 4.46874 4.46417 4.48845 4.47728 4.46885 4.49841 4.46783 4.46278 4.46745 4.47005
4.36408 4.3608 4.36199 4.35712 4.36415 4.36266 4.36498 4.36672 4.36028 4.36015 4.35825 4.36909 4.359 4.3519 4.37871 4.35458 4.35317 4.34752 4.35539 4.35573 4.37691 4.36411 4.37407 4.36916 4.37316 4.37521 4.36163 4.37479 4.37518 4.36281 4.37427 4.37371 4.37073 4.37179
5.38805 5.36396 5.27675 5.2464 5.4372 5.43764 5.39064 5.39428 5.50994 5.39606 5.4506 5.44205 5.33527 5.24838 5.45145 5.39895 5.40057 5.21743 5.35423 5.35163 5.36627 5.28178 5.31243 5.2748 5.36495 5.39193 5.37213 5.38298 5.29534 5.19693 5.31498 5.44799 5.40785 5.31595
4.44906 4.40274 4.3965 4.41739 4.39989 4.44701 4.42396 4.44931 4.36011 4.31323 4.40382 4.39443 4.34801 4.41539 4.444 4.34008 4.35095 4.34684 4.31799 4.39553 4.47652 4.43377 4.48256 4.47317 4.49499 4.45113 4.44171 4.46729 4.49351 4.44376 4.47909 4.43834 4.43335 4.49357
4.19399 4.20782 4.22213 4.19107 4.19461 4.17935 4.20433 4.19312 4.20228 4.22577 4.17416 4.21589 4.22907 4.20154 4.18044 4.2176 4.18468 4.22463 4.2421 4.18108 4.1971 4.20138 4.19849 4.19605 4.1982 4.20434 4.21296 4.20579 4.20132 4.21974 4.2054 4.21314 4.21036 4.19849
7.60071 7.59917 7.59569 7.57959 7.56474 7.59034 7.58695 7.57047 7.58238 7.58435 7.5837 7.56823 7.60961 7.61839 7.5764 7.58283 7.57433 7.59759 7.60059 7.58473 7.54469 7.5256 7.53682 7.53499 7.5265 7.50138 7.49047 7.50187 7.53408 7.56804 7.54649 7.55144 7.53449 7.55854
92.0036 92.015 92.1497 92.0047 91.9186 91.8493 91.8951 91.8638 91.9192 92.2367 92.0088 92.0473 92.2642 92.0043 92.0554 92.1509 91.9669 91.9519 92.2917 91.8973 91.7644 91.8286 91.7376 91.8514 91.7372 91.8464 91.8549 91.9678 91.7634 91.9184 91.7656 91.7629 91.987 91.7175
75.5402 75.4059 75.4735 75.74 75.7777 75.5153 75.6489 75.5504 75.7073 75.4494 75.5049 75.464 75.3468 75.8366 75.6449 75.6324 75.7621 75.6125 75.3854 75.7976 75.7262 75.843 75.7508 75.6607 75.7267 75.6549 75.7626 75.7188 75.8166 75.7 75.7927 75.8068 75.7273 75.7179
73.1218 73.1748 73.1759 73.1232 72.9146 73.33 73.4071 73.1537 73.1334 73.3174 73.1137 72.7553 73.2034 73.1012 72.4285 73.0123 72.948 73.2736 73.3932 72.8396 72.5297 72.5982 72.6512 72.6462 72.6114 72.9279 72.8093 72.4869 72.4365 73.5901 72.4907 72.6493 72.5776 72.8358
82.8853 82.9968 82.9235 82.8637 82.7534 82.9939 83.003 82.9516 82.8293 82.9286 82.8474 82.7294 82.8813 82.8667 82.6157 82.7908 82.8587 82.9588 82.9372 82.8147 82.6566 82.6772 82.7506 82.5922 82.6769 82.718 82.7715 82.5985 82.6514 82.917 82.6798 82.7288 82.5992 82.7385
65.8592 65.84 65.893 65.8497 65.8059 65.7924 65.7808 65.8336 65.9719 65.9504 65.842 65.8795 66.0021 65.7953 65.8731 65.9665 65.8019 65.8858 65.9841 65.7609 65.6322 65.7051 65.6384 65.7187 65.6392 65.7121 65.7152 65.7443 65.6207 65.7403 65.6125 65.656 65.7845 65.6614
137.479 137.698 137.66 137.524 137.557 137.73 137.674 137.536 137.778 137.878 137.81 137.35 137.768 137.427 137.208 137.542 137.891 137.526 137.984 137.272 136.851 136.806 136.985 136.851 136.796 137.385 137.52 137.074 136.812 137.231 136.866 137.017 136.952 136.734
12.1071 12.5268 12.1142 12.2249 12.1566 12.1774 11.9523 12.1871 12.2669 12.3183 12.038 12.2007 12.4555 12.0745 12.0846 12.2887 12.0719 11.9364 12.2027 12.1563 12.3857 11.8469 12.3293 12.0057 11.9162 12.2358 12.0339 12.1485 11.9393 12.1922 12.1775 12.1724 12.0822 12.4437
5.65641 5.64828 5.64792 5.66304 5.65559 5.66237 5.66976 5.6567 5.64725 5.65758 5.64234 5.64369 5.62164 5.66536 5.65736 5.65209 5.67166 5.64467 5.6407 5.66543 5.64985 5.6674 5.65138 5.64884 5.64762 5.66276 5.67207 5.65945 5.65815 5.66642 5.66214 5.66117 5.65302 5.65019
4.61205 4.60805 4.62116 4.56665 4.54523 4.62118 4.56686 4.61851 4.61641 4.61509 4.61031 4.6223 4.61203 4.55719 4.59847 4.62081 4.61536 4.6114 4.62541 4.60666 4.59709 4.58964 4.59402 4.60967 4.59181 4.60821 4.58667 4.59872 4.60101 4.59583 4.59385 4.59029 4.60318 4.59488
4.57777 4.58431 4.57528 4.5784 4.59151 4.57763 4.58291 4.57612 4.58665 4.57822 4.57805 4.57716 4.58132 4.57694 4.58094 4.57489 4.57474 4.58108 4.57965 4.57465 4.58989 4.62264 4.5958 4.60732 4.60211 4.58657 4.58549 4.58988 4.5953 4.62026 4.60584 4.61052 4.5981 4.59159
4.46747 4.46491 4.46994 4.46947 4.46862 4.46781 4.4675 4.46368 4.46814 4.46727 4.4671 4.47223 4.46158 4.46309 4.47101 4.46969 4.46977 4.46704 4.46268 4.46927 4.47123 4.47467 4.46748 4.47395 4.47214 4.46796 4.46401 4.47276 4.46901 4.46306 4.46984 4.4698 4.47131 4.47006
4.44576 4.47245 4.46118 4.45726 4.41364 4.49745 4.494 4.48568 4.43818 4.43028 4.4424 4.3955 4.32384 4.45266 4.35656 4.42109 4.49508 4.46481 4.4146 4.48877 4.38777 4.37834 4.38637 4.34716 4.38726 4.40872 4.43161 4.34086 4.38546 4.44112 4.37689 4.39595 4.34414 4.40868
4.30684 4.25396 4.28041 4.29356 4.30452 4.30258 4.28792 4.27698 4.29462 4.30271 4.30633 4.27737 4.26058 4.29789 4.28022 4.30781 4.28928 4.29703 4.28898 4.31304 4.29037 4.3016 4.28325 4.2983 4.28893 4.28616 4.27248 4.27123 4.28828 4.27885 4.28518 4.29294 4.2828 4.30126
7.73148 7.59361 7.66409 7.7387 7.81677 7.73615 7.70519 7.64002 7.69758 7.68315 7.77875 7.70602 7.59309 7.70485 7.81064 7.73109 7.73989 7.69466 7.66023 7.84105 7.84689 7.87454 7.80477 7.83598 7.84886 7.75952 7.60965 7.67352 7.84353 7.59737 7.83767 7.83701 7.69789 7.81456
146.857 147.121 146.756 146.862 146.648 146.87 146.61 146.858 146.514 146.861 146.549 146.701 146.435 146.496 146.844 146.592 146.813 146.385 146.852 146.759 147.436 146.828 147.367 147.046 146.988 147.265 146.905 147.123 147.006 146.457 147.247 147.305 146.994 147.465
92.6263 92.691 92.7485 92.5502 92.3967 92.6637 92.6056 92.7013 92.526 92.6877 92.6855 92.7162 92.7051 92.3694 92.7176 92.73 92.688 92.5663 92.7708 92.5047 92.2941 92.2513 92.2503 92.3805 92.2394 92.361 92.3075 92.2701 92.3015 92.2153 92.2165 92.1448 92.3411 92.2301
153.868 153.867 153.81 153.824 153.965 153.794 153.875 153.785 153.889 153.825 153.725 153.86 153.843 153.901 153.979 153.827 153.854 153.789 153.811 153.878 153.789 153.886 153.803 153.679 153.738 153.729 153.694 153.823 153.794 153.761 153.78 153.834 153.81 153.789
75.1167 75.372 74.7994 74.8467 75.116 75.2235 74.972 74.8079 74.9611 74.9007 74.7915 74.9489 74.7919 75.1087 75.1117 75.2424 74.8522 74.7832 74.6296 75.0541 75.4505 75.3725 75.4015 75.4115 75.3175 75.3481 75.2973 75.4429 74.9057 75.2427 75.3435 75.4661 75.5136 75.4138
73.7083 73.3862 73.6356 73.3104 73.4276 73.5651 73.5449 73.7041 73.3106 73.6453 73.6086 73.3148 73.3849 73.4164 73.5725 73.3015 73.5079 73.3773 73.5799 73.4172 73.1328 73.3039 73.1355 72.972 73.1751 73.2189 73.2784 73.1058 73.5099 73.3756 73.2716 73.3012 73.0669 73.0751
83.0456 82.9526 82.97 82.9195 83.0015 82.9862 83.0016 82.9844 82.8668 82.9519 82.966 82.8696 82.9068 82.9797 82.9699 82.8733 82.9513 82.905 82.9375 82.991 83.0201 83.1286 83.0235 82.9513 83.0019 82.9445 83.0111 83.0238 83.0339 83.0134 83.0281 83.1064 83.026 82.9917
65.8581 65.7851 65.8541 65.7522 65.7388 65.8671 65.854 65.8429 65.64 65.8421 65.8384 65.7347 65.8042 65.7641 65.7898 65.7513 65.8225 65.7754 65.8961 65.7892 65.7285 65.7044 65.7289 65.6917 65.693 65.7229 65.7194 65.6648 65.7924 65.7033 65.7323 65.6889 65.6654 65.6899
140.532 140.555 140.481 140.527 140.541 140.526 140.592 140.48 140.435 140.568 140.544 140.46 140.505 140.409 140.395 140.425 140.383 140.431 140.477 140.31 140.134 140 140.145 140.262 140.166 140.352 140.383 140.25 139.892 140.441 140.042 140.22 140.197 140.225
5.93893 5.95042 5.91617 5.92438 5.95295 5.94676 5.9295 5.93051 5.93954 5.92935 5.92319 5.93943 5.92885 5.95398 5.95848 5.9537 5.93205 5.9197 5.91509 5.94911 5.97496 5.98719 5.97663 5.97307 5.974 5.95788 5.96876 5.97757 5.95713 5.96377 5.97525 5.98458 5.9733 5.978
7.67946 7.67701 7.66222 7.64971 7.71376 7.66519 7.66814 7.64404 7.70074 7.65171 7.64939 7.66175 7.6945 7.68707 7.6726 7.65008 7.66073 7.659 7.70819 7.72717 7.67104 7.67577 7.68039 7.67492 7.68223 7.66513 7.64669 7.68508 7.66858 7.66054 7.67099 7.68385 7.64464 7.68373
4.54597 4.54479 4.54899 4.56081 4.52707 4.55291 4.55283 4.54872 4.54236 4.54403 4.53756 4.55655 4.54882 4.52824 4.54624 4.54668 4.53536 4.56634 4.52927 4.52954 4.53246 4.55714 4.55435 4.52665 4.55722 4.5328 4.51155 4.55912 4.50081 4.54401 4.56032 4.53513 4.51971 4.56613
4.65189 4.66144 4.65335 4.64561 4.64445 4.65045 4.65502 4.63962 4.63994 4.65298 4.64651 4.64864 4.65361 4.62423 4.62821 4.63956 4.63304 4.64433 4.65589 4.61938 4.64064 4.62866 4.63992 4.63979 4.64389 4.6274 4.60759 4.64008 4.59289 4.62641 4.63371 4.62752 4.62533 4.63911
4.49772 4.50081 4.49745 4.50165 4.50687 4.49829 4.4992 4.49959 4.50796 4.49637 4.49943 4.49794 4.49699 4.5028 4.50143 4.50322 4.50178 4.50075 4.4959 4.50008 4.50741 4.50681 4.50568 4.50472 4.50669 4.50169 4.50566 4.50758 4.50407 4.50669 4.50651 4.51091 4.50566 4.50427
4.49877 4.51507 4.50686 4.54248 4.55652 4.52856 4.52403 4.53634 4.53615 4.50626 4.54843 4.51439 4.54683 4.57227 4.53261 4.51878 4.54909 4.55077 4.53744 4.5592 4.61727 4.5244 4.6116 4.59148 4.60815 4.58425 4.55104 4.57262 4.56996 4.5539 4.59254 4.55439 4.55932 4.61222
4.34493 4.35508 4.34408 4.33942 4.3455 4.34692 4.34052 4.34585 4.34766 4.34586 4.33866 4.34873 4.34383 4.34126 4.34982 4.35052 4.33882 4.33755 4.34082 4.33871 4.35241 4.35623 4.34463 4.35153 4.34669 4.34326 4.34935 4.35666 4.33871 4.34479 4.35009 4.3559 4.35532 4.34775
7.98121 8.03377 8.01016 8.11061 8.17807 8.03843 8.10385 8.07721 7.99637 8.00623 8.14787 8.01135 8.08356 8.19012 8.10921 8.01623 8.11641 8.01079 8.0927 8.06626 8.13914 7.79304 8.12446 8.0726 8.06869 8.07354 7.98979 7.96584 7.9539 7.92798 7.98409 7.91551 7.98755 8.08526
92.506 92.4061 92.586 92.6481 92.5025 92.5351 92.6148 92.5904 92.5748 92.6389 92.681 92.5944 92.6331 92.5494 92.6403 92.7066 92.6389 92.6259 92.6289 92.6555 92.2918 92.334 92.3064 92.386 92.411 92.5581 92.5981 92.2878 92.5984 92.5269 92.4837 92.3604 92.326 92.344
75.6806 75.7642 75.5207 75.4619 75.6525 75.647 75.5724 75.6078 75.6851 75.5067 75.4196 75.7473 75.6227 75.6626 75.583 75.4201 75.5553 75.5258 75.434 75.4919 75.651 75.7149 75.7188 75.671 75.413 75.5347 75.5939 75.7372 75.6151 75.6551 75.4402 75.8354 75.7401 75.6206
73.439 73.2902 73.7527 72.819 72.8483 73.6734 73.1284 73.6441 72.6891 73.3445 73.6206 72.6367 72.8509 72.7592 73.4935 73.3393 73.8139 72.9772 73.7979 73.4117 72.547 72.3559 72.1559 72.8842 72.5061 72.7998 72.7659 71.8487 72.8243 72.482 72.5136 72.5178 72.8423 72.1665
83.2401 83.3083 83.1979 83.0825 83.11 83.2608 83.1282 83.0967 83.0574 83.1358 83.1615 83.0171 83.0203 83.0078 83.1099 83.152 83.1661 83.0188 83.1162 83.0715 83.193 83.003 83.0504 83.1619 83.0014 83.0482 83.0124 82.9721 82.8549 82.9616 82.9397 83.0935 83.2917 83.0006
104.11 103.946 104.084 104.107 104.161 104.114 104.15 103.999 104.103 104.06 104.112 104.036 104.151 104.139 104.128 104.249 104.236 104.136 104.19 104.393 103.478 103.585 103.471 103.418 103.48 103.659 103.727 103.462 103.417 103.463 103.645 103.593 103.408 103.423
65.2319 65.0498 65.4855 65.3602 65.174 65.2163 65.2795 65.5087 65.1997 65.3207 65.4291 65.2403 65.3765 65.1834 65.287 65.1685 65.4074 65.4987 65.6128 65.3731 64.8565 64.9594 64.8806 64.9247 65.0159 65.0301 65.0192 64.8927 65.1872 65.0161 64.9761 64.9234 64.8639 64.9309
141.542 141.533 141.573 141.208 141.382 141.598 141.361 141.419 141.27 141.327 141.345 141.206 141.204 141.41 141.664 141.443 141.543 141.204 141.568 141.575 140.909 140.878 140.804 141.069 140.848 141.16 141.087 140.799 140.938 141.044 140.897 141.171 141.115 140.82
5.47153 5.45888 5.45854 5.45669 5.46846 5.48207 5.47023 5.46142 5.46887 5.4715 5.47159 5.47417 5.47455 5.47886 5.47967 5.45374 5.47714 5.45802 5.43621 5.45867 5.44615 5.44812 5.45092 5.43568 5.43045 5.47149 5.46913 5.44219 5.4698 5.47167 5.4417 5.46815 5.47133 5.44874
4.41064 4.4163 4.42149 4.47367 4.3877 4.42107 4.40206 4.40295 4.41395 4.4192 4.41163 4.39876 4.38852 4.42454 4.42064 4.42349 4.39123 4.4467 4.40715 4.40092 4.42206 4.38079 4.40572 4.40524 4.4424 4.4298 4.40308 4.39944 4.40532 4.42244 4.43583 4.40643 4.39257 4.41868
13.415 13.4094 13.2831 12.7423 13.1568 13.0317 13.1024 13.6195 13.3952 13.0401 12.9496 13.2581 13.5271 13.3298 12.8626 12.8764 13.2278 13.1103 13.2599 13.3404 13.2233 13.7536 13.5169 13.3301 13.59 12.5473 12.7491 13.5675 13.4282 13.0503 13.4491 13.1571 12.7618 13.1634
4.48057 4.4811 4.46305 4.46777 4.47928 4.47863 4.47515 4.4915 4.48026 4.48307 4.47691 4.48123 4.48201 4.491 4.48321 4.4764 4.47228 4.4864 4.47397 4.48553 4.4939 4.51002 4.50568 4.49396 4.48259 4.49619 4.49996 4.50934 4.50213 4.51265 4.487 4.52199 4.50101 4.49765
4.35039 4.35546 4.34755 4.356 4.35398 4.35366 4.35593 4.35282 4.35289 4.35679 4.35429 4.35393 4.35226 4.35434 4.35575 4.3642 4.35291 4.35875 4.34815 4.35417 4.35757 4.35445 4.35612 4.35947 4.35626 4.36687 4.36716 4.35736 4.3574 4.36611 4.36174 4.36433 4.36149 4.35546
5.38578 5.38291 5.37879 5.31712 5.38133 5.36342 5.37016 5.34759 5.35575 5.2955 5.34318 5.28608 5.35278 5.37225 5.37479 5.38621 5.38514 5.33153 5.4202 5.44558 5.18423 5.07286 5.1178 5.19059 5.13415 5.11782 5.12125 5.08116 5.11906 5.01251 5.09078 5.10463 5.11614 5.07306
4.22337 4.35338 4.06723 4.23412 4.25449 4.22783 4.17511 3.94522 4.25764 4.17696 4.08636 4.27041 4.14075 4.16236 4.08704 4.31107 4.13836 4.14361 3.99972 4.08897 4.39813 4.37331 4.37371 4.36492 4.33825 4.34002 4.31733 4.3969 4.09073 4.29514 4.34625 4.38756 4.41599 4.37556
4.22159 4.21206 4.22187 4.22377 4.22834 4.22192 4.22578 4.24142 4.23027 4.23788 4.23506 4.22414 4.2314 4.24084 4.23236 4.22548 4.22501 4.23536 4.23202 4.23656 4.22154 4.22479 4.2224 4.22001 4.2275 4.22808 4.23975 4.22492 4.25793 4.24304 4.23349 4.22926 4.21278 4.22087
7.55983 7.56474 7.53664 7.55272 7.61128 7.53636 7.54424 7.5135 7.58827 7.55145 7.53722 7.56616 7.56551 7.60752 7.56077 7.56679 7.55071 7.56643 7.5613 7.59961 7.51714 7.55941 7.55246 7.514 7.59528 7.55728 7.53276 7.56586 7.50726 7.56301 7.55271 7.54041 7.52011 7.57059
161.821 162.354 162.051 162.137 162.064 162.169 161.92 161.966 162.662 161.887 161.501 162.807 162.356 162.474 162.268 161.688 161.538 162.283 161.206 161.653 161.251 161.364 161.522 162.099 161.621 162.333 161.989 161.826 162.4 162.861 162.407 162.403 161.525 161.454
91.91 91.9679 92.1084 92.2542 91.999 92.1736 92.1564 91.9701 92.0583 92.2057 92.1605 92.2156 92.1671 92.0478 92.1554 92.3087 92.1994 92.3446 92.2008 91.9785 91.9249 91.7935 91.904 92.1908 92.144 92.2332 92.15 91.8472 92.0946 92.1088 92.3874 91.9878 91.8752 91.96
153.643 153.647 153.594 153.552 153.72 153.648 153.629 153.856 153.53 153.742 153.758 153.516 153.648 153.663 153.511 153.685 153.818 153.556 153.814 153.884 153.38 153.444 153.648 153.28 153.455 153.128 153.24 153.575 153.298 153.186 153.297 153.238 153.507 153.423
75.9467 76.0193 75.9913 76.0789 76.1317 75.9498 76.0812 75.9217 75.9784 75.871 75.7611 75.9523 76.0107 76.0665 75.78 75.8103 75.8798 75.9778 76.0305 76.0921 75.8766 75.8019 75.7755 75.8277 75.9063 75.6691 75.6437 75.9673 75.8691 75.6799 75.8589 75.8321 75.6952 75.779
73.7577 73.4945 73.5647 73.5587 73.476 73.6308 73.4433 73.7558 73.4744 73.8831 73.7294 73.6132 73.4522 73.5075 73.8744 73.6846 73.837 73.4036 73.574 74.1098 73.5867 73.4657 73.2918 73.894 73.7059 74.0186 74.1926 73.822 74.088 74.1928 73.6021 74.2246 73.5093 73.2559
82.996 82.9253 82.8318 82.6925 82.9551 82.886 82.8167 82.9937 82.9099 82.9794 82.8957 82.9089 82.8688 82.8965 82.7733 82.775 82.9283 82.7476 82.9193 82.9182 82.8342 83.0025 82.9767 82.8701 82.8207 82.6205 82.7648 83.0276 82.9397 82.8145 82.6923 82.9921 82.8833 82.7738
65.7486 65.6359 65.8813 66.1963 65.6406 65.8521 65.8161 65.7448 65.714 65.9935 65.9975 65.7954 65.7691 65.6985 66.0675 66.2905 65.96 66.2953 65.9232 65.9592 65.604 65.4859 65.5722 65.8641 65.895 66.3329 66.1815 65.5755 65.8189 66.0736 66.0219 65.8018 65.6928 65.6406
141.581 141.375 141.482 141.608 141.491 141.405 141.44 141.235 141.378 141.286 141.184 141.321 141.467 141.337 141.098 140.933 141.274 141.197 141.389 141.564 141.366 141.053 140.985 140.874 141.411 140.091 140.19 141.332 140.807 140.212 140.819 140.562 140.645 140.935
5.98025 5.98087 5.97303 5.96478 5.98355 5.98853 5.97674 5.96748 5.98598 5.97372 5.96297 5.98809 5.97689 5.99707 5.96497 5.9623 5.96695 5.96021 5.96767 5.97284 5.97109 5.98741 5.99803 5.95738 5.96059 5.94454 5.94751 5.99259 5.96241 5.95287 5.94828 5.97551 5.97337 5.96399
7.42395 7.44924 7.43233 7.45973 7.4992 7.40774 7.45914 7.4575 7.41602 7.42141 7.41921 7.40293 7.43363 7.46503 7.42539 7.34804 7.40784 7.44931 7.4159 7.4267 7.43174 7.41969 7.48715 7.43801 7.44214 7.35577 7.39889 7.46475 7.47674 7.43191 7.39153 7.49622 7.4115 7.4434
4.51594 4.5271 4.5267 4.52632 4.52258 4.5098 4.51033 4.5358 4.50357 4.53202 4.54358 4.53238 4.51967 4.51183 4.49595 4.54906 4.55009 4.56863 4.56564 4.50252 4.49209 4.47482 4.47316 4.54075 4.52075 4.53204 4.50548 4.48176 4.53334 4.49011 4.56237 4.5103 4.49222 4.50669
4.66722 4.66527 4.68309 4.68507 4.67806 4.67337 4.67196 4.67526 4.65886 4.68789 4.69572 4.67559 4.6717 4.66956 4.68027 4.69441 4.69119 4.68711 4.68745 4.68679 4.66173 4.64512 4.64134 4.69237 4.70189 4.70714 4.70438 4.66668 4.69485 4.69493 4.70186 4.68327 4.6595 4.66374
4.50864 4.51089 4.50942 4.50703 4.50485 4.51896 4.51365 4.51177 4.51079 4.51591 4.50917 4.51811 4.51015 4.51536 4.52107 4.51753 4.51295 4.51533 4.50831 4.51176 4.49896 4.5051 4.50603 4.52279 4.49898 4.53102 4.53201 4.50756 4.52762 4.53407 4.5188 4.53191 4.50884 4.49715
4.35977 4.32402 4.39227 4.51829 4.38704 4.35354 4.41256 4.29907 4.38453 4.38928 4.42034 4.35046 4.39275 4.38697 4.40433 4.47148 4.38644 4.55696 4.38289 4.38358 4.50548 4.41712 4.48055 4.42294 4.55913 4.49806 4.42048 4.42467 4.37837 4.41822 4.48999 4.30412 4.44524 4.53078
4.29506 4.29277 4.2939 4.29158 4.28216 4.2961 4.294 4.29529 4.29832 4.29481 4.29948 4.29699 4.29492 4.29948 4.29588 4.30608 4.2937 4.29507 4.29394 4.2999 4.29846 4.29258 4.29567 4.31314 4.29557 4.30884 4.31302 4.29625 4.3081 4.3056 4.31596 4.30709 4.29498 4.29129
8.24526 8.24535 8.2082 8.37855 8.38113 8.18675 8.31022 8.09752 8.38538 8.14937 8.13079 8.32937 8.35118 8.26534 8.16345 8.11795 8.10736 8.2411 8.10163 8.19306 8.35254 8.18373 8.29285 8.17817 8.40657 8.07735 8.08306 8.35718 8.13141 8.12676 8.25208 8.1334 8.15509 8.29941
92.6874 92.6456 92.5757 92.8186 92.5855 92.6377 92.6765 92.6373 92.7271 92.7567 92.4987 92.6599 92.6572 92.6507 92.5572 92.7076 92.6741 92.5518 92.8043 92.6159 92.908 92.5953 92.419 92.8456 92.7497 92.8069 92.9975 92.8144 92.7906 92.9433 92.7816 92.9577 92.6843 92.764
75.8744 75.8708 75.9949 75.793 75.8658 75.9859 75.8028 75.9965 75.8671 75.7094 75.9973 75.9502 75.8653 75.9243 75.9607 75.9945 75.8063 76.1043 75.8195 75.9293 75.5523 75.6758 75.768 75.8848 75.7901 75.8608 75.8536 75.6793 75.8215 75.6394 75.8889 75.7158 75.7145 75.5744
72.6288 72.4208 72.4707 72.5919 72.4034 72.5318 73.2256 72.414 72.7033 72.2438 72.2651 73.1925 72.5005 72.7331 71.6897 72.5276 72.7357 73.3782 72.489 72.2677 71.8865 72.2478 72.6754 73.1107 72.7471 72.9366 72.6473 72.094 72.8416 72.2739 73.2846 72.3033 72.4741 72.0828
82.6923 82.8016 82.7772 82.6379 82.8068 82.6142 82.6392 82.8337 82.7271 82.7213 82.8366 82.688 82.7213 82.7475 82.9254 82.6717 82.6883 82.743 82.5808 82.7581 82.4434 82.5494 82.6211 82.4275 82.5984 82.4296 82.3152 82.5045 82.3667 82.3431 82.5522 82.2862 82.5696 82.5417
99.4374 98.3746 99.0175 100.168 98.4871 98.9102 98.804 98.2058 98.9708 98.0394 98.6114 99.1742 98.9244 99.0491 96.3678 98.8695 98.8557 99.299 99.4299 100.523 100.138 99.2272 99.0981 99.6426 100.094 99.2237 99.464 99.9973 99.1546 99.3056 99.4002 99.7425 98.9166 99.2898
65.121 64.977 64.9383 65.3545 64.9967 64.866 64.997 65.1163 65.0283 64.9314 64.8981 65.0674 64.9069 64.9906 64.839 64.992 64.9291 64.9436 65.0995 65.1484 65.1625 65.0496 64.7939 65.104 65.2002 65.0162 65.3023 65.2567 65.0819 65.2037 65.1819 65.1821 65.2282 65.0387
141.578 141.404 141.42 141.653 141.519 141.201 141.657 141.439 141.378 141.129 141.119 141.347 141.356 141.609 140.841 141.1 141.274 141.242 141.572 141.862 141.341 141.13 140.924 141.037 141.407 140.75 140.611 141.216 141.047 140.521 141.32 140.522 141.291 141.205
5.46851 5.42299 5.43458 5.42565 5.40056 5.4559 5.47724 5.40076 5.46355 5.40906 5.41994 5.49255 5.46273 5.46583 5.37323 5.4252 5.45425 5.48507 5.40678 5.3835 5.46795 5.44019 5.4749 5.44012 5.479 5.43083 5.41934 5.43719 5.40676 5.39271 5.45323 5.37444 5.43589 5.44774
4.4522 4.40936 4.34903 4.47991 4.434 4.39507 4.42216 4.37713 4.39179 4.45649 4.36251 4.3995 4.45219 4.40129 4.24874 4.35369 4.46344 4.34231 4.4441 4.39459 4.55348 4.61212 4.50522 4.3011 4.48034 4.2936 4.31178 4.56222 4.33878 4.21513 4.32133 4.21643 4.56959 4.56871
4.4517 4.43268 4.42738 4.44025 4.41575 4.45089 4.46355 4.43166 4.43127 4.41391 4.4232 4.46903 4.43852 4.44754 4.36091 4.43575 4.43374 4.46241 4.43785 4.41513 4.43177 4.45286 4.45339 4.47628 4.44453 4.46217 4.45327 4.4304 4.46278 4.42116 4.47242 4.42897 4.46019 4.43366
4.316 4.3147 4.31181 4.27541 4.30769 4.33032 4.32367 4.30717 4.31114 4.31167 4.30882 4.32984 4.32165 4.32364 4.29974 4.31373 4.32066 4.32397 4.31786 4.26997 4.28259 4.32802 4.32983 4.30847 4.27878 4.31093 4.31781 4.27892 4.30637 4.30076 4.30805 4.3031 4.32239 4.3207
5.43687 5.4785 5.45297 5.40702 5.41501 5.38574 5.24467 5.42995 5.40706 5.36984 5.37772 5.3427 5.38435 5.44339 5.2672 5.45753 5.34717 5.37367 5.52332 5.56708 4.95436 5.0229 5.03893 5.48104 4.97457 5.41615 5.42902 4.93594 5.4195 5.4685 5.46914 5.55322 4.9238 5.04007
4.52038 4.55512 4.51795 4.40613 4.52665 4.57019 4.55547 4.53461 4.51237 4.53408 4.58975 4.59712 4.5795 4.57664 4.50099 4.5311 4.57588 4.57725 4.5478 4.47591 4.40159 4.58347 4.59993 4.14535 4.43447 4.31787 4.12627 4.3992 4.16278 3.98133 4.23345 4.03067 4.57026 4.55872
4.15199 4.15724 4.14841 4.2783 4.13037 4.15516 4.15846 4.14911 4.16012 4.14089 4.16947 4.15719 4.15467 4.15813 4.16206 4.17033 4.14061 4.15395 4.15336 4.29187 4.3091 4.15525 4.15472 4.21709 4.27497 4.21772 4.22485 4.29704 4.21848 4.22707 4.20654 4.22529 4.16454 4.15952
7.43809 7.48432 7.43607 7.42906 7.4273 7.42007 7.41624 7.45707 7.4495 7.39435 7.38573 7.40827 7.42266 7.49118 7.33551 7.40601 7.39572 7.41179 7.47159 7.48986 7.39462 7.38203 7.39598 7.39891 7.3878 7.36529 7.36493 7.39307 7.37853 7.37795 7.43124 7.39251 7.39504 7.39904
92.2262 92.2695 91.8692 92.3967 92.1558 92.1643 92.106 92.1638 92.3656 92.4908 91.5121 92.0676 92.3397 92.1747 91.7132 92.098 92.3851 91.7444 92.2741 91.6706 92.8561 92.6938 91.8754 92.1627 92.121 92.1321 92.3692 92.7829 92.1185 92.4558 91.9233 92.3695 92.8182 92.7674
154.1 153.662 153.792 153.438 153.836 153.924 153.878 153.77 154.209 154.074 153.72 154.092 153.833 154.105 153.79 153.938 154.088 154.145 154.008 153.574 153.997 153.739 153.893 153.908 154.146 153.898 153.951 153.705 153.896 153.687 154.052 153.632 153.84 153.732
75.9836 75.9613 75.9756 75.8366 75.9366 75.8182 75.9703 75.9332 76.0701 75.9963 75.9558 75.9966 75.9536 75.8429 76.058 75.9941 75.882 76.1328 75.7156 76.0162 75.7349 75.8723 75.7336 75.9904 75.8605 75.922 75.7308 75.8582 76.0851 75.9362 75.846 76.0841 75.701 75.8703
73.4763 73.6664 73.9266 73.5071 73.3367 73.9429 74.0762 73.8481 73.8706 73.3238 74.1898 73.6131 73.526 74.1178 73.807 73.6786 73.905 73.9571 73.2089 74.0406 72.8811 72.9485 73.3226 73.5397 73.3159 73.6813 73.9764 72.9331 73.6342 73.1912 74.1037 73.3101 72.731 73.0302
82.7962 82.8883 83.197 82.5794 82.7773 82.6843 82.5615 83.0387 82.7832 82.6132 83.1633 82.6471 82.6682 82.7543 83.2305 82.9758 82.527 82.9957 82.468 83.1521 82.1026 82.1963 82.6922 82.8947 82.449 82.9932 82.8094 82.2267 82.9654 82.7804 82.8779 82.9517 82.1035 82.0326
65.7596 65.9217 65.7675 66.0017 65.8104 66.1321 66.3022 65.8747 65.8661 65.8788 65.7075 65.9526 65.7973 66.228 65.7135 65.822 66.0777 65.7108 65.9892 65.6347 66.2842 66.005 66.5459 66.0537 66.4883 66.0016 66.2032 66.0062 66.0223 65.9527 66.3043 65.9315 66.0518 66.0584
140.47 140.306 140.291 140.249 139.941 139.801 140.304 140.373 140.864 140.212 140.58 140.43 140.384 140.789 139.035 140.403 140.777 141.015 140.47 140.487 139.453 139.476 139.86 140.165 140.297 140.359 139.693 139.603 140.625 139.969 140.34 140.022 139.263 139.684
5.9119 5.89247 5.89042 5.84957 5.81842 5.87536 5.82574 5.86264 5.8923 5.85609 5.97112 5.90089 5.89666 5.85089 5.88857 5.90805 5.84734 5.96281 5.8863 5.97262 5.89604 5.88325 5.92538 5.90916 5.91506 5.91897 5.86324 5.897 5.9337 5.88915 5.87645 5.9037 5.88238 5.87677
7.73877 7.50449 7.60525 7.35604 7.65835 7.65628 7.56523 7.61823 7.77939 7.76729 7.59365 7.62572 7.5717 7.71622 7.70824 7.68158 7.71182 7.67416 7.75704 7.64749 7.85243 7.76135 7.72237 7.6773 7.8493 7.69794 7.7334 7.75744 7.68803 7.67945 7.69573 7.658 7.7079 7.71996
4.50882 4.53845 4.56305 4.57852 4.57421 4.56155 4.53033 4.56886 4.51323 4.50393 4.51169 4.47051 4.49716 4.55364 4.54956 4.52937 4.51655 4.48376 4.5345 4.52836 4.50387 4.50191 4.47682 4.52254 4.45188 4.51038 4.57069 4.49245 4.48899 4.53846 4.52288 4.52151 4.52467 4.49249
4.65835 4.69833 4.68863 4.68894 4.67472 4.71408 4.72969 4.69703 4.68674 4.67591 4.71103 4.67623 4.67343 4.71578 4.6902 4.67928 4.70046 4.70299 4.63616 4.7093 4.67466 4.65439 4.65988 4.7057 4.6654 4.69779 4.716 4.65663 4.69356 4.69996 4.72022 4.69306 4.65335 4.68063
4.49118 4.49057 4.49148 4.48751 4.48265 4.4993 4.49948 4.49117 4.4865 4.48742 4.50841 4.50587 4.4935 4.49195 4.49279 4.49143 4.48397 4.51432 4.48053 4.50752 4.49985 4.48842 4.49374 4.52088 4.50218 4.51495 4.52139 4.49571 4.51493 4.49193 4.5252 4.49819 4.49228 4.48753
4.58252 4.52596 4.562 4.48644 4.62141 4.51169 4.55628 4.52159 4.5135 4.5307 4.57357 4.75397 4.52441 4.48579 4.59836 4.5624 4.46944 4.75689 4.53756 4.56069 4.58734 4.59092 4.71316 4.7407 4.76689 4.70589 4.51362 4.61312 4.71932 4.63212 4.54132 4.63207 4.5396 4.55312
4.28954 4.28214 4.2777 4.29294 4.27948 4.29951 4.25898 4.27871 4.27786 4.28241 4.29315 4.26587 4.28557 4.29621 4.26891 4.28542 4.28582 4.25458 4.29418 4.28737 4.33096 4.30357 4.31532 4.2848 4.31652 4.28783 4.30265 4.31007 4.29614 4.3029 4.25812 4.30252 4.31369 4.30988
8.17034 8.17312 8.16095 8.10063 8.1627 8.13888 8.14611 8.17063 8.2357 8.21975 8.12912 8.1555 8.1562 8.22806 8.18553 8.20005 8.15242 8.15142 8.18206 8.10769 8.26165 8.15104 8.16206 8.12137 8.18056 8.17399 8.09948 8.2231 8.14323 8.42391 8.14932 8.37971 8.12084 8.24502
92.47 92.4984 92.5393 92.5938 92.4714 92.5818 92.5548 92.569 92.2356 92.3719 91.8207 92.3956 92.3686 92.6696 92.2642 92.5134 92.4934 91.6695 92.6616 91.7486 92.0674 92.2942 92.1525 92.2078 92.102 92.153 92.4569 92.216 92.1104 92.286 92.3081 92.2969 92.1905 92.1629
76.5776 76.6949 76.6809 76.6902 76.7177 76.7561 76.7977 76.6639 76.938 76.641 76.2746 76.6659 76.6652 76.7191 76.5793 76.6749 76.7625 76.5409 76.3471 76.4178 76.8694 76.7865 76.8601 76.881 76.8075 76.879 76.9381 76.6449 76.8464 76.8368 76.9537 76.8447 76.8582 76.8646
74.5246 74.8009 74.668 74.6277 74.9304 74.8881 75.01 74.594 76.7111 74.8708 75.6641 74.7934 74.8762 74.6188 75.4526 74.6645 75.0829 76.4 73.9477 75.9494 76.7772 76.2687 77.1494 76.367 76.8162 76.8133 76.0261 76.4821 76.7221 76.2766 76.2312 76.3306 76.4173 76.8836
84.8826 84.9001 84.8195 84.7433 84.9708 84.8271 84.9114 84.8161 85.5205 85.0151 84.1885 84.8304 84.939 84.7822 85.2565 84.8796 84.9912 84.3491 85.438 84.2384 85.7446 85.3532 85.6302 85.5634 85.6659 85.6051 85.3515 85.5707 85.6066 85.571 85.2462 85.5248 85.6452 85.6353
100.629 100.537 100.532 100.812 100.496 101.611 101.178 100.539 101.274 100.305 100.679 100.179 100.447 101.666 100.428 100.438 101.411 100.424 100.581 100.649 100.783 101.132 100.568 99.9416 100.616 99.9138 101.484 101.018 100.229 100.371 101.276 100.532 100.569 101.079
65.0682 65.2543 65.2847 65.289 65.1191 65.4935 65.5118 65.2561 65.2469 64.9467 64.8005 65.1175 64.9885 65.5691 65.0322 65.143 65.2942 64.8076 65.9851 64.734 64.9071 65.0226 65.3282 65.0263 65.0932 64.9446 65.4377 64.8357 64.9367 65.4738 65.4307 65.1957 64.9215 64.9974
141.937 142.026 141.886 141.712 141.872 141.884 142.197 141.819 142.336 141.996 141.833 142.291 142.025 141.955 141.963 141.925 142.031 142.113 142.069 141.822 141.74 141.718 142.25 142.029 142.311 141.857 141.727 141.819 142.2 142.109 142.153 142.022 141.525 141.87
5.48918 5.37811 5.40503 5.38723 5.38295 5.43952 5.4487 5.44117 5.31932 5.40961 5.69656 5.37078 5.4169 5.43935 5.61672 5.44067 5.44764 5.56931 5.81236 5.61239 5.29673 5.27001 5.06506 5.26479 5.28907 5.18174 5.35088 5.42478 5.26981 5.26563 5.249 5.19487 5.27105 5.22142
4.23776 4.2196 4.2211 4.21715 4.2285 4.18339 4.19878 4.22481 4.19353 4.23794 4.19841 4.22044 4.23521 4.21518 4.22726 4.22077 4.21227 4.21089 4.22058 4.18953 4.20633 4.19715 4.16794 4.19914 4.18655 4.19628 4.16189 4.22206 4.19621 4.17865 4.15148 4.18808 4.20617 4.19012
4.32795 4.32545 4.32505 4.32531 4.32933 4.31235 4.31435 4.32515 4.32842 4.32895 4.3736 4.32374 4.32979 4.31291 4.34367 4.32209 4.31993 4.36001 4.31618 4.3725 4.33976 4.34112 4.32409 4.3372 4.33504 4.34321 4.31397 4.35193 4.33924 4.32626 4.31878 4.33453 4.34013 4.33458
4.21186 4.20698 4.20236 4.20992 4.21112 4.18223 4.18588 4.21484 4.19908 4.21091 4.27723 4.21491 4.21811 4.17777 4.27018 4.20814 4.18631 4.28201 4.16 4.28295 4.19766 4.20742 4.17575 4.19539 4.19922 4.19974 4.17841 4.22291 4.20525 4.19303 4.18156 4.20108 4.20574 4.1775
5.70797 5.65315 5.63118 5.70496 5.63097 5.73904 5.57721 5.64611 5.58219 5.60142 5.57601 5.53195 5.65375 5.74168 5.58455 5.62329 5.64699 5.51147 5.58577 5.56561 5.83029 5.86095 5.64744 5.50582 5.66099 5.42553 5.67577 5.78913 5.53037 5.62985 5.56263 5.63869 5.86856 5.83352
4.30474 4.22307 4.12638 4.20982 4.24478 4.4902 4.49912 4.24094 4.42558 4.34166 4.53273 4.32727 4.36063 4.51942 4.34819 4.29086 4.47468 4.5298 2.65297 4.55772 4.32883 4.12222 4.1212 4.27477 4.23183 4.26444 4.41028 4.27283 4.24486 4.08045 4.42311 4.10281 4.33267 4.18457
4.18171 4.15316 4.16744 4.17244 4.14753 4.1562 4.16181 4.15813 4.11826 4.14406 4.06409 4.15601 4.1488 4.16533 4.06079 4.16731 4.14947 4.05245 4.13012 4.06305 4.08816 4.12249 4.05529 4.10528 4.08784 4.10404 4.11852 4.10952 4.10229 4.06925 4.12426 4.10405 4.10855 4.09482
7.59219 7.55236 7.53157 7.55873 7.54999 7.57125 7.49042 7.5383 7.58136 7.53973 7.52278 7.49893 7.56358 7.55763 7.54363 7.5513 7.55628 7.51943 7.52575 7.53738 7.58103 7.61414 7.49393 7.50614 7.52236 7.47165 7.54187 7.61826 7.51276 7.55441 7.50044 7.55843 7.62996 7.59351
88.9092 88.9514 88.4662 88.8823 89.1193 88.7545 88.7922 88.8879 89.0596 89.0243 89.116 88.8238 89.1537 88.4845 88.6222 88.6146 88.9116 89.28 89.5388 88.9746 89.1251 88.9018 89.1629 89.1288 89.1637 89.3655 89.0201 88.9804 89.0292 89.1664 89.3404 89.2111 89.0555 88.9858
75.8815 75.922 75.937 75.9213 75.9149 75.9581 75.8892 75.8808 75.9636 75.9018 75.493 75.9238 75.91 75.9083 75.9482 75.9072 75.8895 75.6184 75.5584 75.4583 76.013 75.97 76.0561 76.0057 76.0003 75.9926 75.9577 75.9982 75.9716 75.949 75.9715 75.9872 75.9769 76.0227
76.1089 76.1834 76.3095 76.1291 76.0486 76.3198 76.2309 76.1538 76.1752 76.061 76.1894 76.1901 76.0925 76.2531 76.3711 76.1862 76.1326 76.2293 75.9013 76.2829 76.2897 76.374 76.378 76.3243 76.4181 76.1063 76.3436 76.3815 76.2612 76.185 76.1055 76.2708 76.2287 76.3961
85.7223 85.7707 85.8605 85.6898 85.7305 85.9278 85.9023 85.7498 86.1067 85.7944 86.2271 85.7358 85.686 85.7074 86.3852 85.7366 85.8472 86.6229 85.6797 86.545 86.37 86.4701 86.604 86.3119 86.5563 86.3062 86.4557 86.7814 86.5719 86.3701 86.1624 86.3675 86.3205 86.5153
106.763 106.629 106.691 106.674 106.515 106.785 106.766 106.708 106.42 106.583 107.575 106.601 106.583 106.878 106.814 106.708 106.717 107.25 107.456 107.242 106.411 106.264 106.37 106.419 106.354 106.212 106.562 106.371 106.306 106.476 106.491 106.297 106.39 106.31
67.1101 67.0703 67.0406 67.054 67.0821 66.927 66.9376 67.0598 66.958 67.1212 66.6448 67.0665 67.0649 67.0477 66.8013 67.1083 67.0258 66.5667 67.2705 66.6534 66.8943 66.8571 66.6792 66.9144 66.8551 66.8694 66.8098 66.737 66.785 66.9347 66.8152 66.8641 66.8916 66.8377
143.06 143.053 143.035 143.027 143.159 143.093 143.029 143.058 143.154 143.145 142.699 143.095 143.126 143.011 143.007 143.037 143.107 142.725 142.646 142.748 143.159 143.3 143.257 143.109 143.298 143.279 143.225 143.278 143.253 143.273 143.409 143.274 143.21 143.242
5.82022 5.80487 5.87502 5.81277 5.77884 5.83372 5.8483 5.83476 5.81107 5.80618 5.91567 5.83626 5.77399 5.8691 5.92416 5.88615 5.85598 5.88605 5.71141 5.93269 5.79431 5.86193 5.80543 5.78809 5.81128 5.75515 5.82193 5.86867 5.84252 5.80114 5.76906 5.78917 5.82133 5.83507
4.27961 4.27562 4.2893 4.27847 4.26997 4.28098 4.28595 4.28385 4.28181 4.27232 4.28148 4.28144 4.27107 4.2958 4.30628 4.29173 4.28591 4.26524 4.23422 4.28168 4.27115 4.28348 4.26634 4.27357 4.2768 4.26284 4.27618 4.28237 4.27315 4.27065 4.26441 4.26914 4.27278 4.28104
4.44273 4.44991 4.44685 4.45105 4.44854 4.44751 4.45096 4.44617 4.44508 4.44547 4.4491 4.44943 4.45076 4.45078 4.44296 4.44904 4.44972 4.44217 4.45701 4.44336 4.44299 4.43803 4.4493 4.44449 4.44271 4.44105 4.4373 4.43356 4.43521 4.43554 4.44579 4.44576 4.44263 4.43925
4.07273 4.08675 4.08448 4.09561 4.08506 4.08117 4.0796 4.0782 4.02316 4.08049 4.11799 4.09241 4.08405 4.09117 4.05798 4.08494 4.07965 4.09353 4.13984 4.10916 4.0207 4.03709 4.07014 4.04409 4.02824 4.01884 4.02213 4.03827 4.0257 4.0163 4.0535 4.06246 4.05019 4.01568
5.68969 5.67802 5.68033 5.68069 5.68455 5.69211 5.67884 5.68349 5.6846 5.68562 5.72123 5.68158 5.68521 5.69015 5.69334 5.68288 5.69158 5.70303 5.72334 5.72409 5.68084 5.68879 5.68023 5.66473 5.68876 5.66811 5.69181 5.69374 5.67906 5.68072 5.69286 5.67679 5.68303 5.68685
3.94348 3.93455 3.94092 3.95287 3.91593 3.9485 3.9402 3.94168 3.73608 3.91705 3.79185 3.9447 3.91937 3.98221 3.75497 3.95598 3.93126 3.74635 4.15904 3.77857 3.74151 3.77865 3.78736 3.77121 3.72414 3.73496 3.81103 3.74351 3.7609 3.75966 3.83005 3.80491 3.80581 3.71969
4.04935 4.04869 4.03294 4.05497 4.04199 4.03595 4.04043 4.04858 3.94949 4.03864 3.98645 4.04602 4.05175 4.04522 3.95379 4.04616 4.03255 3.9631 4.09325 3.96646 3.9477 3.94339 3.93057 3.97363 3.92595 3.95701 3.97744 3.90744 3.93316 3.96523 3.98283 3.96851 3.96829 3.92418
7.83417 7.78733 7.82828 7.8072 7.80865 7.80979 7.79143 7.83085 7.81903 7.8033 7.90965 7.8184 7.81304 7.8467 7.89202 7.81783 7.8161 7.84204 7.84903 7.92737 7.75841 7.80991 7.75898 7.74135 7.78617 7.74685 7.78509 7.80328 7.76708 7.77806 7.79369 7.78551 7.78235 7.77631
91.218 91.2731 91.2859 91.4891 91.1605 91.2406 91.2387 91.2484 91.0845 91.0921 91.0218 91.328 91.2517 91.3378 91.3211 91.2848 91.2264 90.9282 91.1691 90.9634 91.1775 91.4535 91.5386 91.6586 91.3178 91.5331 91.412 91.3642 91.3416 91.5254 91.4554 91.6116 91.521 91.4046
156.509 156.575 156.536 156.283 156.538 156.501 156.604 156.604 156.126 156.686 156.004 156.597 156.486 156.338 156.147 156.694 156.741 155.94 157.224 156.322 156.149 156.152 156.097 156.089 156.308 155.894 156.304 156.31 156.061 156.06 156.035 156.179 155.97 155.928
75.0577 75.0682 75.1 75.1263 75.186 75.0803 75.1865 75.2438 75.2135 75.1844 75.0005 75.0357 75.0475 75.1193 75.1153 75.2247 75.184 75.0117 75.0505 75.1765 75.0111 75.0041 75.182 75.2527 75.0968 75.1222 75.1107 74.9756 75.0884 75.1597 75.1074 75.4279 75.2865 74.9569
74.3367 74.1814 73.6308 74.6334 73.9901 74.2642 74.0564 74.4859 74.5423 74.1245 73.9268 73.8246 74.3617 74.2681 73.9903 73.8948 73.8871 74.1265 74.2326 73.6093 73.8776 74.0637 73.8086 74.1096 73.5885 74.8506 74.2118 73.9179 74.4004 74.4997 74.5919 74.2854 74.7957 74.2449
83.8906 83.9266 83.7092 83.9362 83.8054 83.8686 83.8488 83.9676 84.0032 83.8252 83.7454 83.7969 83.9276 83.8947 83.7632 83.8124 83.7697 83.7062 83.8772 83.6765 83.8454 83.7985 83.7499 83.8117 83.8321 83.9433 83.8656 83.7811 83.8669 83.8727 83.8249 83.8645 83.9008 83.8548
67.8874 67.9503 67.987 68.2583 68.1105 68.0928 67.9953 68.0722 68.2871 68.0985 68.2901 67.933 67.9375 68.0345 68.4126 68.0473 68.0274 68.5284 67.7939 68.4667 68.2164 68.3868 68.5969 68.5875 68.1767 68.6584 68.6481 68.7468 68.5099 68.5223 68.671 68.7059 68.6042 68.2731
142.36 142.239 142.072 142.221 142.239 142.063 141.965 142.246 142.061 142.385 142.3 142.207 142.276 141.979 142.271 142.374 142.048 142.281 143.182 142.234 142.323 142.201 142.127 142.262 142.205 142.276 142.138 142.359 142.238 142.281 141.951 142.166 142.369 142.217
5.9963 5.99859 6.01899 5.99948 6.01092 5.99519 5.99506 6.00389 6.00634 6.00683 6.00552 5.99633 5.99391 5.98663 6.00801 6.01275 5.98973 5.99699 5.99262 6.02516 5.97345 5.96915 6.00616 5.9952 5.9974 5.98125 5.97207 5.98639 5.97916 5.99128 5.96086 6.0075 5.99249 5.95928
7.96354 8.08169 8.20182 7.91892 8.1906 8.04683 8.05763 7.77561 8.26802 8.16951 8.14965 7.93229 8.02795 7.81988 8.33225 7.7567 7.79723 8.14532 7.88793 8.41192 8.3509 8.25117 8.37443 8.1362 8.44482 8.19255 8.26513 8.39949 8.25404 8.24962 8.00187 8.22442 8.13122 8.28787
4.53647 4.54622 4.52524 4.5578 4.52925 4.54998 4.54238 4.54123 4.56461 4.53463 4.54975 4.53299 4.54024 4.54196 4.55651 4.54096 4.53452 4.5454 4.54931 4.51979 4.53732 4.53594 4.53294 4.54131 4.53721 4.55403 4.54497 4.55759 4.53858 4.54733 4.54362 4.53051 4.5533 4.53791
3.72148 3.51786 3.42261 3.85913 3.58492 3.65201 3.5557 3.63268 3.82295 3.58967 3.55447 3.34535 3.65039 3.674 3.69307 3.29599 3.41214 3.77605 3.5058 3.23794 3.4855 3.50788 3.45432 3.62443 3.19325 3.96367 3.66334 3.48102 3.82675 3.90918 3.89748 3.62583 3.96294 3.7095
4.47991 4.47876 4.47846 4.48576 4.47814 4.47699 4.48131 4.48475 4.48113 4.4765 4.46439 4.47594 4.48163 4.48209 4.47365 4.47818 4.47924 4.46155 4.47735 4.46711 4.47042 4.47293 4.47641 4.48107 4.47533 4.48651 4.47627 4.4662 4.48132 4.48472 4.48082 4.48607 4.48594 4.47629
2.39535 2.52075 2.46725 2.54474 2.52893 2.45411 2.52837 2.44408 2.90999 2.42702 2.66533 2.47252 2.54597 2.49688 2.84545 2.4405 2.48435 2.69604 2.12473 2.56119 2.8119 2.65351 2.84885 2.8358 2.73203 2.85869 2.60997 2.76002 2.72378 2.72292 2.73419 2.73503 2.75405 2.82257
4.2737 4.26996 4.27547 4.27318 4.25553 4.25778 4.25927 4.26884 4.23712 4.25416 4.18114 4.26784 4.26759 4.27435 4.21583 4.26919 4.25629 4.15433 4.2883 4.16976 4.22226 4.2235 4.20902 4.23393 4.23357 4.23354 4.22002 4.18699 4.22583 4.23148 4.22462 4.22095 4.22337 4.23257
8.4012 8.40047 8.37643 8.39471 8.3889 8.39254 8.37469 8.40152 8.42025 8.40412 8.38413 8.39919 8.40413 8.37169 8.41839 8.41186 8.38733 8.38702 8.46953 8.37873 8.47344 8.45638 8.46299 8.45438 8.46474 8.47247 8.4518 8.47868 8.46776 8.45735 8.42713 8.43545 8.44783 8.47466
91.8826 91.9461 91.8031 92.0257 91.6533 91.9357 91.918 91.9545 91.8738 91.7904 92.034 91.9578 91.8906 91.9863 91.9237 91.9543 91.9121 91.9478 91.889 91.8058 91.8578 91.98 91.8294 92.0011 91.8548 91.9583 91.5987 91.7908 91.6272 91.7019 91.9677 91.7327 91.9327 91.9289
75.8718 75.8447 75.4698 75.9092 75.3636 75.8131 75.7905 75.9212 75.6201 75.5417 75.8546 75.875 75.9049 75.8735 75.6351 75.8658 75.8233 75.8027 75.8149 75.4258 75.6298 75.8575 75.4807 75.8519 75.5059 75.822 75.3701 75.5425 75.4126 75.3444 75.8859 75.606 75.8086 75.7822
75.0609 75.2197 74.7585 75.0273 74.8883 75.297 75.127 75.1315 74.888 74.9283 75.0732 75.116 75.0755 75.0333 74.8611 75.155 75.1713 75.0283 75.3855 75.2824 74.7728 74.9638 75.3443 75.0907 75.2346 74.9202 74.9956 74.9545 75.1147 74.9459 74.9623 75.2724 75.2577 74.9264
83.7209 83.7125 82.8861 83.8354 82.8857 83.6118 83.6475 83.7597 83.0739 83.0652 83.5725 83.9131 83.7417 83.8334 82.9982 83.6598 83.5169 83.5379 83.7033 82.9135 83.2098 83.7814 83.334 83.8216 83.3369 83.5098 83.0479 83.0909 83.1162 82.8332 83.6945 83.4883 83.8156 83.5308
106.181 106.232 106.739 106.317 106.811 106.175 106.437 106.132 106.499 106.671 106.167 106.19 106.07 106.216 106.602 106.127 106.287 106.257 106.324 106.335 106.446 105.986 106.246 105.922 106.531 105.929 106.629 106.776 106.456 106.702 105.858 105.873 105.991 106.022
66.7265 66.9885 66.8721 67.4678 66.8869 67.176 66.9392 66.9762 67.5746 66.9581 66.8378 66.9386 66.613 67.1077 67.6266 67.0795 67.0413 66.6184 67.0993 66.5368 66.602 66.7466 67.0418 67.4199 66.9027 66.805 67.6663 67.5835 67.4524 67.6271 67.1518 67.1591 67.3863 66.6031
143.431 143.484 144.054 143.395 144.003 143.543 143.435 143.225 143.924 143.917 143.575 143.435 143.391 143.386 144.015 143.27 143.268 143.642 143.443 143.4 143.928 143.508 143.765 143.391 143.875 143.414 144.063 144.063 143.926 144.026 143.357 143.617 143.494 143.546
5.69057 5.69207 5.69374 5.66006 5.69998 5.69642 5.68905 5.68328 5.68916 5.68788 5.66536 5.67366 5.68886 5.66908 5.69402 5.69421 5.70018 5.67835 5.698 5.67269 5.65884 5.65777 5.66481 5.66641 5.6569 5.6622 5.68685 5.66057 5.67572 5.68041 5.66474 5.70994 5.6834 5.66657
4.33663 4.3431 4.35618 4.32305 4.3488 4.34949 4.34292 4.32303 4.34709 4.34863 4.3284 4.33187 4.32804 4.3292 4.35887 4.3379 4.34918 4.3414 4.35224 4.3557 4.33013 4.32137 4.34112 4.32598 4.33791 4.32514 4.33764 4.3322 4.33436 4.34752 4.3257 4.33729 4.34012 4.33016
4.42863 4.42946 4.38141 4.42774 4.36716 4.42416 4.42887 4.41893 4.38848 4.38279 4.4252 4.4264 4.42369 4.43012 4.39942 4.41817 4.43217 4.43778 4.42305 4.38977 4.41165 4.43107 4.38999 4.4268 4.38691 4.43264 4.36772 4.37357 4.37953 4.35584 4.42486 4.41978 4.4293 4.43272
4.43986 4.43254 4.43941 4.43224 4.43631 4.43622 4.43642 4.44206 4.45039 4.43512 4.44892 4.448 4.44508 4.44966 4.45434 4.44195 4.44428 4.45187 4.42676 4.45756 4.45691 4.4638 4.45442 4.45809 4.44766 4.4599 4.46649 4.4611 4.47104 4.46279 4.46765 4.47049 4.44988 4.46295
5.7538 5.77234 5.80776 5.81479 5.82852 5.75077 5.86021 5.79015 5.80686 5.82025 5.7371 5.74579 5.73927 5.75616 5.79781 5.76932 5.8582 5.75346 5.79777 5.80548 5.74486 5.70116 5.74425 5.69717 5.75536 5.71544 5.78405 5.77346 5.77658 5.79543 5.69528 5.72287 5.72421 5.71371
3.85486 3.90464 3.97057 3.84054 3.86172 3.89286 3.89128 3.91589 3.83811 3.85002 3.8761 3.89671 3.90328 3.83113 3.88768 3.86507 3.94288 3.87797 3.87698 3.84786 3.87311 3.88674 3.80059 3.81521 3.82099 3.78732 3.87402 3.84516 3.81391 3.84864 3.88263 3.89096 3.80333 3.88604
4.37277 4.38436 4.36425 4.44601 4.35597 4.35414 4.4174 4.44475 4.40685 4.355 4.36693 4.40577 4.39173 4.41193 4.40007 4.41297 4.40669 4.36763 4.34842 4.44977 4.34601 4.40354 4.39221 4.49426 4.36657 4.44927 4.41043 4.38172 4.4124 4.39708 4.43445 4.47435 4.41875 4.37962
7.79926 7.80593 7.84615 7.78955 7.87365 7.79661 7.80591 7.81223 7.82331 7.84243 7.79573 7.80384 7.80407 7.78893 7.81347 7.82483 7.82017 7.79124 7.80254 7.91383 7.83353 7.7928 7.85441 7.79255 7.87303 7.79012 7.87672 7.86639 7.86791 7.8885 7.78771 7.81305 7.79174 7.79773
92.8018 92.5577 92.4149 92.8294 92.433 92.6672 92.7415 92.5386 92.6159 92.3847 92.7975 92.7765 92.7651 92.7806 92.8506 92.5335 92.7283 92.7786 92.59 92.4919 92.7635 92.8759 92.6054 92.898 92.7015 92.7488 92.9534 92.9666 92.7777 92.8949 92.8365 92.7366 92.8578 92.829
75.648 75.6835 75.6166 75.4848 75.4783 75.6661 75.6093 75.7748 75.4544 75.5339 75.4837 75.5161 75.6234 75.7052 75.5384 75.5798 75.5566 75.508 75.6355 75.6512 75.4739 75.5498 75.5832 75.4769 75.4577 75.5123 75.3546 75.3507 75.2744 75.3929 75.4624 75.5968 75.4686 75.4644
74.217 74.8229 74.793 74.4947 74.9273 74.2512 74.2177 73.9296 74.7354 74.4545 73.5309 74.8816 74.3994 74.3084 74.5548 74.6209 73.9079 74.2415 73.6797 73.6842 73.7635 73.5339 73.583 73.6954 73.4826 73.7021 73.2356 73.7193 74.0754 73.2159 73.5851 73.5168 73.8037 73.4681
84.2175 84.5003 84.3509 84.344 84.3368 84.4291 84.2611 84.2885 84.3605 84.132 84.094 84.3952 84.2692 84.3114 84.3119 84.5579 84.2282 84.1155 84.1673 84.0604 83.817 83.985 84.226 84.3274 83.9365 84.108 83.7727 83.7527 84.0548 83.7739 84.1734 84.3946 84.2961 83.8608
105.12 105.072 105.245 104.877 105.367 104.922 104.84 104.914 105.372 105.359 104.097 105.013 105.109 104.973 105.055 105.109 105.137 104.719 105.06 104.487 104.769 104.72 104.46 104.326 104.512 104.288 104.681 105.067 104.295 104.907 104.311 104.549 104.641 104.707
65.664 65.5471 65.4789 66.2872 65.4095 65.2841 65.7086 65.6611 66.0898 65.52 65.3261 65.9952 65.6223 66.0056 66.1403 65.5694 65.636 65.55 65.242 64.9303 65.3212 65.7653 64.9707 66.1537 65.1321 65.7703 66.4451 66.5654 66.2184 66.1923 65.9853 65.323 65.7659 65.5463
143.235 143.334 143.233 143.176 143.19 143.24 143.052 143.343 143.117 143.254 143.298 143.236 143.203 143.214 143.028 143.362 143.352 143.087 143.364 143.354 143.051 143.082 143.224 143.198 143.198 143.226 143.006 142.86 143.004 143.012 143.229 143.256 143.16 143.091
5.53166 5.54858 5.56601 5.51672 5.55941 5.54131 5.51863 5.52998 5.52466 5.5476 5.53966 5.52267 5.54394 5.51154 5.49857 5.53837 5.48822 5.53278 5.533 5.55171 5.49721 5.49078 5.52722 5.50702 5.52097 5.52271 5.47155 5.46226 5.51174 5.48643 5.4863 5.52823 5.49756 5.47889
4.42448 4.38035 4.39694 4.40456 4.40205 4.4244 4.4017 4.47088 4.40739 4.4597 4.41214 4.39493 4.4018 4.3966 4.41741 4.4481 4.42099 4.4221 4.49141 4.41917 4.43445 4.38326 4.38909 4.43868 4.42555 4.41763 4.41111 4.44275 4.44966 4.41221 4.43878 4.43868 4.44403 4.38666
4.38977 4.384 4.41342 4.38479 4.41047 4.39016 4.39298 4.39609 4.40411 4.41014 4.40786 4.37911 4.3875 4.38896 4.41034 4.38295 4.3897 4.3954 4.39508 4.40659 4.41 4.41401 4.41171 4.39791 4.41253 4.4185 4.43626 4.42777 4.42797 4.44252 4.40462 4.406 4.40181 4.41136
4.43241 4.43588 4.43496 4.44362 4.4317 4.44108 4.43913 4.44343 4.44302 4.43342 4.43384 4.43479 4.43394 4.44215 4.44528 4.44285 4.44294 4.42833 4.43705 4.43058 4.43918 4.44503 4.46051 4.45497 4.44932 4.44966 4.43778 4.43446 4.43645 4.44868 4.45219 4.46959 4.46215 4.44117
5.62858 5.60387 5.63044 5.58716 5.65024 5.60171 5.5823 5.60745 5.64231 5.63899 5.49529 5.57928 5.59966 5.60156 5.59072 5.60243 5.60822 5.54694 5.6192 5.56748 5.60293 5.5796 5.5776 5.54946 5.59616 5.51084 5.56913 5.61791 5.51835 5.59528 5.55548 5.58646 5.59394 5.58748
4.12776 3.99859 4.27568 3.99999 4.24092 3.93903 4.0411 4.00221 4.17881 4.22783 3.96516 4.10204 4.09892 4.08751 4.25643 3.99617 4.06 4.13041 3.93863 4.02958 4.13185 4.13135 3.93943 4.02305 3.94908 4.16482 4.15279 4.07508 4.17511 4.16635 4.1434 3.98273 3.96572 4.17438
4.27485 4.35617 4.28553 4.38101 4.27715 4.43507 4.32505 4.38666 4.29836 4.27871 4.37375 4.28347 4.28973 4.30493 4.30461 4.35771 4.31692 4.2751 4.40337 4.30539 4.25265 4.28352 4.42354 4.39129 4.40566 4.30674 4.32686 4.31229 4.31867 4.31083 4.30699 4.40906 4.38489 4.25611
7.80416 7.81094 7.83991 7.80666 7.8469 7.80785 7.80104 7.80271 7.85379 7.83623 7.88267 7.79914 7.8094 7.78777 7.84294 7.78872 7.80735 7.84119 7.79255 7.86442 7.81399 7.8042 7.81599 7.778 7.82151 7.74236 7.83176 7.86581 7.7946 7.88002 7.77182 7.78167 7.80706 7.81542
92.0504 91.9405 91.8519 92.0421 91.8502 92.0117 92.0025 92.1081 91.9644 92.1391 92.4529 92.0796 92.1023 91.9293 92.0206 92.2865 92.2994 92.1077 92.2037 92.2432 92.4368 92.3883 92.3884 92.3719 92.4753 92.2951 92.3182 92.398 92.2951 92.3737 92.2918 92.3285 92.4815 92.4456
75.8649 75.8166 75.8256 75.7943 75.806 75.8361 75.7966 75.9636 75.7964 76.0002 76.0475 75.8174 75.8753 75.7807 75.8373 75.9858 75.9968 75.7935 75.9897 76.0082 75.8333 75.9401 75.9238 75.9233 75.9011 75.9197 75.8849 75.9314 75.9251 75.8858 75.8927 75.9871 75.9145 75.8803
74.6422 74.6781 74.9259 74.7791 74.8952 74.8367 74.6585 72.5559 74.8449 72.3862 72.3935 74.7411 74.3885 74.8853 74.9108 72.251 72.4267 74.6469 72.4404 72.3454 72.418 72.6397 72.6265 72.4374 72.5442 72.4198 72.4387 72.7705 72.3857 72.3182 72.5093 72.3592 72.6464 72.5644
83.788 83.7582 83.9026 83.6005 83.8423 83.6223 83.7116 83.3997 83.7384 83.3329 83.1886 83.5652 83.7095 83.6932 83.7148 83.2458 83.3314 83.3874 83.3313 83.2378 82.9589 83.0894 83.1313 83.2403 83.1567 83.1617 83.2266 83.3084 83.2918 83.1424 83.26 83.1705 83.17 83.007
104.408 104.304 104.185 104.193 104.133 104.32 103.977 103.41 104.029 103.484 103.978 104.227 104.462 104.082 104.198 103.8 103.953 104.188 103.777 104.149 102.859 103.742 103.221 102.898 102.917 103.171 103.475 103.051 102.652 103.623 102.848 103.374 103.367 103.15
65.4175 65.3521 65.2761 65.7581 65.3436 65.7197 65.3702 65.068 65.4593 65.0919 65.2421 65.6952 65.3378 65.5076 65.5464 65.2043 65.1075 65.8975 65.1137 65.1126 65.2587 65.3535 65.3438 65.324 65.3603 65.2079 65.1383 65.1141 65.1337 65.1767 65.1951 65.3048 65.4887 65.3304
142.788 142.806 142.817 142.762 142.9 142.675 142.664 142.951 142.814 142.927 142.683 142.801 142.782 142.723 142.581 142.83 142.789 142.527 142.97 142.767 142.648 142.201 142.276 142.412 142.315 142.267 142.397 142.633 142.395 142.21 142.604 142.381 142.45 142.325
5.59887 5.57314 5.60703 5.58508 5.60062 5.60351 5.59037 5.56699 5.58569 5.54589 5.57262 5.57903 5.5855 5.59195 5.58656 5.54734 5.55851 5.60742 5.55057 5.55886 5.53544 5.53138 5.5334 5.53849 5.54861 5.54987 5.53965 5.54578 5.55599 5.53398 5.53822 5.52965 5.54861 5.52341
4.45394 4.45966 4.4649 4.45659 4.46226 4.45131 4.45868 4.54968 4.45763 4.57159 4.5343 4.46231 4.44782 4.46529 4.44544 4.55603 4.5165 4.44765 4.57723 4.54789 4.50254 4.52298 4.522 4.54359 4.50141 4.48418 4.50969 4.52061 4.49923 4.50732 4.55524 4.5339 4.49367 4.5286
13.3351 13.3739 13.3709 12.9433 13.1074 13.3567 13.2638 11.7055 13.4642 11.8314 11.787 13.4434 13.1945 13.2265 13.4931 12.3249 11.7686 13.2679 11.6903 11.8885 12.2924 12.2619 11.862 11.9359 11.9607 12.9568 12.8033 11.7482 12.11 12.8123 12.3596 12.612 11.915 11.7246
4.51675 4.50153 4.50142 4.51004 4.50462 4.50744 4.50514 4.53891 4.50056 4.55045 4.55266 4.50922 4.50681 4.50788 4.50576 4.5523 4.53371 4.52175 4.55985 4.55112 4.57314 4.56207 4.55397 4.5485 4.56449 4.55291 4.55047 4.55541 4.54141 4.55324 4.55573 4.56751 4.56271 4.55525
4.38428 4.37768 4.37851 4.38088 4.37357 4.38905 4.37825 4.37619 4.37339 4.37799 4.38879 4.38507 4.38489 4.38221 4.38725 4.38191 4.38089 4.3938 4.37953 4.37968 4.39149 4.40207 4.39587 4.38718 4.3981 4.38234 4.38115 4.39117 4.38174 4.38488 4.38286 4.38506 4.39669 4.39692
5.68267 5.68329 5.6809 5.64843 5.66383 5.66205 5.65634 5.73793 5.67693 5.76873 5.64853 5.66462 5.70058 5.65267 5.67986 5.75908 5.6693 5.6672 5.72836 5.71239 5.56139 5.62751 5.47988 5.57191 5.4775 5.72242 5.67123 5.5015 5.57371 5.66343 5.58584 5.65735 5.5741 5.49191
4.1698 4.19636 4.20288 4.27685 4.20181 4.28229 4.24381 4.22794 4.20597 4.21212 4.16843 4.23349 4.18044 4.22977 4.23118 4.17848 4.20527 4.42378 4.13381 4.20007 4.15645 4.23781 4.21701 4.2067 4.21054 4.19641 4.168 4.11746 4.21852 4.17587 4.13238 4.15584 4.18146 4.21582
4.23159 4.22634 4.22061 4.23885 4.22748 4.22903 4.22828 4.2244 4.22521 4.2221 4.23417 4.23328 4.22149 4.23354 4.22594 4.23556 4.22449 4.24256 4.23747 4.22885 4.25373 4.24037 4.23734 4.22366 4.24379 4.23296 4.22818 4.23575 4.22226 4.23375 4.23574 4.23795 4.24725 4.24139
7.82895 7.82076 7.81646 7.80337 7.80369 7.80869 7.82062 8.04453 7.81248 8.03889 8.01707 7.80418 7.8477 7.79657 7.82059 8.03159 8.01486 7.822 8.03302 8.04481 7.95326 7.92041 7.9073 7.97543 7.89828 8.03705 8.04772 7.92313 7.9816 8.02553 7.99659 7.99139 7.93213 7.93568
91.8558 91.7895 91.9472 91.9127 91.8781 91.8974 91.8796 92.1327 91.8398 92.0959 92.1734 91.9204 91.8348 91.9157 92.0047 92.1723 92.1175 91.8561 92.1523 92.0921 92.113 91.9784 92.0552 92.1334 92.1406 92.0193 92.177 92.087 92.1436 92.0746 92.1812 92.0318 92.0588 92.077
153.793 153.698 153.655 153.771 153.73 153.778 153.791 153.693 153.66 153.728 153.828 153.621 153.821 153.654 153.693 153.65 153.772 153.793 153.715 153.693 153.577 153.538 153.595 153.553 153.557 153.639 153.548 153.576 153.54 153.508 153.428 153.512 153.714 153.58
75.6728 75.5479 75.635 75.7023 75.7554 75.4969 75.6371 75.7458 75.7009 75.5321 75.5329 75.7476 75.8229 75.6981 75.3256 75.718 75.7076 75.5766 75.3696 75.6222 75.6973 75.7128 75.8036 75.6408 75.7821 75.6035 75.475 75.7617 75.2191 75.581 75.7454 75.6038 75.7774 75.6753
74.2627 74.1678 74.3686 74.4675 74.3256 74.4939 74.2321 74.3896 74.341 74.2127 74.6175 74.1306 74.1464 74.4242 74.5161 74.4398 74.4893 74.2657 74.3299 74.4598 74.2126 74.0722 74.1064 74.109 73.9369 74.2778 74.7571 73.9807 74.6813 74.2043 74.1071 74.1629 74.1449 74.0432
83.5979 83.5577 83.645 83.6344 83.6094 83.5904 83.5708 83.1683 83.6009 83.1393 83.1575 83.5318 83.5677 83.6376 83.6143 83.2264 83.2247 83.5537 83.0896 83.1611 83.1464 83.084 83.1004 83.0191 83.0706 83.3352 83.2988 83.0355 83.257 83.2277 83.0961 83.2032 83.1843 82.9903
65.8958 65.8235 65.8787 65.9396 65.9068 65.9189 65.8889 66.6459 65.891 66.7293 66.5997 65.8546 65.8734 65.9133 65.9476 66.6392 66.5049 65.8425 66.8462 66.7002 66.2788 66.5749 66.4665 66.6174 66.3026 66.118 66.3698 66.4677 66.3478 66.2622 66.5837 66.3702 66.2834 66.4992
142.175 142.244 142.259 142.229 142.278 142.121 142.198 140.622 142.26 140.44 140.534 142.158 142.16 142.242 142.172 140.545 140.546 142.142 140.41 140.49 140.313 140.34 140.331 140.001 140.285 140.452 140.127 140.265 140.342 140.188 140.272 140.285 140.289 140.083
5.99307 5.97893 5.99056 5.99575 6.00169 5.98361 5.99729 6.02384 5.99342 5.9893 6.00553 5.9891 6.00746 5.99703 5.95163 5.99714 6.01286 5.99101 5.98555 6.00986 5.98698 5.96065 5.98984 5.9838 6.00199 5.98179 5.97888 6.00102 5.97535 5.97189 5.98693 5.97193 5.99754 5.97718
7.50017 7.47714 7.43521 7.50399 7.505 7.43921 7.51079 7.41036 7.45546 7.47171 7.47107 7.45966 7.51638 7.45124 7.40669 7.35319 7.41785 7.52122 7.43329 7.34625 7.5219 7.44742 7.51695 7.47288 7.52738 7.44189 7.33142 7.53309 7.42611 7.41026 7.43229 7.43033 7.47855 7.51055
4.51223 4.50467 4.53186 4.53772 4.54088 4.53091 4.51455 4.48777 4.51486 4.49607 4.50961 4.53397 4.50148 4.54522 4.54605 4.50244 4.48828 4.5156 4.4985 4.49027 4.50297 4.49371 4.49311 4.5008 4.48697 4.49309 4.52754 4.48642 4.51037 4.50016 4.51067 4.50475 4.48523 4.4947
4.60821 4.61127 4.61293 4.61503 4.61593 4.6109 4.5996 4.60429 4.62078 4.60246 4.59817 4.62325 4.59382 4.62066 4.61593 4.61196 4.60221 4.6115 4.60045 4.59606 4.63996 4.62754 4.63647 4.62501 4.64023 4.62446 4.62279 4.64 4.61253 4.62921 4.62906 4.6258 4.62452 4.63838
4.51817 4.51435 4.51809 4.51978 4.51919 4.51749 4.51731 4.54552 4.51709 4.53942 4.54322 4.51995 4.51762 4.52065 4.51591 4.5426 4.54113 4.51897 4.54103 4.54244 4.54515 4.54603 4.551 4.54209 4.5512 4.53422 4.53667 4.54878 4.53676 4.53449 4.54201 4.53744 4.54796 4.54986
4.36986 4.38491 4.34108 4.36599 4.36891 4.34526 4.39765 4.49184 4.37098 4.6224 4.48076 4.34087 4.39912 4.34436 4.34963 4.46501 4.4528 4.38072 4.65232 4.53443 4.48761 4.71854 4.55742 4.61225 4.49516 4.42984 4.4463 4.54277 4.46013 4.47085 4.56141 4.51256 4.47481 4.59439
4.34084 4.33707 4.33798 4.34256 4.33378 4.33962 4.34347 4.36229 4.34539 4.33873 4.35732 4.34035 4.34621 4.33817 4.33386 4.36084 4.36545 4.34313 4.3375 4.35335 4.34179 4.3333 4.34138 4.33136 4.34877 4.35261 4.35701 4.35171 4.33554 4.34927 4.34261 4.33876 4.36093 4.33568
8.09296 8.08463 8.05969 8.06174 8.05453 8.03352 8.08374 8.23366 8.05033 8.18341 8.21877 8.02889 8.12995 8.03862 8.04742 8.20402 8.21112 8.06696 8.20976 8.18628 8.23744 8.14555 8.22549 8.18082 8.24374 8.19219 8.21101 8.24335 8.24669 8.1844 8.22856 8.18007 8.23553 8.20394
93.0572 93.074 93.0297 93.0552 93.0278 93.0759 93.0859 92.9855 93.1139 93.0615 93.1222 92.9899 93.0107 92.9579 93.0586 92.9921 93.0226 93.1193 93.1236 93.0195 92.9058 92.9459 92.8897 92.9256 92.8824 92.9428 92.9897 92.8271 93.13 92.944 92.9388 92.9482 92.8701 92.8866
75.4698 75.4322 75.4714 75.4218 75.4555 75.3922 75.4004 75.5097 75.4461 75.305 75.438 75.434 75.4405 75.3276 75.499 75.2604 75.2772 75.3841 75.3308 75.3215 75.6302 75.639 75.6535 75.5374 75.572 75.6628 75.5548 75.7313 75.543 75.6968 75.5796 75.7515 75.64 75.7135
72.9165 72.7316 73.1714 73.2255 72.9733 72.9536 72.6809 73.1552 72.8916 72.9217 72.5777 73.2391 72.753 73.475 73.5087 73.2329 73.0316 72.4998 72.6202 72.867 72.5622 72.9732 73.2293 72.8586 73.1393 72.9342 72.7511 72.9533 72.883 72.9084 72.8261 72.651 73.1882 72.7412
82.9209 82.8594 82.9671 83.0057 82.979 82.8397 82.7756 82.8797 82.9362 82.8238 82.5681 83.0702 82.8231 83.0328 83.0141 82.9122 82.8292 82.7229 82.6593 82.7424 82.8345 82.976 83.0993 82.9177 83.0317 82.9069 82.6867 82.9625 82.6692 82.9178 82.9087 82.7908 83.0991 82.8593
103.96 103.957 103.907 103.866 103.857 103.813 104.054 103.987 103.924 103.92 103.747 103.836 103.933 103.854 104.021 103.873 104.028 103.85 103.909 103.919 103.202 103.332 103.333 103.135 103.245 103.25 102.849 103.309 103.019 103.129 103.18 103.3 103.223 103.319
64.9529 65.0092 64.9219 64.8937 64.7674 65.051 64.9367 64.7362 64.8942 65.005 64.8927 64.8854 64.7716 64.9104 65.1055 64.8303 64.7712 64.9503 65.064 64.8489 64.7159 64.7842 64.717 64.8271 64.7676 64.8591 64.8933 64.7617 65.0391 64.8178 64.708 64.7992 64.7235 64.7948
141.853 141.923 141.741 141.825 141.811 141.846 141.874 141.865 141.949 141.866 141.726 141.776 142.015 141.816 141.746 141.841 141.951 141.789 141.793 141.865 141.541 141.62 141.571 141.507 141.538 141.641 141.454 141.599 141.306 141.613 141.562 141.618 141.529 141.617
5.52986 5.52613 5.52082 5.53319 5.54098 5.52633 5.52762 5.53734 5.5336 5.51653 5.53101 5.52594 5.53148 5.53711 5.53804 5.5205 5.53355 5.52123 5.51198 5.52953 5.50796 5.50576 5.51156 5.51018 5.51625 5.50164 5.50578 5.50213 5.52329 5.5039 5.50681 5.4982 5.51335 5.49797
4.35884 4.37563 4.30847 4.36284 4.36078 4.3982 4.36558 4.35071 4.38596 4.39415 4.3683 4.35645 4.38262 4.30018 4.3327 4.35929 4.36467 4.37008 4.37191 4.35028 4.36582 4.35528 4.36051 4.3613 4.35802 4.35631 4.36005 4.34869 4.35811 4.35499 4.37072 4.35252 4.34556 4.35368
13.9443 13.838 13.9007 13.5392 13.4892 13.8042 13.5268 13.7761 13.9118 13.6405 13.9154 13.5648 13.6725 13.9443 13.3322 13.9474 13.6972 13.9658 13.8354 13.9805 13.3119 13.8955 13.3781 13.6824 13.5527 13.6999 14.112 13.7305 13.8131 13.6541 13.6524 13.8811 13.3409 13.5531
4.4592 4.45094 4.45131 4.45981 4.46832 4.4561 4.4639 4.46467 4.45613 4.45008 4.47699 4.44439 4.47025 4.4529 4.44033 4.45431 4.46505 4.46544 4.46099 4.46678 4.47375 4.45818 4.46138 4.46518 4.46525 4.45812 4.47224 4.46397 4.46351 4.46198 4.46714 4.46623 4.46076 4.46356
4.40134 4.40145 4.40363 4.40408 4.40394 4.39864 4.40049 4.40525 4.4079 4.40028 4.40212 4.40421 4.40092 4.40251 4.39934 4.40222 4.4018 4.4014 4.39979 4.40001 4.40661 4.40563 4.40842 4.40256 4.40504 4.40165 4.40103 4.40691 4.3997 4.40504 4.40437 4.40418 4.4074 4.40752
5.41633 5.40811 5.38805 5.38192 5.39158 5.37726 5.43075 5.37778 5.4244 5.39472 5.36299 5.38507 5.43777 5.36584 5.36964 5.38334 5.40008 5.39427 5.40108 5.39479 5.30951 5.38207 5.36429 5.27846 5.30932 5.2754 5.18934 5.35446 5.18516 5.26445 5.33226 5.32188 5.26633 5.36058
4.37772 4.36254 4.39195 4.33232 4.41859 4.21044 4.30935 4.44958 4.37664 4.34618 4.04506 4.46305 4.3737 4.40367 4.32551 4.40002 4.38591 4.32976 4.24859 4.30765 4.44896 4.44423 4.50104 4.44695 4.52214 4.41938 4.11044 4.49521 4.09777 4.42732 4.48205 4.41658 4.51304 4.46585
4.21658 4.21404 4.21153 4.22584 4.21827 4.2364 4.22751 4.23654 4.22321 4.23495 4.26884 4.19733 4.22616 4.21243 4.20638 4.23939 4.24754 4.22722 4.24951 4.25021 4.21736 4.20071 4.19923 4.21955 4.2054 4.21476 4.25639 4.20087 4.25535 4.21382 4.21685 4.21574 4.20367 4.20314
7.72461 7.78359 7.63496 7.65359 7.68496 7.68071 7.73824 7.67423 7.74403 7.75258 7.67918 7.67731 7.74717 7.63176 7.5942 7.67505 7.69073 7.74675 7.74101 7.70405 7.71244 7.74902 7.71684 7.6992 7.6967 7.67984 7.60553 7.72954 7.6158 7.6896 7.71476 7.73013 7.65481 7.74504
92.9887 93.0454 92.8449 93.0428 93.0018 93.1837 92.9041 92.9927 93.1947 93.0816 93.024 93.0432 93.0818 92.873 93.0028 93.0514 93.1895 92.9558 93.0778 93.1138 93.0729 93.1385 93.1682 93.1955 93.1191 93.1029 93.1384 93.0945 93.1938 92.9303 93.15 93.0821 93.1854 93.0994
76.0617 75.9416 75.6524 75.7735 76.0313 75.9536 75.9579 75.9491 76.1991 75.6777 75.9476 75.9612 76.1023 75.9876 75.9054 75.9071 75.8146 76.0742 76.0248 76.0385 76.0795 76.0782 76.1612 76.064 76.1004 76.1173 76.0523 76.0885 76.1075 76.0201 76.1067 76.1909 76.1147 76.1436
73.3879 73.4454 73.5496 73.3893 73.2561 73.2255 73.4814 73.5043 73.173 73.4243 73.3303 73.2314 73.3004 73.3439 73.5068 73.2464 73.2989 73.2474 73.1395 73.1257 73.1712 73.3028 73.2696 73.1809 73.3617 73.3015 73.3239 73.4199 73.2146 73.4244 73.1428 73.2151 73.2533 73.2674
82.9695 82.9709 83.0499 82.9444 83.0555 82.7843 83.0275 82.9093 82.9776 82.8609 82.9866 82.9005 82.9763 83.0759 82.9167 82.9396 82.8798 83.0501 83.0221 82.9961 82.8245 82.8685 82.7795 82.7881 82.788 82.7043 82.7986 82.806 82.8298 82.8262 82.8324 82.8204 82.7231 82.8024
98.0177 97.8071 97.6843 98.0527 97.6145 98.1755 97.8103 98.362 98.0849 98.08 97.972 97.8167 97.8268 97.397 98.2971 97.7195 97.8761 97.2919 97.2338 97.5287 97.9435 98.4613 98.317 97.9227 98.2747 98.5503 98.3688 98.6008 98.3127 98.4374 98.1728 98.5182 98.3562 98.3186
65.0164 65.2049 64.9798 65.16 65.0521 65.3944 65.1086 65.0209 65.1103 65.4641 65.0659 65.1867 65.2354 64.9959 64.9963 65.2738 65.2817 65.1251 65.2903 65.1635 65.0894 64.8665 65.0031 65.1434 65.0244 65.0344 65.0171 64.967 64.9201 64.9271 65.0058 64.9275 64.9963 64.997
142.137 142.171 142.168 142.138 142.081 142.087 142.15 142.115 142.112 142.072 142.074 142.048 142.114 142.186 142.119 142.17 142.308 142.205 142.184 142.251 141.546 141.508 141.495 141.497 141.454 141.582 141.605 141.598 141.354 141.606 141.462 141.551 141.519 141.568
5.60296 5.58983 5.59931 5.61258 5.62669 5.60038 5.60592 5.61633 5.6229 5.59099 5.61421 5.61103 5.62378 5.61851 5.62719 5.59684 5.61629 5.6129 5.59272 5.61045 5.60919 5.62446 5.63192 5.6168 5.63142 5.61315 5.61531 5.63144 5.62695 5.63505 5.61935 5.61601 5.62926 5.61946
4.4108 4.40201 4.43504 4.42548 4.44317 4.42982 4.41418 4.4252 4.44338 4.42194 4.44042 4.45215 4.44954 4.43142 4.42844 4.41727 4.44652 4.43445 4.43211 4.44939 4.42667 4.46458 4.44118 4.44604 4.44097 4.4238 4.45012 4.43864 4.4551 4.41547 4.45918 4.42532 4.45134 4.42719
4.4697 4.46568 4.45188 4.45311 4.46369 4.45728 4.45938 4.46438 4.47801 4.44908 4.45591 4.46757 4.47479 4.46573 4.45359 4.45118 4.44992 4.47048 4.46048 4.45679 4.46819 4.46737 4.47612 4.46816 4.46915 4.47282 4.46936 4.46809 4.46755 4.46573 4.4692 4.46923 4.47918 4.47221
4.38004 4.37553 4.38526 4.38792 4.37805 4.38469 4.37795 4.38898 4.38226 4.38562 4.38649 4.3811 4.38269 4.37738 4.38357 4.37967 4.38415 4.37717 4.37458 4.37653 4.38051 4.38264 4.3881 4.3819 4.38792 4.38798 4.38506 4.39001 4.38824 4.3939 4.38194 4.39037 4.38994 4.38717
5.76712 5.76067 5.77618 5.7685 5.75449 5.76045 5.76708 5.77631 5.74161 5.76645 5.76206 5.76024 5.7569 5.78383 5.77028 5.77439 5.7827 5.74348 5.75423 5.77729 5.68128 5.67046 5.6997 5.70769 5.70512 5.68651 5.66643 5.71234 5.64123 5.69477 5.66553 5.71838 5.68796 5.70906
4.24045 4.26765 4.2082 4.21645 4.22913 4.35803 4.28349 4.27389 4.20383 4.34846 4.29939 4.28743 4.32899 4.21877 4.24564 4.28419 4.32792 4.29673 4.31621 4.33453 4.35631 4.31185 4.31892 4.3736 4.37063 4.3509 4.36083 4.35192 4.34185 4.32621 4.35617 4.36203 4.3261 4.34655
4.18415 4.18201 4.19108 4.19252 4.19066 4.18206 4.182 4.18798 4.19661 4.18945 4.18934 4.1896 4.18064 4.19494 4.17883 4.19422 4.17576 4.18275 4.18753 4.18087 4.18083 4.17328 4.19172 4.1855 4.17731 4.18494 4.18533 4.18545 4.18622 4.19035 4.18196 4.18717 4.19922 4.18509
7.8621 7.86351 7.86743 7.84812 7.86044 7.82318 7.85628 7.83519 7.84342 7.82657 7.84045 7.84042 7.83385 7.86542 7.83452 7.84333 7.84936 7.86435 7.85778 7.85619 7.78783 7.77303 7.78272 7.78852 7.77811 7.77382 7.77148 7.774 7.75816 7.77533 7.76978 7.78393 7.78571 7.78876
92.3254 92.4374 92.5424 92.6864 92.5681 92.5123 92.5276 92.569 92.5454 92.687 92.5554 92.6296 92.6981 92.6711 92.5534 92.5321 92.5619 92.6042 92.5117 92.4402 92.6386 92.6591 92.6126 92.735 92.7434 92.5894 92.7425 92.7765 92.7811 92.7494 92.7485 92.5405 92.7022 92.6518
75.5937 75.5963 75.3347 75.549 75.5273 75.6391 75.4803 75.6888 75.6553 75.6384 75.3586 75.7249 75.3182 75.1273 75.6143 75.3502 75.5073 75.4691 75.3783 75.926 75.443 75.1954 75.4418 75.722 75.421 75.2303 75.4511 75.6127 75.3907 75.4766 75.759 75.7366 75.5439 75.531
72.919 72.6349 72.3458 72.3715 72.7075 72.5933 72.4754 72.5229 73.2512 72.3885 72.7212 72.5055 73.0077 72.7168 72.3956 72.5538 72.48 72.8737 72.9126 72.8104 73.2982 73.4593 73.4232 73.2826 73.4648 73.6144 73.3982 73.2978 73.3395 73.419 73.2447 73.5011 73.4371 73.4788
82.6678 82.6027 82.4072 82.3558 82.4602 82.4394 82.4992 82.4981 82.6891 82.358 82.5236 82.4185 82.6714 82.5995 82.3336 82.4493 82.3592 82.6327 82.6494 82.4579 82.6155 82.7163 82.6591 82.5729 82.6121 82.7959 82.6077 82.5555 82.6286 82.5096 82.5258 82.7548 82.6304 82.7419
65.6597 65.6668 65.7534 65.8059 65.7251 65.6938 65.6979 65.6713 65.7032 65.801 65.7658 65.7036 65.7428 65.7776 65.6877 65.7573 65.7392 65.7458 65.7528 65.6541 65.6568 65.6788 65.6409 65.6545 65.7004 65.673 65.7008 65.651 65.6915 65.7414 65.6276 65.6154 65.6407 65.6174
137.161 136.745 136.702 136.704 137.085 137.065 136.834 137.324 137.7 136.843 137.055 137.047 137.643 137.207 136.699 136.805 137.122 137.34 137.245 137.209 137.52 137.649 137.731 137.603 137.692 137.63 137.662 137.714 137.433 137.522 137.541 137.789 137.66 137.646
12.1885 12.1516 12.2196 12.3929 12.153 12.4097 12.2798 12.79 12.4806 12.3555 12.1322 12.3766 12.332 12.0936 12.8105 12.2476 12.7166 12.5215 12.1761 12.2875 12.8066 12.3661 12.4577 12.098 12.3434 12.3827 12.4137 12.305 12.4843 12.6296 12.5689 12.6884 12.293 12.5434
5.71753 5.71376 5.69259 5.69669 5.6912 5.69985 5.69719 5.70671 5.71611 5.70083 5.68795 5.69768 5.70894 5.68708 5.69338 5.68498 5.67649 5.70782 5.70418 5.71293 5.68661 5.69205 5.68292 5.70001 5.69524 5.69932 5.69706 5.70417 5.6964 5.68838 5.69346 5.71243 5.7017 5.71311
4.50086 4.53489 4.52396 4.52328 4.56006 4.51723 4.5513 4.53492 4.51297 4.53852 4.53935 4.55126 4.50823 4.56222 4.5219 4.55288 4.57615 4.51126 4.52004 4.50423 4.52893 4.52106 4.55988 4.51316 4.51936 4.5009 4.50447 4.51074 4.48793 4.50259 4.52124 4.5019 4.52349 4.4889
4.57155 4.57182 4.57683 4.57884 4.564 4.56559 4.56461 4.57483 4.5729 4.58699 4.56144 4.56815 4.57872 4.56489 4.57166 4.5628 4.5662 4.57282 4.56639 4.56521 4.5742 4.57329 4.57005 4.56987 4.57777 4.58318 4.57859 4.57186 4.56965 4.59174 4.56268 4.58425 4.57554 4.57861
4.5236 4.52561 4.52762 4.52584 4.51963 4.52237 4.5226 4.52498 4.52213 4.52656 4.5246 4.52031 4.51953 4.51879 4.52568 4.52121 4.52342 4.52043 4.51958 4.52633 4.51677 4.50931 4.51148 4.51952 4.51567 4.51122 4.51494 4.51572 4.51899 4.51327 4.5148 4.52065 4.51828 4.52125
4.54823 4.52166 4.39343 4.41083 4.47866 4.5009 4.4655 4.47804 4.53182 4.38002 4.48683 4.45065 4.45396 4.43194 4.45894 4.46203 4.46982 4.48964 4.51213 4.54187 4.50332 4.51913 4.52975 4.51846 4.50063 4.52649 4.50032 4.49962 4.51886 4.43507 4.5149 4.54941 4.53214 4.53956
4.28338 4.2938 4.28171 4.29245 4.29592 4.28858 4.28412 4.26565 4.28497 4.29003 4.2902 4.28137 4.25432 4.27361 4.28061 4.31086 4.27848 4.27237 4.29203 4.30071 4.27755 4.2707 4.27483 4.28127 4.28059 4.27532 4.27144 4.26727 4.27879 4.27717 4.27327 4.27436 4.27746 4.26517
7.85768 7.97762 7.98472 7.86445 7.86771 7.87508 7.90605 7.8148 7.78299 7.92827 7.88881 7.83701 7.70288 7.75495 7.84266 7.92236 7.85866 7.7638 7.84537 7.91819 7.70754 7.66991 7.69214 7.70298 7.68531 7.66875 7.68913 7.67304 7.69794 7.6625 7.69078 7.71828 7.68591 7.6871
147.014 147.143 147.317 147.393 147.369 147.461 147.07 147.586 147.371 147.339 147.253 147.457 147.156 147.105 147.447 147.243 148.104 147.619 146.982 147.315 147.951 147.488 147.497 147.109 147.371 147.618 147.248 146.942 147.131 146.724 147.458 147.87 147.157 147.659
93.833 93.921 93.8925 93.8513 93.8913 93.7817 93.8811 93.9663 93.8035 93.8626 93.7767 93.9316 93.9295 93.9491 93.8075 93.8177 93.78 93.8045 93.8979 93.6563 93.9377 94.0041 93.9594 93.9834 93.9684 93.9715 93.9762 93.959 93.966 94.0544 93.9247 93.9247 93.9704 94.0378
75.5625 75.4831 75.1379 75.5906 75.4354 75.6274 75.7028 75.2596 75.4925 75.5048 75.4628 75.4855 75.6597 75.775 75.4037 75.3974 75.3552 75.263 75.6625 75.5568 75.4837 75.6538 75.5456 75.6029 75.5692 75.5383 75.6294 75.7933 75.6571 75.7265 75.4795 75.5958 75.5789 75.6062
71.924 72.0462 72.0227 71.981 72.2556 72.1488 72.2639 72.2872 72.0677 72.368 72.0091 72.4861 71.9976 71.8393 72.2483 72.0956 72.5566 71.9682 71.9666 72.1577 72.2926 72.1331 72.3575 72.0215 72.0678 72.0244 71.9743 72.3592 71.7926 72.1346 72.063 72.0939 72.0961 71.9569
82.4897 82.3192 82.5467 82.4306 82.3275 82.4547 82.3312 82.2495 82.2522 82.1599 82.4604 82.1703 82.4461 82.4105 82.3147 82.5011 82.2561 82.5048 82.5276 82.3737 82.2116 82.2603 82.1025 82.2156 82.2229 82.2951 82.2612 82.2166 82.2989 82.223 82.1305 82.1631 82.1625 82.2707
97.1324 97.3531 96.5098 96.7448 97.9327 97.3004 97.3645 98.3409 98.0335 98.3456 96.4835 98.5567 96.8746 96.0739 97.9181 96.78 98.4504 96.1375 96.5504 98.0399 97.7807 97.2827 98.2828 97.96 97.8078 97.2722 97.8351 98.335 97.0194 97.6709 98.0913 98.3049 97.9559 97.4728
64.5651 64.4905 64.7032 64.6078 64.5576 64.5973 64.5487 64.4148 64.4112 64.3313 64.7902 64.4201 64.6212 64.7302 64.4898 64.762 64.6122 64.7291 64.7489 64.4906 64.5629 64.6271 64.5341 64.4617 64.5457 64.6252 64.5053 64.4156 64.5671 64.5079 64.371 64.3728 64.4744 64.4944
141.269 141.124 141.201 141.181 141.26 141.406 141.288 141.27 141.288 141.167 141.403 141.429 141.109 141.102 141.215 141.32 141.358 141.365 141.3 141.539 141.315 141.185 141.336 141.302 141.262 141.115 141.274 141.312 141.216 141.2 141.384 141.338 141.245 141.135
5.59702 5.60027 5.57185 5.58665 5.59679 5.59324 5.59764 5.59834 5.60945 5.60554 5.57225 5.60291 5.60391 5.58612 5.59082 5.58327 5.5874 5.57346 5.5939 5.59346 5.56581 5.56877 5.56011 5.56774 5.56264 5.56209 5.57162 5.60095 5.5598 5.58071 5.55532 5.57575 5.56518 5.58363
4.36975 4.32069 4.37602 4.29611 4.29233 4.31882 4.27943 4.32627 4.28151 4.25718 4.32747 4.27813 4.32314 4.31266 4.27089 4.24637 4.2628 4.348 4.35323 4.30578 4.37345 4.36496 4.36276 4.35584 4.37606 4.38345 4.36961 4.31077 4.37308 4.33673 4.39163 4.37267 4.37679 4.36031
4.46472 4.46283 4.44935 4.46225 4.45373 4.45618 4.45991 4.44732 4.47665 4.45233 4.4753 4.44599 4.47187 4.46771 4.46042 4.45638 4.46145 4.46239 4.46445 4.46253 4.456 4.46857 4.44731 4.46313 4.46412 4.46578 4.46698 4.46512 4.47274 4.46645 4.45451 4.46941 4.45972 4.47878
4.35667 4.35546 4.35217 4.3549 4.35334 4.36144 4.35934 4.36238 4.3592 4.36608 4.34467 4.36367 4.35838 4.34817 4.3554 4.34644 4.34327 4.34919 4.35058 4.36164 4.34433 4.34555 4.34334 4.35104 4.34779 4.34769 4.35024 4.3572 4.34832 4.35607 4.35139 4.35176 4.35563 4.35348
5.24684 5.3303 5.27667 5.31967 5.39689 5.32764 5.37437 5.42687 5.35467 5.44955 5.20138 5.49768 5.26027 5.23035 5.40127 5.29057 5.45334 5.14387 5.15092 5.37858 5.3774 5.28275 5.4412 5.40753 5.35383 5.27505 5.33495 5.40135 5.23649 5.3766 5.44605 5.41791 5.38282 5.30004
4.41231 4.4345 4.38199 4.39938 4.40793 4.41857 4.42988 4.41873 4.41171 4.44936 4.29829 4.45929 4.39425 4.36723 4.38303 4.43045 4.33105 4.39989 4.3799 4.43087 4.35621 4.33633 4.35607 4.34349 4.33624 4.33394 4.3254 4.40523 4.33223 4.36715 4.35372 4.34985 4.35291 4.35887
4.20192 4.18896 4.19105 4.19552 4.16785 4.18058 4.17193 4.17929 4.20356 4.16796 4.22488 4.15661 4.19938 4.19015 4.17662 4.16417 4.17024 4.21222 4.19522 4.18891 4.17683 4.18596 4.16589 4.21231 4.20478 4.19889 4.21308 4.18088 4.22254 4.19587 4.21337 4.21804 4.20054 4.2193
7.64019 7.62417 7.6513 7.66412 7.66619 7.66345 7.65003 7.62986 7.63853 7.62794 7.66548 7.65551 7.63264 7.65116 7.672 7.68574 7.67938 7.66375 7.63749 7.67153 7.65861 7.64485 7.66499 7.66926 7.64876 7.63696 7.64715 7.6575 7.6422 7.6598 7.67203 7.64976 7.65286 7.6486
93.2009 92.9877 93.1612 92.8884 92.9439 92.9835 92.8865 93.1135 92.7737 92.7688 92.9167 92.9467 92.9811 92.8773 92.854 92.7293 92.8923 93.0429 93.1781 92.9131 93.3331 93.3572 93.3139 93.3331 93.3779 93.3929 93.3593 93.2999 93.3658 93.3683 93.3168 93.3124 93.373 93.4218
77.062 77.0265 77.0173 77.0183 77.0088 77.0325 76.9986 77.0301 77.0086 76.9927 76.9859 77.0044 77.0345 77.0335 76.9948 76.9977 76.9962 77.0186 77.0569 77.0221 76.9787 76.9687 76.9804 76.9789 76.9743 76.9846 76.9642 77.0088 76.9615 77.0094 76.9707 76.9845 76.9807 77.0057
69.8029 69.9369 69.8298 70.0521 69.8823 69.9715 70.0383 69.8153 69.9683 70.0502 70.0164 69.8516 69.9909 69.955 70.0735 69.9262 70.1934 69.9078 69.9761 69.9562 70.2283 70.1499 70.2659 70.0362 70.1127 70.0733 70.2588 70.1224 70.2186 70.013 70.2233 70.2737 70.0601 69.9873
82.4916 82.5531 82.5674 82.6647 82.617 82.6073 82.5652 82.5361 82.7377 82.7345 82.6562 82.5694 82.59 82.6877 82.7198 82.8086 82.6587 82.6117 82.4381 82.6733 81.986 81.9818 81.9324 82.1191 81.917 81.95 81.8974 82.1235 81.8713 82.1237 81.9382 81.9647 81.9104 82.0699
99.116 99.3966 98.9649 99.6419 99.5253 99.8911 100.151 99.6005 99.1714 99.7119 99.5101 100.287 99.4594 98.5749 99.8093 98.7575 100.654 99.2904 99.7002 99.4159 100.277 99.9509 100.51 99.9241 100.057 99.7819 100.159 100.42 99.9757 100.07 100.255 100.432 100.046 99.4188
64.7388 64.6454 64.9623 64.6026 64.7049 64.6185 64.529 64.8135 64.7077 64.676 64.7601 64.7168 64.5973 64.6736 64.6806 64.7483 64.6433 64.8399 64.585 64.6947 64.7115 64.723 64.6168 64.7428 64.7235 64.7766 64.7335 64.5682 64.7374 64.6659 64.6951 64.6752 64.7465 64.818
141.91 141.786 141.885 141.825 141.761 141.851 141.735 141.892 141.866 141.876 141.885 141.886 141.746 141.843 141.728 141.686 141.717 141.903 141.858 141.828 141.64 141.611 141.652 141.553 141.578 141.562 141.693 141.56 141.682 141.537 141.639 141.695 141.573 141.506
5.63817 5.63947 5.62839 5.64415 5.63864 5.65086 5.65217 5.63482 5.63805 5.63787 5.63925 5.64625 5.6485 5.6372 5.6373 5.63496 5.64598 5.63487 5.65368 5.63972 5.64734 5.63917 5.64992 5.63872 5.63661 5.63745 5.64789 5.6528 5.64936 5.64667 5.64603 5.65565 5.64035 5.6374
4.18287 4.16766 4.17398 4.17275 4.17444 4.16359 4.14774 4.17154 4.18574 4.16175 4.15886 4.15895 4.16687 4.17648 4.15529 4.17124 4.13917 4.16426 4.17981 4.14998 4.11259 4.11143 4.10177 4.11454 4.1049 4.11234 4.10878 4.11151 4.11231 4.11227 4.10569 4.10735 4.10938 4.1153
4.32024 4.32149 4.33477 4.3309 4.33267 4.3396 4.34838 4.32971 4.32576 4.32822 4.34218 4.34882 4.33583 4.32384 4.32836 4.33026 4.33282 4.33436 4.32828 4.32932 4.33722 4.33694 4.32628 4.34037 4.33114 4.33899 4.3321 4.34163 4.33728 4.34105 4.33046 4.33174 4.33683 4.34409
4.32387 4.32066 4.31672 4.32409 4.31984 4.32412 4.32178 4.31725 4.31698 4.31795 4.3201 4.31663 4.32311 4.32088 4.31846 4.31254 4.32005 4.31832 4.33012 4.3177 4.33139 4.32982 4.3379 4.32742 4.33382 4.33574 4.32691 4.33274 4.3325 4.33292 4.33603 4.33714 4.3369 4.32649
5.62125 5.5926 5.58146 5.61026 5.57858 5.6359 5.61913 5.6097 5.59423 5.62891 5.60989 5.6359 5.6007 5.60191 5.59128 5.53912 5.61659 5.59743 5.63128 5.61393 5.65664 5.64803 5.66857 5.63687 5.65846 5.64453 5.65573 5.65404 5.64718 5.64177 5.6637 5.67281 5.65653 5.61641
4.45836 4.44655 4.32294 4.46891 4.4181 4.43578 4.38529 4.40573 4.50051 4.44218 4.30481 4.34843 4.47644 4.50552 4.42393 4.47485 4.37598 4.34408 4.4708 4.43737 4.19155 4.15957 4.20576 4.14825 4.13646 4.11374 4.15411 4.24222 4.09683 4.18754 4.15989 4.18318 4.11068 4.13518
4.1516 4.14709 4.16231 4.15927 4.16515 4.17597 4.18251 4.16299 4.15229 4.15437 4.16617 4.19009 4.17086 4.15508 4.15467 4.16023 4.15428 4.16584 4.16099 4.16063 4.15359 4.15659 4.15128 4.16725 4.15753 4.16289 4.14867 4.17106 4.15501 4.17484 4.15242 4.15425 4.16979 4.17111
7.73953 7.73389 7.73417 7.7406 7.73886 7.73939 7.72656 7.73634 7.76147 7.75396 7.7352 7.74253 7.74266 7.77262 7.73196 7.77676 7.70509 7.73577 7.72726 7.74748 7.68571 7.69275 7.68508 7.6886 7.68999 7.69754 7.6876 7.67973 7.69535 7.68793 7.6922 7.68877 7.69436 7.6945
