153.267 153.153 153.157 153.378 153.055 153.461 153.247 153.227 153.291 153.072 153.352 153.459 153.525 153.431 153.495 153.463 153.376 153.373 153.376 153.463
75.8992 75.8987 75.8964 75.8797 75.8495 75.9223 75.9135 75.893 75.8883 75.7747 75.8497 75.7936 75.8534 75.8822 75.869 75.8752 75.7821 75.7586 75.827 75.8758
140.989 141.012 140.914 141.175 141.044 141.095 141.075 140.958 140.953 141.212 141.719 141.691 141.756 141.802 141.808 141.816 141.631 141.727 141.778 141.818
5.81083 5.80386 5.81819 5.84861 5.81186 5.82565 5.81526 5.81832 5.82962 5.81881 5.84327 5.8442 5.84685 5.8598 5.85649 5.85362 5.84742 5.84466 5.84673 5.85718
7.29852 7.28395 7.29077 7.37074 7.16935 7.31472 7.28975 7.26022 7.34059 7.15808 7.34989 7.37907 7.4031 7.37317 7.41431 7.39198 7.32754 7.32532 7.32732 7.36537
4.66558 4.66054 4.66109 4.6479 4.68328 4.66168 4.67214 4.67286 4.67118 4.69185 4.5931 4.59374 4.58541 4.58487 4.58221 4.58006 4.60508 4.60844 4.59684 4.5891
4.58937 4.60626 4.58129 4.59435 4.58093 4.58 4.6143 4.57872 4.58374 4.59522 4.60842 4.60907 4.61761 4.62195 4.6204 4.62262 4.60124 4.6096 4.61573 4.62989
8.26032 8.29436 8.22166 8.15225 8.25124 8.2049 8.28581 8.20483 8.15032 8.28018 8.19379 8.16111 8.17087 8.17094 8.16649 8.17098 8.17387 8.16966 8.17693 8.16099
92.3102 92.4264 92.3881 92.2834 92.407 92.3474 92.2985 92.4335 92.3509 92.511 92.443 92.4973 92.4442 92.3971 92.4094 92.358 92.5264 92.5118 92.4258 92.3453
153.247 152.887 152.966 153.27 152.973 153.342 153.36 152.928 153.138 153.104 153.271 153.311 153.341 153.321 153.326 153.33 153.333 153.321 153.453 153.342
75.1022 75.116 75.1005 75.2606 75.0811 75.3 75.0453 75.1332 75.205 75.1534 75.5666 75.5741 75.5487 75.5703 75.5706 75.5336 75.5477 75.5773 75.5774 75.5619
74.3833 74.2063 74.2108 74.619 74.2837 74.2448 74.3916 74.2945 74.3799 74.2738 73.6648 73.6938 73.7719 73.7999 73.7301 73.9336 73.4596 73.5764 73.794 73.8329
82.7144 82.5443 82.5338 82.7742 82.5223 82.4646 82.6964 82.5468 82.6581 82.4701 82.6327 82.6378 82.6781 82.6757 82.6889 82.7258 82.5525 82.5724 82.6738 82.7135
139.669 139.461 139.446 139.907 139.565 139.739 139.702 139.439 139.81 139.749 140.03 140.078 140.091 140.119 140.126 140.191 139.833 139.942 140.077 140.159
5.7522 5.73726 5.74206 5.75839 5.75335 5.77136 5.74909 5.72614 5.72389 5.74858 5.7755 5.76006 5.76371 5.77406 5.76712 5.77577 5.76761 5.76114 5.78319 5.77059
7.47129 7.53613 7.58582 7.50863 7.37666 7.4955 7.50273 7.50387 7.46911 7.40294 7.61419 7.60847 7.61644 7.62273 7.63952 7.61581 7.57964 7.57464 7.55885 7.57381
4.47652 4.4749 4.46573 4.46545 4.47822 4.44068 4.48464 4.46183 4.46538 4.46166 4.45018 4.45419 4.45575 4.45364 4.45934 4.47191 4.44526 4.4519 4.45642 4.46417
4.62997 4.62323 4.63377 4.63448 4.62142 4.63684 4.62103 4.62726 4.63138 4.62719 4.60111 4.60839 4.60601 4.59898 4.60003 4.60579 4.5944 4.60166 4.60793 4.60134
4.506 4.5023 4.49713 4.51156 4.51011 4.53983 4.50494 4.50324 4.50978 4.51384 4.51555 4.51594 4.51844 4.52138 4.51782 4.52402 4.51509 4.51427 4.52386 4.52157
7.71984 7.69528 7.73228 7.81344 7.70469 7.74934 7.74788 7.72675 7.77114 7.74987 7.88162 7.94536 7.91156 7.88932 7.90089 7.89285 7.89985 7.89387 7.86436 7.88501
139.8 139.711 139.678 139.342 139.119 139.867 139.634 139.695 139.363 139.215 140.641 140.679 140.588 140.59 140.618 140.575 140.626 140.714 140.659 140.621
5.38607 5.2385 5.22643 5.38077 5.36994 5.30608 5.35664 5.19085 5.38156 5.43062 5.39698 5.3816 5.38815 5.37001 5.37966 5.38639 5.36434 5.37415 5.40753 5.38545
4.27911 4.26753 4.26445 4.28286 4.2466 4.25794 4.27807 4.22504 4.2268 4.21355 4.24241 4.25275 4.24714 4.24703 4.24405 4.24529 4.24668 4.25232 4.23969 4.24047
4.39547 4.41307 4.3962 4.40352 4.41671 4.41851 4.38288 4.4175 4.43838 4.44047 4.41015 4.41 4.41008 4.4038 4.40627 4.40735 4.41025 4.40788 4.415 4.40796
4.33604 4.41311 4.43218 4.4194 4.845 4.58848 4.29485 4.43907 5.30154 5.94884 4.33292 4.32839 4.33935 4.33052 4.33424 4.34281 4.34172 4.32649 4.3768 4.34428
4.55216 4.51574 4.51538 4.44723 4.35559 4.56516 4.47932 4.50557 4.43459 4.47545 5.11625 5.16335 5.11429 5.08049 5.12322 5.12416 5.11577 5.17051 5.16229 5.13333
7.19387 7.21603 7.2197 7.07462 7.10328 7.22979 7.16802 7.2216 7.1084 7.13415 7.43734 7.44477 7.43757 7.42236 7.43412 7.41906 7.45741 7.46008 7.44304 7.42971
98.5346 98.3552 98.5802 98.4513 98.5189 98.8102 98.7947 98.6178 98.9681 98.5924 98.8427 98.738 98.7114 98.8899 98.8845 98.7732 98.645 98.6798 98.7396 98.7978
141.102 140.997 141.023 141.048 141.055 141.12 141.09 141.209 141.335 141.044 141.484 141.464 141.445 141.504 141.519 141.441 141.447 141.441 141.476 141.425
5.5489 5.63285 5.64033 5.68605 5.58443 5.63537 5.58586 5.47285 5.59339 5.5341 5.28811 5.30134 5.30074 5.27854 5.32326 5.27857 5.27664 5.28016 5.31094 5.26369
4.40211 4.41102 4.40855 4.39252 4.38169 4.38889 4.38615 4.39251 4.47132 4.3521 4.40634 4.40458 4.40822 4.41504 4.40562 4.37165 4.41542 4.41309 4.40378 4.40966
4.24109 4.21655 4.22442 4.20119 4.28062 4.27711 4.24273 4.17462 4.22234 4.22278 4.25414 4.25548 4.24626 4.24622 4.23937 4.33229 4.254 4.26546 4.24532 4.24881
3.80919 3.76333 3.879 3.90027 3.87488 3.73823 3.82228 3.6649 3.74401 3.71232 3.98839 4.022 3.99885 4.03548 4.04312 4.0396 3.99596 4.00127 3.98544 4.00851
5.31422 5.38235 5.34427 5.29462 5.30985 5.37541 5.36382 5.36722 5.38478 5.33751 5.48589 5.48059 5.46963 5.47516 5.49182 5.47807 5.46473 5.47481 5.48935 5.4686
7.42591 7.49728 7.46693 7.42582 7.44678 7.46081 7.43514 7.49063 7.49809 7.45347 7.55205 7.55251 7.54782 7.55167 7.55486 7.53271 7.54869 7.5489 7.55611 7.54065
4.80752 5.38506 5.53698 4.92856 5.00542 5.3353 5.50751 5.62686 5.66443 5.59446 5.61383 5.56917 5.57157 5.59305 5.5963 5.4721 5.57626 5.59057 5.57213 5.59152
5.50927 5.48828 5.56706 5.49554 5.54327 5.57544 5.59171 5.67626 5.63815 5.55068 5.66677 5.67592 5.69148 5.68683 5.64049 5.67141 5.6899 5.68343 5.68233 5.6887
7.77308 7.70636 7.76544 7.76626 7.76568 7.77079 7.75177 7.69787 7.74484 7.73886 7.75189 7.75662 7.75468 7.75565 7.75165 7.75908 7.75147 7.75847 7.75448 7.75289
93.4116 92.8302 93.5174 92.8669 92.7762 93.2167 93.5298 93.5765 93.4897 92.6195 92.8616 92.8768 92.8304 92.8663 92.6566 92.824 92.8653 92.8972 92.8508 92.8301
74.9815 75.2445 74.7101 75.0845 75.1343 75.3393 74.7137 75.0383 75.1087 75.2435 75.2433 75.3307 75.344 75.3128 75.3729 75.2318 75.2988 75.2427 75.224 75.2392
101.114 100.932 101.448 100.883 101.094 101.503 101.575 101.036 101.278 102.119 101.69 101.804 101.93 101.825 102.107 102.25 101.718 101.686 101.746 101.667
142.213 142.178 142.168 142.197 142.265 142.195 142.126 142.238 142.214 142.268 142.304 142.378 142.351 142.383 142.287 142.255 142.39 142.344 142.328 142.37
5.40453 5.49307 5.38746 5.51562 5.54773 5.46502 5.39767 5.40948 5.34782 5.53311 5.4633 5.49803 5.50393 5.47989 5.51329 5.50513 5.49104 5.48432 5.47767 5.48288
4.58266 4.46946 4.3886 4.51421 4.53945 4.47131 4.38623 4.45199 4.41877 4.38274 4.55115 4.52786 4.51466 4.53404 4.50699 4.50159 4.52769 4.53749 4.55335 4.53192
12.8203 12.8524 12.5334 12.7472 12.6621 12.6795 12.429 12.6291 12.5944 12.6471 12.0832 11.9808 12.0112 12.0586 12.001 11.9868 12.0536 12.0047 12.0028 12.0034
4.55196 4.52847 4.52875 4.56793 4.53763 4.53389 4.52798 4.50047 4.44992 4.47828 4.53802 4.52745 4.52581 4.52112 4.49711 4.53197 4.52686 4.53591 4.53775 4.53191
4.50654 4.4901 4.54821 4.50112 4.52951 4.51573 4.55201 4.59918 4.47436 4.4436 4.48293 4.48392 4.48809 4.47823 4.47518 4.47518 4.47775 4.47587 4.48335 4.4764
5.22659 5.16784 5.21193 5.19932 5.22383 5.23416 5.22882 5.24458 5.24301 5.32205 5.3591 5.37157 5.35749 5.38584 5.30465 5.3457 5.4017 5.37952 5.3513 5.38049
7.66437 7.60051 7.65798 7.64238 7.66509 7.66093 7.65633 7.65363 7.72399 7.64702 7.7335 7.74995 7.73761 7.75029 7.67948 7.70751 7.75512 7.74823 7.73207 7.7417
5.41578 5.43832 5.44534 5.44201 5.45048 5.45213 5.4406 5.4101 5.41669 5.50302 5.42858 5.44482 5.45022 5.44517 5.44657 5.45584 5.4488 5.44128 5.43702 5.4332
4.33076 4.34114 4.30545 4.34966 4.3516 4.33235 4.29555 4.33376 4.28521 4.33795 4.27213 4.27462 4.27464 4.27414 4.27037 4.28647 4.26983 4.28247 4.2782 4.29437
4.40117 4.40345 4.40831 4.40448 4.40725 4.40281 4.41507 4.41401 4.41018 4.4084 4.4104 4.42623 4.42611 4.42107 4.41195 4.4106 4.42798 4.41108 4.41261 4.41079
5.43627 5.48616 5.56231 5.49637 5.47789 5.54191 5.59794 5.55362 5.56561 5.56487 5.58151 5.58071 5.59435 5.5765 5.59472 5.61233 5.5852 5.60252 5.57415 5.59339
7.82234 7.79569 7.88527 7.79388 7.80177 7.83603 7.84641 7.80943 7.82079 7.83959 7.7917 7.79081 7.79495 7.79825 7.78837 7.80101 7.79668 7.79211 7.78819 7.78905
92.3965 92.2848 92.1884 92.2798 92.4104 92.285 92.1234 92.2231 92.1102 92.3375 92.1109 92.0947 92.0829 92.1204 92.1144 92.1517 92.0894 92.0748 92.1435 92.1102
154.163 154.248 154.267 154.212 154.189 154.25 154.253 154.176 154.302 154.222 153.699 153.756 153.78 153.751 153.722 153.717 153.868 153.761 153.704 153.724
74.5226 74.5748 74.7359 74.5934 74.5829 74.5981 74.7638 74.6687 74.7822 74.609 75.3733 75.3561 75.3765 75.3638 75.4374 75.3837 75.3714 75.3373 75.4452 75.4087
139.079 138.779 139.079 138.89 139.055 138.886 139.311 139.146 139.141 139.087 139.791 139.844 139.912 139.834 139.746 139.729 139.961 139.828 139.835 139.817
5.89469 5.91088 5.92636 5.91021 5.90612 5.90545 5.92637 5.92007 5.93303 5.92405 5.91845 5.92835 5.92916 5.92427 5.92352 5.91958 5.92856 5.91402 5.91927 5.91988
7.59355 7.59772 7.61518 7.60352 7.59675 7.61883 7.64278 7.62431 7.6269 7.6161 7.63354 7.68077 7.6858 7.69422 7.66145 7.64117 7.75221 7.67885 7.66633 7.64117
4.53678 4.50806 4.51117 4.5128 4.52937 4.49765 4.51066 4.50583 4.50927 4.50745 4.57485 4.5749 4.56857 4.58805 4.57239 4.5754 4.57483 4.57445 4.57255 4.56579
4.74606 4.77254 4.74658 4.76783 4.75299 4.77952 4.7616 4.76635 4.77061 4.74882 4.71955 4.70125 4.69707 4.69782 4.72151 4.72071 4.6946 4.72166 4.71787 4.72409
4.52599 4.52227 4.52378 4.52014 4.52464 4.52265 4.52345 4.52465 4.52543 4.52182 4.53332 4.53402 4.53423 4.53382 4.52864 4.53241 4.53473 4.53335 4.5345 4.53273
8.06164 8.03647 8.07496 8.03653 8.06279 8.09887 8.11599 8.07795 8.105 8.06407 8.2477 8.28605 8.29133 8.33578 8.27841 8.29125 8.27486 8.22255 8.27923 8.25631
95.2744 95.4025 95.4634 95.373 95.3476 95.5885 95.6393 95.6651 95.5823 95.6579 95.8041 95.9423 95.9066 96.0409 95.8085 95.9558 95.9518 95.7921 95.8339 95.9787
139.487 139.364 139.397 139.324 139.409 139.291 139.148 139.216 139.075 139.314 140.584 140.544 140.545 140.53 140.644 140.587 140.565 140.627 140.608 140.59
5.46579 5.46216 5.46441 5.46741 5.46881 5.46787 5.47297 5.47479 5.47714 5.46915 5.44946 5.45122 5.4522 5.45737 5.45003 5.45355 5.44599 5.44921 5.44788 5.45268
4.29585 4.29261 4.31149 4.31516 4.30102 4.30753 4.29475 4.28 4.27453 4.30384 4.35676 4.35617 4.35616 4.35551 4.35282 4.35708 4.35727 4.35506 4.35665 4.35197
4.37485 4.37645 4.37815 4.37869 4.37981 4.37587 4.37571 4.37822 4.37318 4.37026 4.41151 4.4139 4.4154 4.41126 4.4119 4.4106 4.41257 4.41257 4.4148 4.41363
4.65344 4.67595 4.70151 4.66373 4.67668 4.68715 4.71228 4.69805 4.68642 4.6912 5.13909 5.13263 5.14225 5.153 5.18513 5.17692 5.14632 5.14232 5.18954 5.16592
7.3277 7.32789 7.33708 7.32101 7.3361 7.30818 7.29045 7.27371 7.24859 7.32631 7.53343 7.53263 7.53202 7.51627 7.54729 7.54144 7.52895 7.54484 7.54037 7.54862
97.0225 97.3274 97.0952 97.1538 96.8845 97.4461 96.1677 96.6415 97.1117 96.9937 96.8102 97.0169 96.9619 97.0606 96.8787 97.1265 96.9888 96.8793 96.8139 96.8993
141.066 141.036 140.97 140.971 140.921 140.987 140.72 140.712 140.698 140.956 140.546 140.619 140.565 140.592 140.66 140.617 140.642 140.59 140.591 140.541
5.50143 5.50216 5.50216 5.49841 5.50004 5.50237 5.44526 5.45837 5.46117 5.50297 5.47818 5.47703 5.47688 5.47978 5.47963 5.47873 5.47557 5.47743 5.47653 5.473
4.35809 4.35243 4.36452 4.35412 4.36043 4.361 4.39348 4.37577 4.37362 4.35024 4.38023 4.3796 4.38272 4.38143 4.37907 4.37609 4.37992 4.38154 4.3793 4.37928
4.44938 4.44869 4.4509 4.44905 4.45103 4.44918 4.40812 4.43846 4.42284 4.44492 4.48511 4.48816 4.48752 4.49338 4.4834 4.47866 4.48591 4.48642 4.48739 4.48371
4.30614 4.31348 4.31289 4.31187 4.31024 4.31332 4.29702 4.30362 4.30446 4.30794 4.34031 4.33834 4.33916 4.33661 4.33559 4.33785 4.33538 4.33677 4.33618 4.33436
5.22044 5.24482 5.25694 5.24954 5.2461 5.26532 5.23957 5.21523 5.25663 5.242 5.37848 5.3817 5.38798 5.38574 5.37584 5.39782 5.37621 5.38862 5.37501 5.38325
7.6403 7.62774 7.63506 7.63032 7.63524 7.62821 7.56374 7.52467 7.55064 7.63569 7.57886 7.58253 7.57725 7.5834 7.58222 7.58252 7.58312 7.57942 7.57625 7.57272
92.0698 92.052 92.0754 92.0937 92.0381 92.0752 91.9321 91.8918 91.969 92.068 91.9978 92.0149 91.8997 92.0134 91.9503 92.017 91.9447 91.932 91.9139 91.8844
152.641 152.628 152.598 152.621 152.578 152.689 152.497 152.541 152.556 152.597 153.427 153.386 153.429 153.389 153.391 153.388 153.439 153.418 153.409 153.454
75.7211 75.7127 75.6961 75.7107 75.7376 75.7264 75.728 75.7519 75.6959 75.7107 75.8815 75.777 75.8744 75.7778 75.8193 75.8088 75.8298 75.8386 75.8526 75.8878
137.978 138.38 138.119 138.389 138.003 138.279 138.603 138.519 138.87 138.445 139.228 139.375 139.335 139.385 139.373 139.437 139.382 139.388 139.313 139.201
5.88884 5.88823 5.89501 5.89349 5.89244 5.90155 5.87182 5.87786 5.87295 5.89318 5.88231 5.86529 5.87071 5.86933 5.85882 5.87017 5.86699 5.87346 5.86639 5.8671
6.72579 6.72746 6.73159 6.68626 6.72507 6.74111 6.74664 6.76537 6.70659 6.68229 7.29301 7.27158 7.32794 7.28287 7.29298 7.29631 7.3089 7.31336 7.33078 7.32337
4.60359 4.60454 4.60804 4.61028 4.60637 4.61438 4.6061 4.59523 4.59565 4.61307 4.5315 4.56949 4.54764 4.55665 4.58313 4.54996 4.56866 4.53635 4.55676 4.53881
4.6463 4.64287 4.63804 4.63824 4.64306 4.64613 4.65482 4.64363 4.64006 4.63271 4.64169 4.64546 4.63914 4.64548 4.64215 4.6384 4.64895 4.63752 4.64343 4.636
4.47637 4.47746 4.47153 4.47343 4.47157 4.47438 4.45329 4.45094 4.4551 4.47186 4.46076 4.46551 4.46091 4.46492 4.46068 4.46288 4.46203 4.46294 4.46208 4.45908
7.78054 7.79056 7.73729 7.81888 7.7351 7.78609 8.07358 7.97913 8.0355 7.82417 8.01275 7.98988 8.01218 7.9869 8.01442 8.0241 8.02011 8.01785 8.01452 8.01885
138.527 138.546 138.537 138.544 138.493 138.628 138.791 138.831 138.747 138.521 139.446 139.434 139.342 139.472 139.26 139.477 139.354 139.431 139.315 139.318
5.76199 5.77066 5.7675 5.7622 5.77115 5.76042 5.79403 5.78613 5.78908 5.76072 5.7829 5.77058 5.77091 5.77636 5.76576 5.76651 5.7755 5.78139 5.77338 5.77747
7.17905 7.19246 7.06844 7.12625 7.16335 7.09058 7.12206 7.08428 7.12089 7.06152 7.28975 7.21366 7.3031 7.26326 7.20549 7.31689 7.27063 7.309 7.31702 7.29254
4.66941 4.68611 4.68033 4.6829 4.67801 4.67995 4.70386 4.70881 4.69353 4.67684 4.5535 4.55159 4.5401 4.5527 4.55721 4.54443 4.55142 4.54871 4.54705 4.53824
7.59424 7.58726 7.57628 7.58933 7.5686 7.59164 7.60158 7.6059 7.61358 7.58971 7.83156 7.83734 7.80778 7.84259 7.79231 7.86265 7.79433 7.83429 7.7969 7.80321
93.8806 93.8538 93.8518 93.9543 93.8373 93.8854 93.9162 93.9004 93.9084 93.9615 93.6718 93.7198 93.7125 93.6956 93.747 93.7283 93.6864 93.6965 93.7034 93.7014
74.4663 74.5173 74.6659 74.4553 74.4968 74.5915 74.5551 74.5909 74.5139 74.3347 74.8013 74.7076 74.6822 74.742 74.6772 74.7387 74.7308 74.6614 74.6942 74.6571
102.467 102.457 102.439 102.396 102.459 102.491 102.46 102.529 102.535 102.619 103.16 103.11 103.23 103.143 103.222 103.136 103.085 103.197 103.187 103.225
139.552 139.563 139.488 139.477 139.547 139.552 139.548 139.526 139.607 139.532 140.533 140.529 140.49 140.504 140.476 140.528 140.564 140.542 140.527 140.53
5.36314 5.36371 5.37521 5.36666 5.36646 5.37359 5.371 5.3752 5.37004 5.36551 5.34562 5.33677 5.34082 5.34107 5.33533 5.33981 5.34094 5.34302 5.33746 5.33683
4.36472 4.3639 4.37457 4.36536 4.36793 4.37585 4.37517 4.37064 4.37687 4.37091 4.39269 4.39239 4.39346 4.39496 4.39355 4.39445 4.38944 4.39645 4.39156 4.38489
13.1955 13.1809 13.6133 13.2647 13.2803 13.4042 13.5361 13.1876 13.2443 13.3407 13.0821 13.1197 13.0415 13.063 13.0625 13.1012 13.2259 13.0306 13.0665 13.0617
4.36744 4.37363 4.37601 4.372 4.37018 4.36828 4.37784 4.38323 4.37307 4.36388 4.3996 4.39369 4.39811 4.39935 4.39468 4.39633 4.39226 4.39757 4.39716 4.3975
4.58954 4.60832 4.59286 4.58871 4.59503 4.59009 4.62862 4.65699 4.65585 4.6141 5.06279 5.04258 5.07664 5.04322 5.07909 5.0412 5.05998 5.07482 5.08375 5.10675
7.16959 7.19571 7.18422 7.17535 7.18449 7.17039 7.2116 7.22852 7.21355 7.20162 7.40402 7.3993 7.43828 7.41245 7.42151 7.42632 7.40413 7.42341 7.42095 7.4379
93.2137 93.1553 93.1443 93.2364 93.1922 93.2239 93.1906 93.1435 93.1537 93.3782 92.8191 92.8444 92.8746 92.8348 92.8615 92.8253 92.8379 92.8316 92.8317 92.8721
75.5514 75.6127 75.5369 75.5805 75.5393 75.5475 75.6074 75.6005 75.5308 75.5955 75.5952 75.6354 75.584 75.6625 75.6324 75.6798 75.6047 75.6798 75.595 75.5325
103.102 103.064 103.136 103.019 103.082 103.156 103.142 103.144 103.105 103.23 103.388 103.332 103.356 103.457 103.347 103.165 103.24 103.306 103.242 103.334
141.866 141.76 141.822 141.8 141.776 141.876 141.859 141.767 141.991 141.811 141.989 141.98 141.914 141.991 141.96 141.947 141.997 141.939 141.958 142.004
5.45759 5.45437 5.4624 5.46185 5.46076 5.46913 5.46377 5.46282 5.44907 5.46539 5.46072 5.45746 5.44985 5.46001 5.45355 5.45935 5.45577 5.45454 5.45176 5.44767
4.45143 4.43671 4.45037 4.44324 4.44763 4.45203 4.44738 4.4361 4.52517 4.45133 4.47622 4.46964 4.48581 4.44476 4.46967 4.46451 4.47752 4.47478 4.47987 4.48354
12.3781 12.3696 12.3968 12.4566 12.3946 12.4649 12.3895 12.2761 12.218 12.3855 12.6836 12.7016 12.6031 12.7767 12.6884 12.862 12.6617 12.6896 12.6889 12.624
4.50568 4.51436 4.50757 4.51192 4.5111 4.50551 4.51046 4.51333 4.50897 4.50882 4.55058 4.54679 4.55204 4.55319 4.55054 4.55043 4.54535 4.55192 4.55015 4.5423
5.42423 5.4294 5.45511 5.40396 5.4353 5.45738 5.44809 5.45732 5.43342 5.46112 5.49834 5.49363 5.50889 5.50846 5.49802 5.48063 5.48824 5.50311 5.49428 5.48968
7.87429 7.88406 7.89559 7.8745 7.88535 7.8886 7.89882 7.90145 7.88561 7.87998 7.89256 7.88467 7.89761 7.90205 7.88906 7.8804 7.88038 7.89288 7.89264 7.89012
92.1112 91.9881 92.2134 92.1307 92.1313 92.1691 92.0485 91.9846 92.2332 92.0982 92.0173 91.9199 91.9536 91.884 91.9241 91.896 91.9958 91.9307 91.9455 92.0044
152.652 152.375 152.353 152.37 152.483 152.391 152.366 152.443 152.392 153.241 152.93 152.736 152.664 152.941 152.844 152.772 152.659 152.688 152.773 152.86
75.8648 75.8248 75.8571 75.8743 75.8321 75.8331 75.8331 75.832 75.7941 75.9332 75.6725 75.6809 75.6707 75.7167 75.7008 75.66 75.6937 75.7063 75.6869 75.6642
138.766 138.794 138.504 138.636 138.591 138.497 138.49 138.723 138.005 138.892 139.358 139.632 139.417 139.671 139.592 139.707 139.619 139.623 139.6 139.483
5.92812 5.91852 5.92254 5.91944 5.91576 5.92862 5.92999 5.92287 5.91103 5.95856 5.93641 5.9465 5.93794 5.94324 5.95541 5.95015 5.93322 5.94808 5.94272 5.93301
6.73267 6.63755 6.46295 6.50002 6.57351 6.59515 6.68421 6.51855 6.48233 7.00357 7.14741 7.14062 7.0726 7.16058 7.19008 7.12433 7.0936 7.16029 7.1116 7.1039
4.61992 4.61064 4.62681 4.61138 4.62086 4.6293 4.61101 4.58902 4.65089 4.59268 4.68713 4.68222 4.68386 4.6714 4.68888 4.68244 4.69191 4.68546 4.67727 4.69233
4.66423 4.64781 4.67498 4.65412 4.64682 4.66636 4.65709 4.64223 4.66653 4.65318 4.66351 4.65929 4.65618 4.65241 4.66197 4.64929 4.66514 4.65703 4.66386 4.66633
7.9458 7.94869 7.94416 7.94123 7.92615 7.93666 7.94397 7.93843 7.88166 7.93834 8.02194 8.04178 8.03279 8.04879 8.03291 8.05935 8.04664 8.0591 8.04314 8.01297
136.359 136.048 136.761 136.335 136.153 136.503 136.214 136.078 136.401 136.762 136.6 136.358 136.33 136.522 136.507 136.183 136.461 136.429 136.507 136.48
12.1186 12.1421 12.3241 11.9466 12.168 12.257 12.2942 12.4122 12.1967 11.9525 12.4358 12.4972 12.4452 12.4439 12.667 12.5884 12.5384 12.5786 12.5858 12.4164
5.56337 5.56914 5.55524 5.57301 5.55423 5.55117 5.54965 5.57576 5.52909 5.55255 5.5671 5.5717 5.57147 5.57721 5.56311 5.57225 5.57431 5.58028 5.58179 5.56455
4.68154 4.68077 4.57038 4.70764 4.67847 4.61348 4.65453 4.66783 4.67591 4.67396 4.66688 4.67787 4.66958 4.68099 4.66849 4.68365 4.67036 4.67502 4.68478 4.68391
4.54829 4.54195 4.59071 4.55195 4.54771 4.57151 4.54041 4.54866 4.54069 4.55145 4.57789 4.56485 4.56895 4.57877 4.57161 4.56296 4.57453 4.57697 4.57349 4.56938
4.50009 4.49794 4.48283 4.50458 4.49913 4.48211 4.49604 4.5067 4.4926 4.50208 4.51077 4.51253 4.51278 4.51501 4.51181 4.51497 4.51198 4.51326 4.51394 4.5153
7.16763 7.13149 7.16756 7.13981 7.1125 7.14054 7.1325 7.1663 7.22831 7.14447 7.22924 7.21952 7.21834 7.26538 7.20673 7.21494 7.21371 7.2019 7.23884 7.23742
137.578 137.506 137.689 137.439 137.352 137.679 137.473 137.305 137.533 137.377 137.35 137.315 137.147 137.269 137.126 137.118 137.308 137.38 137.425 137.247
13.3138 13.2181 12.8427 13.1676 13.0693 13.0589 13.2779 13.3837 13.1618 13.2332 12.783 12.7131 12.7716 12.7228 12.8317 12.742 12.8133 12.8164 12.7991 12.6697
5.65268 5.6287 5.61103 5.66539 5.61885 5.61606 5.61367 5.60327 5.62156 5.61994 5.62225 5.62223 5.61512 5.61569 5.61593 5.61919 5.62297 5.62971 5.62223 5.61604
4.52838 4.52181 4.49196 4.51336 4.51369 4.51512 4.53289 4.51421 4.51714 4.51852 4.49109 4.48207 4.48104 4.48875 4.47935 4.48439 4.496 4.48488 4.493 4.49144
7.34202 7.34327 7.3285 7.31537 7.31607 7.33886 7.32976 7.36727 7.35161 7.34865 7.37732 7.40104 7.40218 7.3735 7.4131 7.39535 7.39993 7.39914 7.40651 7.36892
93.5986 93.5718 93.5897 93.6253 93.5309 93.5092 93.8426 93.6587 93.4908 93.5059 93.3743 93.3465 93.3611 93.3065 93.3703 93.3542 93.3815 93.3156 93.3304 93.3741
74.4344 74.4247 74.4746 74.4717 74.4766 74.5302 74.4333 74.4054 74.4493 74.6418 74.463 74.4746 74.4468 74.5206 74.4238 74.422 74.4176 74.5024 74.4731 74.4235
74.3627 74.3259 74.5387 74.4391 74.4631 74.4643 73.2393 74.5404 74.3068 74.3746 74.5059 74.5543 74.4585 74.6133 74.4413 74.5167 74.4189 74.6346 74.5544 74.5526
83.3191 83.344 83.4712 83.2243 83.2793 83.3705 83.1189 83.4764 83.283 83.2516 83.4503 83.4504 83.3941 83.4895 83.436 83.4722 83.4084 83.4902 83.4749 83.5211
65.3416 65.347 65.4037 65.2308 65.2985 65.3744 65.1613 65.5267 65.2381 65.2906 65.2995 65.267 65.2745 65.284 65.2766 65.2645 65.2786 65.2721 65.3552 65.305
141.662 141.632 141.384 141.693 141.603 141.744 141.477 141.375 141.644 141.468 141.981 141.992 142.015 142.021 142.044 141.995 141.863 141.984 141.986 141.957
5.49784 5.56959 5.57145 5.47909 5.48569 5.52474 5.39198 5.55616 5.50295 5.52548 5.56185 5.55965 5.55185 5.56387 5.55894 5.55753 5.55218 5.55903 5.53441 5.55969
4.43971 4.37993 4.38037 4.42525 4.4175 4.42506 4.40831 4.41793 4.43129 4.41024 4.38533 4.38848 4.39368 4.37654 4.39375 4.38705 4.40318 4.38196 4.39377 4.39266
13.7477 13.6908 13.4672 13.6072 13.7163 13.7285 13.6214 13.5217 13.5464 13.6318 13.8106 13.5838 13.6177 13.6586 13.7038 13.7191 13.7301 13.6392 13.8064 13.5119
4.47738 4.46486 4.46005 4.48334 4.45657 4.47064 4.497 4.45559 4.46188 4.46272 4.45205 4.45143 4.45244 4.44981 4.45137 4.45298 4.45384 4.44878 4.44837 4.45317
4.39961 4.39221 4.3819 4.40008 4.38438 4.38867 4.39586 4.38478 4.39287 4.39095 4.41671 4.41835 4.41799 4.41342 4.41495 4.41406 4.41719 4.41662 4.41055 4.41585
4.97383 4.99619 4.84878 4.92974 4.88515 4.87979 4.91427 4.8661 4.9272 4.83793 5.19697 5.25304 5.21634 5.23551 5.24252 5.23625 5.1133 5.23154 5.20009 5.18614
4.49281 4.46887 4.43773 4.56637 4.46811 4.39992 4.46673 4.39898 4.46726 4.50119 4.37289 4.37427 4.3658 4.38082 4.37135 4.38061 4.36685 4.38004 4.3792 4.37543
4.41861 4.41211 4.39712 4.48608 4.40054 4.40118 4.43746 4.36933 4.39188 4.42024 4.34736 4.34609 4.34402 4.34502 4.34961 4.35432 4.33825 4.33899 4.34744 4.34365
7.72199 7.73013 7.7391 7.74819 7.7543 7.73983 7.78205 7.70738 7.74067 7.75471 7.73885 7.73444 7.74177 7.74722 7.74457 7.73336 7.71993 7.73334 7.7334 7.73375
93.2589 93.2087 93.2963 93.3332 93.5334 93.1938 93.4624 93.6785 93.0438 93.4335 92.9381 93.3394 93.3523 92.9859 92.9803 92.9786 93.3561 93.3375 92.8554 92.9647
76.182 76.0603 76.0644 76.1778 75.704 75.569 75.7874 75.5906 76.2054 75.5961 76.0693 75.5112 75.4779 76.0533 76.0371 76.026 75.5045 75.5583 76.0784 76.0333
73.7656 74.487 74.4317 73.7513 73.4658 74.6772 73.9688 74.2383 74.0495 74.4373 74.5895 74.5226 74.5185 74.5868 74.5477 74.6215 74.4653 74.5015 74.5606 74.5218
83.8024 84.8432 85.1617 83.7512 83.7107 83.9733 83.6757 85.3547 83.7394 83.8661 85.1795 84.7211 84.629 85.1909 85.1211 85.2381 84.7088 84.7122 84.9299 85.0528
103.472 103.661 103.595 103.543 103.424 103.754 103.859 103.356 103.35 103.655 103.982 103.968 103.931 104.075 103.931 104.008 103.831 104.001 104.043 103.914
143.227 142.973 142.974 143.116 142.913 143.284 142.962 143.092 143.061 143.236 143.098 143.061 143.091 143.058 143.113 143.082 143.083 143.026 143.09 143.054
5.66053 5.6745 5.64433 5.6597 5.54982 5.57452 5.56272 5.55069 5.57211 5.5359 5.6778 5.60865 5.611 5.68785 5.68321 5.6882 5.59772 5.61106 5.6542 5.68128
4.23188 4.25911 4.23987 4.23723 4.29989 4.32988 4.26471 4.27817 4.27412 4.32358 4.27572 4.30805 4.31102 4.2745 4.27753 4.27853 4.30441 4.30331 4.27984 4.27475
4.44678 4.41772 4.42772 4.45683 4.43394 4.40308 4.4068 4.41756 4.42957 4.40014 4.45032 4.39693 4.39694 4.45038 4.44691 4.4493 4.3988 4.39924 4.44246 4.44409
4.24837 4.24034 4.20676 4.25534 4.37882 4.35882 4.20552 4.12831 4.34971 4.48539 4.2979 4.32349 4.33861 4.29704 4.32277 4.31039 4.32497 4.3074 4.26091 4.25689
5.64273 5.6147 5.62208 5.60263 5.56346 5.64935 5.57868 5.63584 5.59731 5.61823 5.66124 5.6581 5.66565 5.65224 5.67018 5.66204 5.66094 5.63754 5.64979 5.66091
7.93717 7.92751 7.9486 7.91242 7.93024 7.91036 7.89272 7.9572 7.92704 7.9371 7.92151 7.91309 7.91898 7.91139 7.92206 7.91422 7.92656 7.90646 7.90689 7.92043
99.3096 99.6645 99.1971 99.5106 100.493 100.337 98.6394 98.2073 101.513 101.359 100.218 99.7433 99.8577 100.297 100.255 100.268 99.8558 99.6594 100.249 99.7868
142.91 143.301 143.59 143.033 142.759 143.275 142.758 143.571 142.405 142.325 143.785 143.383 143.335 143.774 143.739 143.845 143.473 143.364 143.541 143.288
5.41061 5.11654 5.16599 5.44446 5.61792 5.37121 5.4617 5.06542 5.74218 5.58267 5.58401 5.60194 5.61029 5.53692 5.62592 5.6166 5.68857 5.58765 5.60749 5.57126
5.68291 5.82706 5.79129 5.66193 5.60589 5.69177 5.6814 5.71831 5.62964 5.59216 5.82245 5.7594 5.76406 5.81471 5.84114 5.83591 5.77134 5.73784 5.78413 5.7946
7.58745 7.72985 7.76191 7.52799 7.72658 7.76778 7.63475 7.76422 7.62789 7.70133 7.79749 7.79247 7.79575 7.80522 7.81372 7.8122 7.81037 7.78824 7.78794 7.77804
151.468 148.196 148.229 150.514 150.116 148.03 150.282 147.075 147.792 148.279 151.652 151.633 151.537 151.487 151.466 151.484 151.589 151.652 151.634 151.619
5.84381 5.99345 5.93275 5.85375 5.82784 5.89086 5.80778 5.91385 5.81799 5.82412 5.73221 5.77268 5.74416 5.77464 5.74831 5.76879 5.72594 5.76949 5.6963 5.74357
7.90185 7.43726 7.12755 7.67134 7.51666 7.13607 7.74066 7.60007 7.41224 7.43221 7.91424 7.88182 7.87551 7.8409 7.90295 7.85618 7.86453 7.84323 7.89412 7.87279
8.09159 8.03211 7.99546 8.02255 7.9148 7.95784 8.12118 8.09309 7.83858 7.93462 7.96103 8.02168 7.98307 7.98022 7.93807 7.99854 8.02305 8.00206 7.89386 7.95499
140.676 139.651 138.867 139.837 139.978 139.159 140.103 140.336 139.743 139.825 140.663 140.415 140.497 140.358 140.32 140.483 140.809 140.485 140.568 140.311
5.8562 5.88926 5.88636 5.87055 5.84424 5.89222 5.87277 5.85283 5.84376 5.84133 5.83699 5.84868 5.84188 5.85721 5.85101 5.83547 5.80886 5.85111 5.82904 5.83641
7.91429 7.44402 7.34386 7.71485 7.89624 7.58572 7.7059 7.76918 7.92201 7.86518 7.8473 7.77427 7.74904 7.88547 7.73305 7.73376 7.5683 7.77048 7.79954 7.79606
8.35019 8.40516 8.14586 8.2186 8.30053 8.25167 8.34354 8.51349 8.38964 8.46388 8.24839 8.2017 8.22817 8.20009 8.21944 8.22432 8.27599 8.21422 8.2616 8.18131
155.083 155.446 155.267 155.31 155.24 155.216 155.152 155.425 155.089 155.451 155.067 155.047 155.09 155.047 155.06 155.13 155.071 155.022 155.032 155.016
136.676 136.872 136.512 136.85 137.425 136.501 136.525 137.694 137.158 136.648 138.196 138.072 138.101 138.295 137.758 138.165 138.158 138.049 137.95 137.919
8.59996 8.74775 8.5646 8.90175 8.61689 8.52616 8.55299 8.40424 8.59489 8.55688 8.2762 8.30535 8.29504 8.29777 8.3039 8.34272 8.28239 8.30186 8.34048 8.26841
7.8386 7.61485 7.69364 7.7545 7.77939 7.67854 7.81322 7.78401 7.83107 7.84284 7.90095 7.87662 7.89042 7.97926 7.93544 8.0267 7.84828 7.8849 7.84487 7.91037
92.255 92.0948 92.0804 92.2143 92.1879 92.2046 92.0598 92.0226 92.3205 91.9876 92.0965 92.1468 92.1193 92.0168 92.0154 92.3496 92.1394 92.1491 92.0591 92.1347
75.6161 75.7533 75.8542 75.6528 75.712 75.8823 75.8303 75.5922 74.2665 75.5837 76.0554 76.0541 76.0442 76.0539 76.081 76.1242 76.0467 76.0756 76.0527 76.0613
103.898 103.328 104.112 103.556 103.93 104.292 104.28 104.028 104.951 104.335 104.847 104.938 104.874 105.021 105.16 104.897 105.062 105.085 104.917 104.865
5.6138 5.65815 5.64284 5.63515 5.61487 5.63851 5.64022 5.63538 5.53376 5.7071 5.55453 5.55634 5.56462 5.57242 5.5385 5.54922 5.56064 5.56538 5.55742 5.55375
4.64935 4.63485 4.55428 4.63281 4.64616 4.58764 4.55925 4.68327 4.58654 4.45981 4.47681 4.48574 4.49135 4.48931 4.48563 4.48852 4.48048 4.48385 4.49462 4.50432
12.797 12.7568 13.0269 13.1562 13.1326 12.6962 12.6208 12.5596 12.8916 11.6933 13.2565 13.3145 13.1464 13.3646 13.1709 13.6223 13.2464 13.0574 13.1619 13.389
4.36718 4.41218 4.45103 4.37633 4.36875 4.40407 4.44598 4.4022 4.52004 4.42787 4.44849 4.45628 4.44893 4.44943 4.49529 4.46776 4.4555 4.45569 4.44612 4.45444
5.00977 5.12601 5.01327 4.97769 5.03748 5.03876 5.01389 5.19728 5.13826 4.95097 5.35199 5.31585 5.32682 5.35171 5.33526 5.27369 5.32009 5.32684 5.33027 5.31135
7.58223 7.60979 7.56758 7.59378 7.59132 7.55555 7.55639 7.60647 7.66505 7.51253 7.61873 7.60745 7.61082 7.61359 7.61898 7.58844 7.61072 7.60596 7.60818 7.60284
92.5561 92.4564 92.4939 92.5203 92.5164 92.3985 92.4976 92.6898 92.571 92.9736 92.0208 92.0895 92.0862 92.0988 92.0027 92.0694 92.075 92.056 92.0729 92.0794
150.513 150.43 150.694 150.58 150.639 150.999 150.674 150.686 150.791 151.334 151.883 151.854 151.939 152.04 152.014 152.124 151.924 151.929 151.893 151.853
139.301 139.364 138.898 139.265 139.417 139.129 138.909 138.818 138.765 139.015 140.849 140.67 140.593 140.805 140.784 140.524 140.747 140.731 140.784 140.811
5.92601 5.93219 5.92061 5.92766 5.91749 5.94251 5.9164 5.91879 5.90035 5.95088 5.89919 5.89775 5.90113 5.89388 5.90061 5.90279 5.90345 5.89944 5.90318 5.90429
5.5933 5.56561 5.52384 5.57293 5.5636 5.61894 5.62097 5.60929 5.54059 5.97373 6.44844 6.49403 6.46928 6.54221 6.54775 6.60868 6.52991 6.54009 6.51524 6.45972
4.55319 4.54091 4.56503 4.54935 4.55764 4.53841 4.56918 4.56962 4.55775 4.52913 4.60768 4.61551 4.60817 4.61306 4.60802 4.61454 4.61477 4.61052 4.61038 4.59773
8.43833 8.41683 8.30524 8.44081 8.46819 8.32064 8.32089 8.46213 8.40433 8.46169 8.32957 8.30637 8.30203 8.32454 8.30205 8.25656 8.31824 8.30261 8.31265 8.2714
91.9754 91.9055 91.9654 91.9189 91.9578 91.8707 92.026 91.9792 92.0152 91.9555 91.7616 91.8205 91.7991 91.7963 91.7749 91.7963 91.8023 91.7989 91.7918 91.7859
151.186 151.267 151.346 151.148 151.125 151.213 151.41 151.498 151.554 151.126 152.288 152.201 152.14 152.207 152.095 152.172 152.237 152.234 152.187 152.136
76.7541 76.7933 76.754 76.7076 76.7496 76.7681 76.6915 76.6132 76.6318 76.7014 76.549 76.5296 76.5428 76.5407 76.5501 76.573 76.527 76.568 76.5292 76.5324
135.488 135.502 135.62 135.69 135.601 136.109 135.41 135.516 135.623 136.163 137.245 137.214 137.284 137.366 137.379 137.384 137.226 137.178 137.176 137.308
5.86854 5.87202 5.87426 5.87944 5.8681 5.88443 5.86678 5.87248 5.88137 5.86657 5.88576 5.8924 5.89047 5.89594 5.90065 5.88646 5.89303 5.88939 5.89177 5.89531
7.00337 7.03844 7.06123 7.06517 7.03363 7.03678 7.08378 7.1323 7.13222 7.02918 7.18915 7.13926 7.14004 7.17464 7.12905 7.15582 7.16797 7.17888 7.16627 7.13459
4.40842 4.39381 4.35776 4.46441 4.4301 4.40448 4.3462 4.47958 4.465 4.40166 4.4402 4.4383 4.44536 4.46169 4.44737 4.41495 4.44547 4.44626 4.43761 4.45892
4.76158 4.77435 4.76968 4.77797 4.77916 4.76586 4.76831 4.7843 4.77179 4.77976 4.77589 4.77506 4.7731 4.77741 4.77479 4.77473 4.77338 4.77799 4.77253 4.77309
4.47464 4.47958 4.48208 4.47985 4.47671 4.47958 4.48235 4.48525 4.48572 4.48389 4.49414 4.49668 4.49666 4.49681 4.49528 4.4969 4.49706 4.49632 4.49492 4.49599
7.08453 7.08169 7.09491 7.12656 7.10825 7.18269 7.05783 7.1005 7.14213 7.20807 7.38159 7.35894 7.36737 7.40881 7.38931 7.41214 7.37183 7.37103 7.37386 7.38605
136.785 136.826 136.764 136.626 136.708 136.722 137.016 136.847 137.087 136.69 137.451 137.37 137.359 137.354 137.216 137.439 137.371 137.4 137.367 137.338
12.8841 12.8338 12.9656 12.8576 12.8874 12.832 12.912 12.901 12.8858 12.8642 12.6786 12.7352 12.7235 12.6939 12.6885 12.6999 12.7221 12.717 12.711 12.6965
5.64815 5.64804 5.65183 5.64755 5.64528 5.65236 5.62898 5.63552 5.62014 5.64785 5.66972 5.66817 5.66557 5.66707 5.6696 5.65907 5.66712 5.66725 5.66442 5.66221
4.50077 4.51029 4.50381 4.5186 4.50628 4.5108 4.4851 4.49549 4.49137 4.50886 4.51586 4.51399 4.50526 4.5144 4.51611 4.50424 4.51601 4.51381 4.51032 4.50569
5.09595 4.95396 5.26698 4.93332 5.04384 5.05891 5.29357 5.03757 5.02016 5.15583 5.13492 5.18144 5.22905 5.1983 5.07029 5.32825 5.17736 5.20742 5.14684 5.18727
4.42114 4.42418 4.41448 4.42594 4.42408 4.42369 4.41451 4.42325 4.4228 4.41855 4.43427 4.43429 4.43136 4.43441 4.43835 4.42581 4.43473 4.43241 4.4365 4.43156
4.56988 4.56717 4.5869 4.55473 4.57843 4.55132 4.57901 4.53179 4.53048 4.53794 4.53579 4.52029 4.51746 4.52964 4.53371 4.53999 4.52321 4.539 4.53852 4.51771
7.82453 7.82797 7.80631 7.81769 7.80424 7.82334 7.88389 7.86167 7.89793 7.85463 7.80171 7.79463 7.7997 7.79495 7.78564 7.80197 7.79852 7.79867 7.79591 7.80044
93.3979 93.454 93.444 93.5262 93.4623 93.4807 93.9684 93.7712 93.8946 93.5502 93.4715 93.496 93.4931 93.4924 93.5222 93.4688 93.5462 93.4826 93.4866 93.4814
75.2977 75.255 75.3756 75.2544 75.3332 75.3177 75.3687 75.3681 75.2997 75.3183 75.3319 75.2374 75.3312 75.2382 75.308 75.2283 75.3173 75.3219 75.3075 75.3193
102.222 102.183 102.242 102.135 102.193 102.243 102.407 102.463 102.416 102.243 102.579 102.638 102.622 102.559 102.58 102.612 102.572 102.528 102.532 102.568
140.664 140.562 140.587 140.491 140.534 140.587 140.073 140.323 140.145 140.537 140.539 140.536 140.592 140.536 140.501 140.616 140.527 140.569 140.554 140.56
5.52793 5.53763 5.52032 5.53453 5.52604 5.53025 5.4877 5.50731 5.50593 5.52174 5.49051 5.49016 5.48157 5.48406 5.48853 5.48526 5.48628 5.48273 5.48767 5.48249
4.47058 4.484 4.47532 4.49401 4.48481 4.47479 4.51405 4.50266 4.50559 4.47816 4.48793 4.5123 4.48555 4.49543 4.49448 4.51136 4.48619 4.47618 4.48546 4.48555
13.2057 13.2304 13.1894 13.1689 13.1694 13.3155 12.8757 12.6655 12.6676 13.2174 13.2219 13.191 13.2472 13.2446 13.2382 13.2005 13.255 13.2578 13.2712 13.2298
4.51826 4.51646 4.52141 4.51706 4.52429 4.51928 4.51986 4.51538 4.5156 4.51741 4.55032 4.55165 4.55368 4.55259 4.56001 4.54699 4.55289 4.55511 4.55241 4.55193
5.10094 5.09618 5.09283 5.08723 5.08761 5.12118 5.04696 5.07964 5.05802 5.10209 5.12775 5.15858 5.1731 5.14237 5.15016 5.1467 5.13913 5.12665 5.11616 5.13451
7.69115 7.67451 7.69676 7.66788 7.6799 7.6861 7.67487 7.66867 7.66352 7.68471 7.67539 7.68316 7.70151 7.68354 7.68058 7.69715 7.67851 7.68463 7.67922 7.68678
136.803 136.75 136.723 136.6 136.705 136.901 136.803 136.884 136.706 136.747 137.237 137.022 137.288 137.129 137.215 137.118 137.254 137.293 137.324 137.292
11.676 11.6392 11.5601 11.5806 11.6314 11.5458 11.4748 11.522 11.344 11.6007 11.3484 11.5283 11.3818 11.4768 11.3748 11.5183 11.3322 11.3437 11.4117 11.3738
5.67951 5.68187 5.67872 5.68237 5.68281 5.67184 5.71791 5.71051 5.70129 5.66574 5.67336 5.6641 5.67925 5.66301 5.67476 5.66358 5.68072 5.67702 5.67941 5.67851
4.74573 4.70914 4.72698 4.71238 4.72878 4.74573 4.74553 4.71391 4.71466 4.70302 4.71799 4.71481 4.71264 4.71747 4.72015 4.71521 4.70504 4.69909 4.71111 4.71175
4.52779 4.52932 4.52952 4.52824 4.5333 4.52868 4.52768 4.52522 4.52026 4.52668 4.53661 4.53955 4.53533 4.53759 4.53744 4.53737 4.53744 4.53801 4.53635 4.54071
7.59657 7.59394 7.59422 7.59137 7.59299 7.60742 7.65243 7.63036 7.62786 7.59499 7.71558 7.71126 7.74543 7.72445 7.73522 7.72611 7.72982 7.75567 7.7347 7.74153
137.156 137.3 137.336 137.298 137.302 137.103 137.295 137.292 137.27 137.335 136.828 136.529 136.629 136.498 136.717 136.705 136.643 136.619 136.721 136.609
12.9541 12.9858 12.841 12.8156 12.7437 12.9752 12.7065 12.5314 12.7202 12.7823 12.2911 12.3226 12.3652 12.3927 12.278 12.2599 12.2675 12.3062 12.2665 12.2785
5.6409 5.64609 5.65537 5.65044 5.66006 5.62649 5.66374 5.66502 5.6637 5.64747 5.65524 5.64837 5.65187 5.64702 5.65903 5.65154 5.65153 5.65271 5.65555 5.6515
4.70069 4.68187 4.68617 4.6822 4.68532 4.69609 4.67886 4.6738 4.65426 4.67444 4.5435 4.54214 4.53531 4.53528 4.53873 4.54086 4.5327 4.53498 4.5391 4.53432
4.59295 4.60324 4.5992 4.59907 4.60242 4.59523 4.59569 4.59492 4.59002 4.59301 4.54565 4.53358 4.54398 4.54399 4.54261 4.53952 4.5374 4.53491 4.53771 4.54282
7.22686 7.25154 7.24708 7.25165 7.23479 7.23591 7.24875 7.25685 7.28595 7.27041 7.37307 7.34401 7.36876 7.36553 7.35238 7.32949 7.3524 7.36373 7.33587 7.36623
102.095 102.014 101.992 101.978 101.969 102.222 102.177 102.222 102.353 102.144 103.332 103.248 103.268 103.355 103.188 103.465 103.145 103.288 103.338 103.426
141.107 141.153 141.133 141.133 141.094 141.225 141.11 141.171 141.269 141.205 141.744 141.641 141.693 141.622 141.594 141.719 141.569 141.635 141.73 141.719
5.61636 5.6236 5.61906 5.62145 5.6213 5.62007 5.62366 5.631 5.63577 5.62363 5.62116 5.60576 5.61255 5.60988 5.60957 5.6175 5.59885 5.60646 5.6158 5.61119
4.24022 4.24712 4.24602 4.24572 4.24379 4.2452 4.2331 4.23815 4.24585 4.24413 4.21837 4.21571 4.21743 4.2141 4.21285 4.2212 4.21013 4.21697 4.21505 4.22029
4.94635 4.95674 4.94153 4.93584 4.95864 4.9585 4.9669 4.9554 4.96667 4.94998 4.9912 5.01183 5.01942 5.0941 4.91234 5.11136 5.01013 5.06977 5.04685 5.04914
7.66488 7.66317 7.66981 7.65919 7.65037 7.69295 7.63009 7.62693 7.66866 7.66823 7.69377 7.71614 7.70934 7.69135 7.68719 7.70256 7.71925 7.71281 7.69819 7.70907
